1.32	1.625	0.06778
1.809	-2.582	0.1595
1.834	-1.788	0.2271
2.085	-1.473	0.2422
1.856	-0.06605	0.2245
1.586	0.6306	0.1898
2.313	-0.221	0.1882
1.96	2.629	0.3693
2.06	0.1027	0.2028
1.906	-0.422	0.1746
1.186	-1.82	-0.04392
1.954	0.5498	0.2645
1.86	-4.393	0.2164
2.011	-2.515	0.2611
2.001	-5.12	0.1759
1.873	-1.044	0.2401
1.74	-2.224	0.1539
1.574	-0.04035	0.1102
1.916	1.886	0.1424
1.559	0.1621	0.2428
1.171	0.3994	-0.04594
1.694	-0.0024	0.2746
1.57	1.035	0.2108
1.865	0.4765	0.2267
1.741	-0.1312	0.2246
1.973	-2.534	0.1832
2.058	2.083	0.2035
2.324	2.713	0.227
2.403	-0.7576	0.2023
2.351	1.944	0.2852
2.115	-2.396	0.1859
1.933	2.176	0.2232
1.677	0.2456	0.1583
1.923	-0.1866	0.2113
1.128	-0.4895	-0.01523
2.167	-4.78	0.08917
1.94	0.3765	0.1106
1.907	-1.553	0.2336
2.192	1.222	0.2889
2.036	-0.2101	0.2664
1.744	0.4959	0.2085
1.26	0.4653	0.06395
1.865	-1.899	0.1871
1.92	-2.279	0.1962
1.862	-5.075	0.2004
1.904	2.77	0.237
1.984	1.237	0.2707
1.923	2.383	0.2314
1.994	1.047	0.2099
2.055	-4.471	0.2438
2.047	0.6001	0.2144
1.874	-3.948	0.2252
1.874	-1.081	0.1652
1.704	0.2875	0.2341
1.732	2.288	0.1759
1.821	-1.562	0.1813
1.793	-3.075	0.1884
1.891	2.096	0.2231
1.855	2.624	0.1551
1.959	0.4436	0.2394
1.557	0.2523	0.1458
1.689	-2.832	0.1219
1.73	2.65	0.01656
1.419	-1.963	0.02524
1.578	2.439	0.003146
1.53	2.028	0.1576
1.463	2.237	0.1458
1.416	1.713	0.1592
1.091	-0.01088	-0.03573
1.387	-0.3575	0.1258
1.406	2.621	0.08901
1.167	0.5502	-0.07761
1.593	0.1307	0.2629
1.457	-2.922	0.1724
1.63	1.691	0.2416
1.639	3.007	0.304
1.594	2.581	0.2593
1.75	-0.2774	0.2145
1.685	2.55	0.2072
1.832	1.62	0.2251
1.81	1.583	0.2423
1.793	1.611	0.2356
1.86	2.453	0.23
1.874	0.8262	0.2398
1.865	1.207	0.246
1.941	-0.5406	0.2298
1.808	1.507	0.2342
1.848	1.501	0.2272
1.757	3.003	0.183
1.755	0.3709	0.1899
1.796	-2.235	0.2002
1.844	1.608	0.2239
1.937	0.6008	0.176
1.88	-1.026	0.2339
2.005	0.07072	0.2241
2.129	1.031	0.2384
2.28	-0.3107	0.1818
2.061	0.6902	0.1495
2.212	-3.091	0.2453
2.416	0.7121	0.2321
2.545	1.017	0.2346
2.296	-2.244	0.214
2.567	-0.7044	0.2638
2.245	-1.121	0.1529
1.953	-0.5117	0.1784
2.576	0.4195	0.2915
2.388	1.356	0.2898
2.297	3.751	0.1895
2.057	-2.027	0.1972
2.155	2.54	0.2011
1.949	-0.2553	0.205
1.857	0.02346	0.2116
1.935	2.255	0.1902
1.992	-0.2895	0.1935
2.035	1.509	0.2072
1.758	2.483	0.2117
2.01	-1.352	0.197
1.829	0.9094	0.2212
1.597	0.3244	0.1975
1.333	-0.1993	0.09824
1.446	0.04652	0.05405
1.036	-0.4536	-0.05828
1.945	-4.411	0.1992
1.74	-2.219	0.1732
1.602	0.05765	0.1253
1.882	0.1022	0.1878
1.509	0.8146	0.08945
2.181	0.4484	0.2202
1.881	-10.14	0.1593
2.086	-1.138	0.2463
2.346	2.058	0.2554
2.24	-0.3825	0.093
2.111	0.6263	0.1329
1.871	-0.81	0.1835
2.177	1.503	0.07237
2.148	8.52	-0.009733
1.999	1.052	0.1941
1.94	-1.769	0.3251
1.971	6.379	0.3628
2.037	1.31	0.2626
2.128	1.234	0.3454
2.144	0.5528	0.1876
2.168	0.106	0.2531
2.144	0.8807	0.2695
1.985	2.15	0.2781
2.026	0.1173	0.2741
1.977	-1.264	0.2977
2.128	0.6568	0.2896
2.122	0.2896	0.2744
1.927	1.943	0.2437
1.497	0.199	0.1321
1.788	2.142	0.1597
1.942	1.209	0.2552
1.841	2.031	0.2651
1.18	1.073	0.006575
1.681	-0.5195	0.1591
1.615	-2.992	0.1463
1.785	1.629	0.1753
1.734	-0.3836	0.2071
1.003	0.3477	-0.06678
0.9697	-0.3617	-0.07784
1.07	0.153	0.002642
1.847	-5.584	0.2044
1.866	-2.785	0.1914
1.84	-3.815	0.2196
1.865	-2.534	0.1919
1.886	-3.415	0.2144
1.886	-2.79	0.1955
1.909	-3.898	0.1857
1.962	-0.9481	0.1784
1.948	-6.004	0.1766
1.866	1.62	0.2318
1.911	2.06	0.2372
1.89	1.684	0.2311
1.94	-0.593	0.2518
1.962	0.6135	0.27
1.952	-0.5789	0.2525
1.963	0.1334	0.2468
2	0.1926	0.2677
1.975	0.7231	0.236
1.972	-0.658	0.1959
2.01	-3.549	0.1889
1.926	0.8043	0.217
1.966	1.234	0.2191
1.99	1.367	0.226
2.026	0.7807	0.2072
2.039	-2.396	0.1973
2.038	-0.456	0.2526
2.017	2.289	0.2229
2.051	1.779	0.2249
2.063	-3.245	0.2404
2.073	1.646	0.2322
1.841	-1.715	0.2273
1.859	-3.502	0.1947
1.907	-4.979	0.2306
1.9	-2.585	0.2033
1.884	-3.361	0.191
1.863	-1.872	0.1728
1.849	-2.761	0.1721
1.794	3.125	0.2432
1.773	1.207	0.2175
1.851	-1.609	0.2184
1.638	0.2717	0.2157
1.648	0.2021	0.1992
1.713	-0.5128	0.212
1.77	-0.5498	0.1818
1.701	-2.941	0.146
1.724	-1.522	0.1361
1.824	-1.186	0.1515
1.847	-3.856	0.2052
1.868	-0.8005	0.1683
1.79	-1.053	0.1389
1.764	-2.824	0.1751
1.848	2.245	0.2252
1.807	3.656	0.2033
1.823	2.556	0.2159
1.897	2.098	0.2318
1.931	-0.59	0.2472
1.932	-0.5618	0.2335
1.964	1.495	0.2638
1.786	3.15	0.1694
1.891	0.9578	0.202
1.936	-0.5036	0.202
1.917	-0.08054	0.148
1.949	0.3161	0.2042
1.674	-1.547	0.1448
1.726	-1.687	0.1136
1.563	1.147	0.1638
1.661	-0.1316	0.1693
1.71	0.4445	0.1438
1.561	0.324	0.13
1.66	-1.548	0.1325
1.802	3.212	0.07761
1.81	3.105	0.0544
1.776	3	0.09447
1.696	-1.185	0.06983
1.648	-1.717	0.1005
1.741	2.862	-0.01598
1.798	2	0.06312
1.495	0.05567	0.07491
1.595	-0.597	0.04075
1.394	0.206	-0.02192
1.249	-1.718	-0.04989
1.259	-3.579	-0.0247
1.564	1.648	0.1655
1.513	2.11	0.1307
1.57	2.68	0.2189
1.513	0.9321	0.1874
1.499	2.63	0.1521
1.468	2.245	0.1174
1.448	1.373	0.1105
1.48	-1	0.2169
1.418	1.401	0.142
1.481	-0.02801	0.1925
1.379	3.446	0.1012
1.198	0.5986	0.01588
1.35	1.938	0.07431
1.318	1.342	0.04778
1.038	-0.1631	-0.05038
1.287	0.7468	0.03942
1.435	2.083	0.1262
1.444	1.157	0.09259
1.454	0.7668	0.1593
1.378	-0.5204	0.1114
1.283	0.3637	0.03851
1.43	1.368	0.05799
1.138	0.7255	-0.05526
1.288	0.2458	0.01567
1.314	1.377	-0.02549
1.161	-0.8513	-0.06622
1.437	1.469	0.163
1.37	1.776	0.1208
1.591	-0.168	0.2749
1.511	-1.668	0.2282
1.517	0.4098	0.2163
1.568	1.494	0.2354
1.558	0.1657	0.2038
1.612	2.547	0.2567
1.616	1.82	0.2809
1.598	1.401	0.2015
1.576	2.247	0.217
1.647	1.087	0.2819
1.68	0.3156	0.2705
1.658	0.6912	0.3044
1.6	2.918	0.2713
1.571	2.184	0.2309
1.619	2.881	0.2975
1.629	2.98	0.3012
1.648	0.9803	0.2835
1.593	2.9	0.2182
1.603	2.694	0.2089
1.674	0.3872	0.2489
1.637	1.265	0.2364
1.67	1.968	0.2086
1.789	0.4684	0.2094
1.782	-0.779	0.2134
1.797	0.248	0.2195
1.886	-0.2196	0.2353
1.756	0.6317	0.2417
1.756	0.8788	0.2242
1.828	1.097	0.2267
1.859	-0.2545	0.2231
1.85	-0.03617	0.2329
1.692	2.499	0.2386
1.757	1.5	0.2495
1.665	2.312	0.2227
1.747	2.822	0.2428
1.833	3.135	0.245
1.83	0.06357	0.2238
1.859	2.177	0.2199
1.802	2.743	0.2311
1.825	1.732	0.2329
1.874	1.264	0.242
1.883	1.411	0.2333
1.874	2.658	0.2317
1.891	-0.5057	0.2378
1.871	0.7461	0.2379
1.837	-0.3576	0.2381
1.906	-0.3502	0.2515
1.904	-0.3169	0.2424
1.874	0.3016	0.2438
1.821	1.211	0.2475
1.89	0.7919	0.2443
1.922	0.767	0.2137
1.988	0.621	0.211
1.87	1.12	0.2409
1.876	2.123	0.245
1.826	-0.7221	0.2331
1.836	2.166	0.2384
1.803	0.6884	0.2287
1.776	2.916	0.2285
1.758	1.164	0.2091
1.89	0.5357	0.1988
1.851	2.562	0.1781
1.897	-1.3	0.2369
1.792	1.947	0.1984
1.731	-1.106	0.1985
1.748	0.1268	0.1867
1.82	2.156	0.1866
1.731	-0.5142	0.2095
1.724	-3.955	0.1881
1.74	-3.881	0.1875
1.845	-0.4864	0.1798
1.857	-1.648	0.187
1.815	2.833	0.1816
1.924	2.83	0.1708
1.758	2.387	0.2311
1.76	3.08	0.2044
1.871	0.9601	0.198
1.962	1.802	0.2129
2.045	0.463	0.1926
1.825	0.8767	0.2338
1.798	1.687	0.2399
1.835	-1.795	0.2271
1.885	-1.667	0.2176
1.962	-4.03	0.2044
1.946	1.833	0.2296
2.014	1.478	0.2193
1.835	1.744	0.241
1.923	0.98	0.2299
2.012	-2.052	0.21
2.055	-2.996	0.2229
2.093	0.5302	0.2211
2.046	-4.369	0.213
2.064	-1.985	0.2267
2.105	0.8902	0.2414
2.02	0.2681	0.1629
1.997	1.997	0.1646
2.161	-0.5632	0.1893
2.122	0.1753	0.177
2.091	-0.731	0.1533
2.26	-1.399	0.1767
2.178	-0.9878	0.1539
2.316	1.083	0.243
2.252	1.234	0.2129
2.124	-0.1731	0.2473
2.229	0.8611	0.2474
2.289	-0.4235	0.2446
2.301	-1.08	0.2371
2.408	-0.8247	0.2352
2.386	0.5991	0.2097
2.446	0.06772	0.2263
2.359	0.3238	0.2021
2.485	0.7269	0.2262
2.378	2.711	0.234
2.577	0.4059	0.245
2.593	2.134	0.2598
2.315	0.7808	0.2228
2.416	-0.4771	0.2336
2.373	-1.68	0.2332
2.3	-0.8458	0.1905
2.362	-0.4371	0.2302
2.039	2.595	0.1589
1.908	-0.3123	0.1764
2.273	1.217	0.179
2.213	-0.9094	0.1465
2.126	2.487	0.1623
2.196	2.855	0.1734
2.036	-3.812	0.1818
2.597	2.539	0.2907
2.413	0.2968	0.2558
2.373	0.6284	0.2289
2.593	0.7846	0.2862
2.591	4.315	0.3111
2.466	1.551	0.3062
2.432	2.801	0.305
2.276	-0.1114	0.1755
2.242	0.04727	0.1849
2.278	0.8789	0.2151
2.315	1.548	0.2331
2.295	2.651	0.2344
2.251	1.291	0.191
2.175	0.1336	0.1929
2.195	1.185	0.2356
2.16	1.989	0.1925
2.153	2.517	0.1955
2.072	0.4134	0.1964
2.067	-0.9412	0.2063
1.897	-0.3989	0.2158
1.844	-0.04754	0.2263
2.019	0.3197	0.1928
1.942	-0.6538	0.2081
1.906	0.7687	0.2072
1.932	0.2205	0.2157
1.888	2.071	0.2114
1.854	1.764	0.2022
1.913	1.43	0.1839
1.879	-3.974	0.1976
1.919	-1.035	0.1985
2.009	2.263	0.1913
1.974	0.8462	0.1965
1.969	1.411	0.207
1.993	-0.1198	0.1858
1.982	-1.369	0.1849
2.057	2.182	0.1911
2.012	1.813	0.2006
1.965	3.259	0.2136
2.055	2.548	0.1959
2.059	2.404	0.2083
2.064	-1.77	0.2105
1.775	1.057	0.2132
1.854	2.424	0.22
1.832	3.2	0.2099
1.726	2.971	0.2071
1.656	1.733	0.2071
1.952	1.069	0.2111
1.875	2.422	0.2266
2.057	0.05808	0.2009
2.051	-4.25	0.2066
1.917	-1.314	0.2006
1.795	-1.978	0.1863
1.73	-0.4858	0.1976
1.674	1.015	0.2132
1.592	0.3019	0.2029
1.777	1.242	0.2257
1.787	0.2943	0.2146
1.562	-1.191	0.1809
1.49	0.02737	0.182
1.437	-0.9261	0.1254
1.441	-4.569	0.1538
1.392	-2.16	0.1347
1.314	0.6364	0.07787
1.26	0.3612	0.02432
1.164	0.3867	0.004133
1.542	-0.7005	0.1152
1.357	-0.1228	0.05709
1.234	-0.2373	-0.01306
1.245	-0.3561	-0.000705
1.049	-0.5701	-0.04839
1.82	-3.427	0.184
1.688	-3.675	0.1575
2.023	-0.5092	0.1975
1.93	-1.311	0.1935
1.861	-4.22	0.1929
1.937	-0.9857	0.2092
1.817	-0.9303	0.1885
1.5	0.202	0.08426
1.338	-0.3448	0.04109
1.598	-0.6315	0.1295
1.703	-0.5394	0.1547
1.756	-0.2654	0.1821
1.499	-0.1276	0.1032
1.234	-0.3359	0.02253
1.956	-0.7976	0.2113
1.721	0.2084	0.1742
1.68	0.4936	0.1504
1.84	0.7041	0.1645
1.747	-0.01231	0.1385
1.991	0.3444	0.1773
1.934	-5.457	0.1693
2.089	-0.4103	0.2318
2.072	-0.6937	0.2068
2.101	0.1946	0.1842
2.139	-3.881	0.1843
2.126	-6.237	0.1324
2.012	0.6513	0.2233
2.008	-1.045	0.2292
1.991	-2.867	0.1995
2.055	1.216	0.2316
2.188	-0.5948	0.2663
2.254	1.436	0.2337
2.204	-4.079	0.1778
2.165	-0.2944	0.2478
2.253	0.03512	0.2688
2.334	2.176	0.2887
2.299	-2.021	0.1929
2.215	0.4399	0.06074
2.486	2.223	0.2735
2.344	1.089	0.2197
2.261	1.009	0.1572
1.975	-0.4906	0.1649
1.785	-5.161	0.1708
2.17	0.03854	0.08858
2.107	0.7476	0.1407
2.015	-1.739	0.1718
2.006	-1.904	0.1872
1.938	-1.149	0.195
2.115	3.813	0.003216
2.133	-0.8531	0.009513
2.267	1.152	0.131
2.204	2.755	0.06664
2.059	-0.002735	0.01321
2.03	-0.5944	0.0649
2.03	4.408	0.04554
2.087	-0.6619	0.156
1.999	-1.856	0.2357
2.109	-1.818	0.05184
2.049	4.444	0.08355
1.94	4.932	0.126
1.977	2.992	0.3168
1.901	-0.1283	0.2962
1.849	2.842	0.2085
1.966	1.117	0.2668
2.09	3.737	0.3833
2.082	0.7028	0.3998
1.983	3.348	0.3833
2.053	0.225	0.3533
2.057	1.225	0.368
1.912	-0.3071	0.1928
1.903	2.772	0.2681
2.054	0.6671	0.3192
2.144	0.5591	0.2911
2.18	1.429	0.3193
2.178	-0.7298	0.1292
2.037	0.3161	0.1401
2.236	0.1749	0.153
2.233	-1.923	0.1955
2.216	1.921	0.2164
2.127	0.05631	0.2619
2.181	1.029	0.2745
2.043	1.139	0.2152
2.163	2.295	0.2316
2.224	1.962	0.2339
2.198	0.3692	0.2639
2.187	0.6678	0.2752
2.237	0.4069	0.246
2.185	-2.51	0.2529
2.078	-4.267	0.2529
1.972	1.76	0.2739
1.988	1.99	0.277
1.997	0.7609	0.2685
2.032	0.4911	0.2689
2.003	-0.7444	0.2749
2.031	-0.2089	0.2757
2.03	-0.451	0.2769
1.991	0.8991	0.2925
2.048	-3.931	0.3048
2.09	-0.08164	0.2799
1.987	1.236	0.3198
2.105	-0.7126	0.3231
2.156	0.7938	0.3185
2.183	0.524	0.2938
2.088	-0.007998	0.2739
2.072	0.2537	0.2764
2.083	0.01376	0.269
2.127	-0.3338	0.273
2.164	0.1379	0.2778
2.077	0.4702	0.2724
2.134	1.287	0.2756
2.06	-5.997	0.2644
1.964	1.528	0.2713
1.912	0.3946	0.2074
1.949	0.2509	0.2456
1.955	0.9053	0.2692
1.971	0.7976	0.2555
1.752	0.2316	0.09909
1.899	0.7677	0.1478
1.187	-0.6885	0.02948
1.444	0.8986	0.07523
1.575	0.6087	0.1532
1.744	-2.161	0.1835
1.769	1.106	0.1922
1.916	0.3059	0.2275
1.985	0.7914	0.259
1.845	2.681	0.1995
1.862	1.542	0.2056
1.83	-1.798	0.2341
1.956	0.833	0.29
1.77	-5.085	0.2294
1.912	0.5697	0.2653
1.926	0.5512	0.2785
1.926	2.398	0.3172
1.14	0.008311	-0.02377
1.347	0.5483	0.08715
1.224	1.433	0.01394
1.54	-0.5494	0.1124
1.496	-0.6281	0.1005
1.653	-2.559	0.1584
1.715	-4.485	0.1877
1.435	-1.908	0.1117
1.704	-3.923	0.1697
1.602	-2.355	0.1429
1.729	-2.406	0.1547
1.752	-7.135	0.1809
1.801	-0.1406	0.1904
1.848	2.132	0.1932
1.692	3.047	0.1791
1.709	0.5575	0.2011
1.72	-1.411	0.1611
1.744	4.124	0.1831
1.812	3.518	0.2325
1.798	-0.009107	0.2405
1.811	-0.751	0.2903
1.856	3.801	0.3146
1.088	0.7084	-0.05132
1.035	0.4195	-0.0837
1.049	1.245	-0.07429
1.076	2.444	-0.04256
1.049	0.9159	-0.007831
0.97	-0.3889	-0.08703
0.9931	-0.1904	-0.09444
1.001	-0.3884	-0.05265
0.9676	-0.5155	-0.07014
1.016	-0.4343	-0.04901
1.008	0.0619	-0.04073
1.167	0.3004	0.02728
0.9809	-0.1518	-0.0752
0.999	-0.222	-0.04619
1.067	-0.2793	-0.01524
1.291	-0.2119	0.07297
1.212	0.6737	0.04045
1.505	-0.1447	0.1081
1.4	4.798	0.1052
1.793	-2.954	0.1371
1.692	-3.296	0.2392
1.798	-0.3678	0.1999
1.774	0.9525	0.2321
1.81	1.579	0.1942
2.252	-1.209	0.1627
1.797	3	0.2378
2.103	0.2254	0.2004
1.892	2.758	0.1848
1.159	-1.061	-0.06249
1.796	2.072	0.2383
1.553	-2.368	0.1895
1.737	-3.251	0.2205
1.677	-4.99	0.1776
1.661	-0.5832	0.1986
1.514	-1.825	0.1227
1.717	1.2	0.09221
1.744	2.41	0.09917
1.843	1.877	0.2243
1.036	0.3118	0.02454
1.771	0.9625	0.33
1.723	2.188	0.2119
1.679	0.5699	0.1886
1.723	-0.03586	0.209
1.966	-1.511	0.1893
1.967	2.15	0.2011
2.338	0.8244	0.2128
2.446	1.343	0.1994
2.422	1.302	0.2165
2.18	0.3166	0.1397
1.893	3.047	0.1882
1.508	-5.459	0.1231
1.917	-0.7462	0.1712
0.9158	0.1033	0.01857
1.881	-6.721	0.1131
1.691	3.06	0.2037
1.578	0.8252	0.191
2.038	1.953	0.2805
2.103	1.972	0.3095
1.937	-3.129	0.2366
1.259	-0.518	0.01517
1.652	-3.006	0.2009
1.621	-3.031	0.162
1.701	-5.048	0.2016
1.547	1.946	0.2248
1.782	1.774	0.2463
1.603	2.421	0.1971
1.677	2.434	0.175
1.724	-2.922	0.1888
1.788	1.928	0.2036
1.639	-4.611	0.2506
1.619	0.02956	0.2199
1.795	1.295	0.1756
1.778	-0.5768	0.1577
1.656	-4.824	0.186
1.512	-3.361	0.1795
1.544	1.32	0.2063
1.561	3.575	0.1106
1.817	0.638	0.1891
1.789	0.7714	0.1386
1.615	-0.7693	0.1076
1.52	-0.2523	0.01025
1.515	-1.315	0.02965
1.414	1.627	0.02132
1.834	2.19	0.1896
1.784	3.226	0.1503
1.584	-1.725	0.1865
1.063	0.6145	0.04312
1.577	-2.391	0.1778
1.604	1.93	0.1286
1.052	0.4174	-0.02065
1.804	2.227	0.2278
1.589	-2.796	0.1812
1.827	1.817	0.2856
1.828	2.665	0.3195
1.757	2.798	0.2364
1.703	1.318	0.2422
1.714	2.275	0.2134
1.725	1.584	0.2425
1.774	0.4972	0.2455
1.752	2.505	0.2091
1.645	2.984	0.1826
1.673	1.371	0.2312
1.785	0.9626	0.2108
1.902	0.3626	0.2304
1.722	1.522	0.2364
1.723	0.1793	0.2263
1.798	2.536	0.183
1.764	-1.222	0.1868
1.791	-1.646	0.1745
1.738	2.384	0.1937
1.999	0.4835	0.1845
1.685	0.9091	0.2072
1.692	-2.602	0.2138
1.888	0.953	0.2258
2.218	-0.719	0.1894
2.146	-0.5977	0.154
2.05	-0.2744	0.2061
2.321	1.428	0.2311
2.455	0.7082	0.2234
2.294	-1.509	0.1801
2.432	0.5695	0.2007
2.307	-1.675	0.1295
1.946	-0.4289	0.1489
2.391	0.4313	0.1964
2.541	-0.4921	0.2102
2.315	3.357	0.1932
2.123	-1.35	0.2216
2.29	4.642	0.1971
1.964	-1.081	0.1825
1.807	0.9812	0.2362
1.984	1.814	0.1544
2.088	-0.6033	0.1602
2.046	2.131	0.1749
1.745	3.355	0.237
1.914	-0.2934	0.1528
1.704	-2.665	0.1778
1.607	0.9091	0.2087
1.293	0.01991	0.1276
1.287	1.194	0.07935
0.926	0.3305	0.04532
1.945	-5.723	0.1729
1.663	-1.266	0.1181
1.54	-0.1302	0.08818
1.846	-0.3251	0.1519
1.472	2.095	0.07077
2.129	1.613	0.1989
1.804	-5.179	0.1531
2.163	-0.9213	0.2208
2.255	0.8801	0.206
2.058	-0.3154	0.1287
1.663	1.739	0.05367
1.746	-5.651	0.1431
2.039	2.205	0.13
1.773	5.345	0.05923
1.543	0.1999	0.208
1.783	2.887	0.3197
1.704	6.108	0.2911
2.016	0.7827	0.2872
1.915	1.872	0.31
2.17	0.6934	0.1999
2.11	-0.2995	0.2295
1.893	1.531	0.1817
2.084	0.9407	0.2784
2.054	-1.797	0.2708
1.928	-0.9175	0.3086
2.016	-1.688	0.3166
1.929	1.505	0.2305
2.169	1.429	0.241
1.532	-0.08456	0.1287
1.981	1.349	0.1895
2.021	0.2359	0.2743
1.79	-5.295	0.2435
1.18	0.7854	-0.01477
1.777	-0.5813	0.1371
1.658	-3.258	0.09929
1.733	1.673	0.1447
1.8	2.679	0.222
0.7682	0.5272	-0.0527
0.6848	-0.1011	-0.02816
0.9413	0.4363	0.006439
1.679	-4.496	0.2212
1.688	-4.777	0.1969
1.696	-4.687	0.2235
1.605	-2.113	0.1823
1.589	-3.831	0.1746
1.627	-2.882	0.1814
1.661	-2.452	0.1819
1.653	-3.425	0.1654
1.681	-5.459	0.1827
1.506	3.258	0.2145
1.56	2.319	0.2158
1.555	1.984	0.1973
1.638	-2.175	0.2326
1.81	3.89	0.246
1.653	-2.723	0.231
1.666	-2.252	0.2204
1.756	-2.057	0.2368
1.675	-1.642	0.2012
1.642	1.267	0.1586
1.678	-0.9858	0.1719
1.597	2.282	0.1687
1.634	2.481	0.1753
1.683	-0.9058	0.1873
1.726	2.379	0.1853
1.721	-1.323	0.1922
1.715	-5.062	0.1998
1.715	0.2478	0.1853
1.756	2.547	0.1927
1.772	-0.9638	0.1921
1.797	1.54	0.2055
1.676	-4.282	0.247
1.662	-4.966	0.2272
1.638	-5.228	0.235
1.64	-6.922	0.2287
1.633	-2.326	0.2404
1.632	-1.392	0.2044
1.564	-2.523	0.1827
1.728	3.102	0.1749
1.744	2.158	0.1737
1.663	1.052	0.1949
1.811	1.371	0.186
1.803	-0.8915	0.1676
1.785	-0.01217	0.1721
1.722	-0.3969	0.1695
1.653	-1.529	0.1526
1.583	-1.246	0.1558
1.555	-1.6	0.1851
1.515	-3.4	0.1906
1.639	-3.885	0.2114
1.573	-1.113	0.1772
1.512	-2.517	0.1568
1.491	2.316	0.2184
1.502	3.171	0.1792
1.493	2.295	0.2047
1.539	1.855	0.2242
1.625	-1.079	0.2224
1.633	-0.8201	0.19
1.811	0.7003	0.2344
1.521	3.414	0.1247
1.559	2.29	0.1703
1.633	2.628	0.148
1.633	2.366	0.09703
1.784	2.295	0.1432
1.749	0.3431	0.1534
1.544	-2.463	0.09603
1.801	1.462	0.1701
1.795	-0.986	0.146
1.79	-0.6283	0.1304
1.765	0.3648	0.1125
1.701	-0.2814	0.1247
1.55	2.552	0.04927
1.638	3.246	0.04509
1.528	0.7973	0.06231
1.53	-2.048	0.05909
1.616	-0.5748	0.08895
1.491	-3.766	-0.00946
1.704	3.11	0.05712
1.641	-2.527	0.06893
1.488	-2.612	0.03898
1.355	-3.655	-0.01066
1.252	-2.227	-0.04677
1.24	-0.4203	-0.0313
1.816	2.601	0.206
1.799	2.853	0.1614
1.866	2.749	0.2137
1.821	1.464	0.1792
1.826	3.372	0.1557
1.772	3.558	0.1327
1.73	2.52	0.1205
1.697	-1.417	0.2179
1.573	-2.936	0.1863
1.733	2.166	0.2054
1.461	5.922	0.137
1.42	3.92	0.07835
1.469	1.514	0.1333
1.45	1.463	0.1233
0.9252	0.1088	0.02375
1.351	0.6145	0.1106
1.716	2.447	0.1494
1.69	1.229	0.1093
1.732	1.263	0.1802
1.582	2.066	0.1605
1.313	0.9698	0.09437
1.58	3.321	0.08643
1.062	1.231	0.004647
1.352	0.6553	0.06593
1.373	1.416	0.01865
1.096	-0.6538	-0.06615
1.571	-1.531	0.1799
1.45	5.751	0.1418
1.83	1.256	0.249
1.71	0.1901	0.214
1.704	0.1998	0.2016
1.762	0.766	0.2051
1.687	-1.637	0.2056
1.854	2.415	0.2799
1.865	2.271	0.2696
1.826	2.703	0.2286
1.836	2.368	0.2691
1.826	0.9306	0.329
1.812	0.6154	0.3205
1.791	1.819	0.3443
1.799	2.08	0.2336
1.751	2.515	0.2016
1.837	2.388	0.2756
1.799	2.671	0.3
1.754	1.914	0.3032
1.71	2.024	0.1999
1.726	2.978	0.2129
1.727	1.227	0.2957
1.714	1.875	0.2332
1.691	2.382	0.2059
1.731	0.006037	0.2222
1.74	1.095	0.2205
1.724	1.208	0.2536
1.777	0.249	0.2463
1.756	1.058	0.2968
1.724	1.18	0.2779
1.723	2.163	0.2418
1.684	-2.007	0.2106
1.72	1.175	0.2192
1.808	2.209	0.2554
1.78	0.573	0.2896
1.821	1.168	0.2096
1.782	2.746	0.1779
1.689	3.272	0.1741
1.679	0.8434	0.1947
1.66	1.318	0.1827
1.734	1.594	0.2367
1.687	1.024	0.1788
1.653	1.911	0.194
1.646	2.214	0.2064
1.659	2.078	0.193
1.638	-0.9299	0.2252
1.642	-2.004	0.2442
1.69	-0.03121	0.2501
1.862	0.4325	0.2502
1.829	0.9643	0.2481
1.72	-1.816	0.2028
1.774	0.7835	0.2266
1.911	0.8842	0.222
1.922	-0.9043	0.2007
1.958	1.672	0.1898
1.7	1.299	0.2311
1.695	1.171	0.1976
1.703	-2.465	0.2402
1.711	1.994	0.2475
1.73	1.659	0.2397
1.725	2.616	0.2218
1.744	2.368	0.2239
1.826	0.2435	0.1997
1.878	2.182	0.183
1.735	-2.262	0.2063
1.779	1.331	0.2084
1.751	0.2022	0.2018
1.78	1.864	0.1717
1.846	2.071	0.1735
1.726	-0.1067	0.1934
1.749	-3.174	0.1822
1.756	-4.731	0.1798
1.85	1.116	0.1881
1.828	-1.509	0.1807
1.865	3.268	0.1911
1.944	2.657	0.1873
1.716	2.072	0.2007
1.752	3.286	0.1909
1.863	1.245	0.1896
1.846	2.61	0.195
1.988	1.491	0.1896
1.708	0.4429	0.2169
1.7	3.232	0.2089
1.713	-1.953	0.2201
1.701	-2.737	0.2059
1.672	-2.088	0.2002
1.712	1.67	0.2011
1.794	0.6328	0.2082
1.695	1.847	0.2018
1.666	0.4298	0.2077
1.695	-4.722	0.2043
1.792	-1.697	0.2218
1.964	2.154	0.2226
1.747	-2.119	0.2116
1.837	2.623	0.2181
1.832	1.774	0.2139
2.082	0.6708	0.1717
1.997	2.302	0.1759
2.119	1.963	0.1935
2.094	1.982	0.1751
2.194	-1.141	0.1588
2.3	0.5899	0.1871
2.259	-2.231	0.1585
2.115	1.226	0.23
2.174	1.539	0.2184
1.795	-10.95	0.2029
1.881	-1.409	0.2221
2.169	-2.336	0.2273
2.244	0.272	0.2135
2.353	0.3024	0.2275
2.416	-0.1638	0.2157
2.464	0.9062	0.2138
2.305	1.307	0.2112
2.429	1.186	0.229
2.432	0.323	0.2168
2.438	1.898	0.2083
2.513	0.7322	0.2102
2.321	1.393	0.1962
2.37	-1.322	0.2028
2.336	-6.169	0.1895
2.257	-2.654	0.1619
2.31	-2.659	0.1821
2.058	1.901	0.1503
1.903	2.481	0.1727
2.358	1.16	0.1655
2.275	-1.826	0.1347
2.183	2.424	0.1261
2.207	1.199	0.1245
1.975	-5.482	0.1295
2.542	1.399	0.2045
2.497	1.108	0.2049
2.288	-1.129	0.1807
2.421	-0.2121	0.1986
2.509	1.024	0.2023
2.46	2.734	0.2023
2.538	1.82	0.2149
2.317	0.4251	0.1539
2.304	1.432	0.1554
2.386	0.8021	0.1813
2.416	1.419	0.2002
2.423	2.496	0.2235
2.317	3.37	0.192
2.307	1.69	0.1719
2.25	1.329	0.2357
2.232	1.628	0.222
2.183	1.354	0.2194
2.068	-1.094	0.2124
2.164	0.754	0.2101
1.838	0.5716	0.2338
1.775	1.29	0.2396
1.983	-0.3098	0.1822
1.923	0.834	0.1978
1.878	0.321	0.2085
1.934	2.134	0.1882
1.86	1.468	0.2133
1.869	2.524	0.1656
1.976	0.6188	0.1691
1.847	-3.177	0.1683
1.909	-1.056	0.154
1.989	1.418	0.149
2.039	0.6886	0.1653
1.978	1.049	0.1689
2.036	-1.311	0.1629
2.054	-1.6	0.1516
2.147	1.451	0.1636
2.102	2.96	0.1673
1.927	1.993	0.1714
2.214	2.6	0.1759
2.176	2.789	0.1914
2.121	1.912	0.1938
1.76	1.718	0.2334
1.816	2.932	0.2147
1.799	3.345	0.2368
1.748	3.161	0.2323
1.718	0.8467	0.2317
1.805	0.7358	0.1681
1.827	1.656	0.1848
2.02	-0.9418	0.1816
2.008	-1.132	0.1722
1.816	0.5071	0.1542
1.617	-1.413	0.1324
1.576	-1.302	0.1514
1.702	-0.519	0.2336
1.694	-0.567	0.2238
1.741	0.4635	0.2149
1.631	0.3332	0.1996
1.511	-2.957	0.163
1.591	-1.542	0.1995
1.377	-0.6038	0.1269
1.486	-3.351	0.1648
1.501	-1.545	0.1544
1.41	1.507	0.1141
1.178	0.8189	0.09301
1.336	1.322	0.07567
1.421	-1.375	0.101
1.256	-0.4435	0.1009
1.075	0.7481	0.0685
1.111	0.8268	0.0475
0.7865	-0.03392	0.01634
1.789	-2.792	0.1348
1.503	-3.133	0.1142
2.007	-2.098	0.1851
1.914	-1.934	0.1587
1.867	-2.132	0.1435
1.941	0.4063	0.1716
1.75	-1.143	0.1343
1.422	-0.6522	0.07228
1.268	1.142	0.0507
1.502	-0.3174	0.09487
1.606	-0.6123	0.09888
1.738	-0.8879	0.131
1.493	1.669	0.08021
1.171	0.6443	0.03751
1.915	-1.049	0.1728
1.72	-0.8375	0.1284
1.696	-0.2117	0.1171
1.777	1.331	0.1387
1.682	0.688	0.1038
1.886	-0.006547	0.1642
1.799	-4.598	0.1523
2.063	-1.02	0.1981
1.998	1.211	0.1792
1.971	0.2044	0.1801
2.031	-2.909	0.1865
1.883	-6.336	0.134
2.028	-0.5994	0.2026
2.062	-0.4388	0.2018
2.021	-2.239	0.2033
2.134	0.6589	0.2263
2.274	-0.5207	0.2261
2.204	1.791	0.2071
2.084	-7.348	0.1806
2.17	-0.09426	0.2155
2.268	0.9712	0.2192
2.374	1.507	0.2132
2.081	-1.738	0.1777
1.923	-3.017	0.1083
2.326	2.377	0.1989
2.233	0.3348	0.1782
2.176	1.801	0.1501
1.743	-4.873	0.1284
1.744	-7.356	0.1398
1.779	4.395	0.05987
1.757	0.5614	0.09558
1.669	0.7198	0.1064
1.555	-1.323	0.1118
1.679	0.4627	0.155
1.84	4.545	0.07701
1.793	6.347	0.04375
2.166	1.354	0.1388
1.991	3.212	0.1154
1.795	3.541	0.102
1.891	1.936	0.1488
1.647	0.2388	0.1477
1.557	0.7907	0.1173
1.536	-2.549	0.1957
1.695	2.352	0.02965
1.577	-0.01081	0.127
1.575	2.562	0.2103
1.616	1.725	0.2894
1.611	-0.4977	0.2534
1.717	2.845	0.2737
1.636	2.087	0.2965
1.731	4.13	0.3217
1.817	2.724	0.2917
1.759	5.237	0.2579
1.857	1.183	0.3097
1.855	3.578	0.2687
1.877	3.075	0.2539
1.893	0.7972	0.2965
1.977	-1.139	0.3157
2.099	0.662	0.296
2.015	1.563	0.3182
2.098	0.03224	0.1654
1.954	1.746	0.2004
2.155	0.009416	0.1519
2.226	0.706	0.1819
2.262	1.476	0.1992
2.155	0.03668	0.2693
2.082	-0.7581	0.2566
2.112	1.058	0.2409
2.197	0.6335	0.2278
2.241	0.9041	0.2109
2.053	-6.47	0.2043
1.99	-2.011	0.2261
2.148	-0.8465	0.1964
1.993	-0.1127	0.1818
1.784	-8.786	0.1819
1.896	2.236	0.2585
1.941	2.366	0.2627
2.12	1.261	0.2934
2.083	1.837	0.298
2.089	-2.477	0.2799
1.943	2.475	0.2577
1.884	2.468	0.2466
2.035	-1.851	0.3256
1.987	1.528	0.3254
2.059	0.006447	0.3257
1.827	1.424	0.2532
1.924	3.826	0.293
1.973	2.732	0.3214
2	0.6063	0.2999
1.994	1.584	0.2531
1.807	0.6068	0.2271
2.05	0.6744	0.2978
2.004	0.4345	0.2815
1.961	-0.8461	0.2478
1.779	-2.059	0.2044
1.869	2.851	0.2007
1.77	-3.865	0.1887
1.963	3.52	0.2551
2.019	1.335	0.1598
2.026	2.65	0.2119
2.137	1.833	0.2754
2.133	2.508	0.2924
1.72	-0.8182	0.1201
1.945	-2.748	0.1269
1.255	-1.953	0.001842
1.478	0.1642	0.08056
1.731	-2.539	0.1747
1.814	-0.6751	0.201
1.948	0.03288	0.23
2.107	2.885	0.2631
2.08	0.2171	0.2959
2.151	1.503	0.1982
2.031	3.115	0.2411
1.969	-0.1466	0.2587
1.992	-1.64	0.3078
1.889	-0.1297	0.2672
1.927	-0.9101	0.2891
1.839	-1.65	0.2696
1.782	0.719	0.2261
1.168	0.295	-0.04371
1.353	-0.2229	0.06444
1.153	2.134	-0.007628
1.557	-1.577	0.06387
1.481	-1.454	0.06752
1.747	-3.926	0.1452
1.886	-1.763	0.1994
1.541	-2.545	0.06022
1.667	-5.82	0.1189
1.622	-3.705	0.0972
1.754	-2.904	0.1176
1.739	-7.601	0.1347
1.725	-2.191	0.154
1.704	1.655	0.1679
1.871	0.7881	0.1877
1.884	-1.588	0.2338
1.756	0.9275	0.1367
1.786	1.173	0.177
1.692	2.17	0.209
1.797	2.591	0.2412
1.707	4.646	0.2433
1.74	2.871	0.2347
1.019	1.176	-0.07016
0.7722	0.4072	-0.04586
0.9092	2.058	-0.0602
0.9786	2.557	-0.04972
0.9602	1.404	-0.0232
0.7055	-0.1335	-0.01753
0.6468	0.05393	-0.0368
0.9908	0.4879	0.02244
0.6869	-0.1776	-0.01181
0.7496	-0.1156	-0.007219
0.7818	0.2844	-0.0237
1.057	1.374	-0.0004017
0.6871	0.05183	-0.04171
0.7463	-0.05268	-0.01735
0.9006	0.1024	0.006133
1.234	-0.4765	0.0394
1.18	0.8995	0.03586
1.503	0.004562	0.07035
