1.979	1.087	0.06169
2.056	-0.6088	0.1851
2.139	-2.055	0.1814
2.039	1.729	0.2116
2.073	-1.498	0.151
2.013	-0.7964	0.2098
2.138	2.431	0.2394
2.254	2.766	0.2517
2.352	-1.352	0.1594
2.271	5.575	0.1631
1.654	-2.58	-0.05393
2.325	1.383	0.2963
2.133	-3.159	0.198
2.235	-7.723	0.2535
2.197	-3.685	0.1972
2.165	-0.8841	0.1912
2.121	-1.867	0.1685
1.961	0.9975	0.1529
2.33	-0.1832	0.1815
2.198	-0.04962	0.2067
1.699	0.7806	-0.04459
2.261	0.6763	0.199
2.224	1.264	0.1706
2.448	1.602	0.163
2.283	0.6315	0.1774
2.366	-2.004	0.2058
2.141	3.264	0.1882
2.2	2.598	0.2397
2.194	0.2175	0.2216
2.211	0.1652	0.2189
2.038	-4.073	0.1362
2.114	1.877	0.1873
2.227	-3.276	0.1809
2.248	0.9614	0.2061
1.383	-0.3167	0.06608
2.357	-3.733	0.2297
2.379	2.822	0.2561
2.161	0.6232	0.1991
2.227	-3.279	0.2439
2.315	2.261	0.2641
2.241	-2.624	0.1721
1.784	2.335	0.01646
2.163	-1.715	0.1543
2.188	-0.5388	0.1944
2.158	-4.356	0.1679
2.289	2.795	0.2693
2.314	-0.1253	0.2822
2.301	4.337	0.2392
2.288	2.719	0.2149
2.102	-1.855	0.2285
2.096	2.371	0.2166
2.155	-2.305	0.1755
2.169	0.4104	0.1582
2.052	-1.102	0.2168
2.058	3.032	0.1834
2.124	-3.666	0.174
2.112	-3.761	0.1878
2.283	2.209	0.2771
2.268	3.035	0.1992
2.25	1.318	0.2726
2.079	-0.3923	0.2049
2.116	-2.247	0.1342
2.21	3.377	0.03216
1.847	-0.7193	0.03933
2.18	3.168	0.0288
1.963	3.525	0.2323
2.113	2.264	0.215
2.088	1.026	0.107
1.553	-0.1178	-0.01557
2.032	-1.338	0.1053
2.024	2.452	0.1254
1.656	-0.5566	-0.06886
2.257	1.661	0.1798
2.259	-3.365	0.1393
1.93	1.344	0.2098
2.095	2.639	0.2232
2.246	3.062	0.18
2.264	-3.201	0.1589
2.119	1.012	0.1628
2.493	1.379	0.1737
2.355	2.064	0.1473
2.227	0.07803	0.2059
2.269	3.964	0.1754
2.195	1.414	0.1803
2.389	-1.051	0.1745
2.107	-1.621	0.1648
2.128	1.447	0.1939
2.373	-0.6022	0.193
2.553	1.799	0.2013
2.391	1.78	0.1808
2.547	-3.986	0.2072
2.239	1.345	0.1624
2.438	1.205	0.162
2.14	1.877	0.1727
2.087	-0.5648	0.2017
2.033	3.14	0.2044
2.244	0.8519	0.2023
2.224	-1.667	0.1523
2.065	-2.799	0.2157
2.139	0.09463	0.1998
2.167	-0.05979	0.2223
2.146	-1.767	0.2449
2.133	-2.182	0.2302
1.907	-2.587	0.1234
2.238	-2.023	0.1467
2.156	-0.9639	0.2276
2.094	1.408	0.2187
1.932	5.199	0.1182
2.287	-2.752	0.157
2.227	4.327	0.1355
2.097	0.5101	0.1883
2.024	2.546	0.1804
2.186	1.697	0.182
2.157	0.3692	0.1698
2.331	2.137	0.1767
2.104	2.021	0.196
2.368	1.974	0.1864
2.213	-0.2111	0.1929
2.228	-0.5911	0.1882
1.993	0.04855	0.1348
2.065	2.158	0.1211
1.388	-0.3772	0.02959
2.3	-3.96	0.1882
2.187	-2.974	0.1915
1.999	0.9838	0.1605
2.052	0.6585	0.1832
1.69	0.3425	0.1199
2.316	2.467	0.211
2.211	-4.547	0.2088
2.351	-1.577	0.2276
2.328	3.721	0.2199
2.289	0.406	0.2498
2.311	0.2735	0.2176
2.156	-3.126	0.2169
2.27	1.888	0.265
2.35	3.473	0.2751
2.251	-1.653	0.2272
2.253	2.544	0.2767
2.174	4.554	0.2052
2.333	-3.15	0.2495
2.33	2.524	0.2728
2.267	1.372	0.2388
2.243	0.1959	0.2274
2.093	4.992	0.2238
2.197	1.584	0.2886
2.176	-1.261	0.278
2.369	-2.818	0.2459
2.269	2.471	0.2587
2.143	1.606	0.2508
2.16	2.7	0.2611
1.953	-3.973	0.1031
2.155	0.4294	0.2046
2.414	-2.226	0.2239
2.257	1.602	0.2252
1.61	0.7534	-0.03453
2.084	-0.4905	0.1143
1.946	-2.394	0.1502
2.127	3.6	0.1846
2.161	2.712	0.1933
1.34	0.1822	-0.07857
1.233	-0.4	-0.02213
1.354	0.07672	0.03889
2.156	-4.775	0.1654
2.167	-3.876	0.1577
2.145	-3.968	0.1772
2.131	-1.758	0.1611
2.16	-2.555	0.1968
2.15	-2.525	0.1656
2.165	-2.818	0.1701
2.218	0.5135	0.1968
2.177	-4.897	0.1774
2.196	2.267	0.2433
2.296	4.342	0.257
2.223	1.662	0.2334
2.341	0.8429	0.2906
2.323	0.2412	0.2926
2.34	-0.6852	0.2778
2.326	-1.048	0.2568
2.279	-3.203	0.2675
2.311	1.454	0.2322
2.26	0.4956	0.2087
2.26	-2.71	0.2086
2.236	2.041	0.2175
2.309	3.813	0.2188
2.284	3.008	0.2194
2.21	1.09	0.216
2.157	-1.541	0.2134
2.141	-3.597	0.2401
2.219	1.157	0.218
2.111	3.387	0.2184
2.06	0.2417	0.219
2.048	4.564	0.2152
2.142	-2.816	0.1791
2.166	-3.936	0.1634
2.179	-4.504	0.1784
2.17	-4.537	0.1753
2.173	-2.552	0.1676
2.169	-0.504	0.1533
2.121	-2.43	0.1544
2.105	3.102	0.2091
2.083	3.008	0.2005
2.139	-1.2	0.1894
2.034	-0.869	0.2136
2.068	-1.635	0.2075
2.062	-0.1557	0.2064
2.083	1.296	0.1796
2.097	-3.329	0.149
2.1	-2.826	0.1408
2.131	-1.166	0.1495
2.112	-3.745	0.1946
2.151	-0.4208	0.1628
2.123	-1.212	0.144
2.119	-2.666	0.1832
2.184	2.72	0.2496
2.188	3.135	0.245
2.182	2.802	0.2515
2.283	1.833	0.2765
2.339	0.7126	0.2965
2.341	-0.2641	0.286
2.297	1.665	0.2967
2.19	3.094	0.2073
2.298	1.98	0.2576
2.342	-0.08368	0.249
2.337	0.3183	0.1908
2.276	0.6647	0.2339
2.086	-2.97	0.1493
2.131	-1.348	0.1317
2.028	-0.8055	0.2087
2.063	-1.437	0.1928
2.052	2.31	0.1621
2.005	0.7525	0.1865
2.071	-2.567	0.133
2.242	3.804	0.1156
2.269	3.619	0.09998
2.224	3.561	0.1278
2.142	-0.8903	0.08633
2.074	-2.981	0.09807
2.247	3.854	0.01314
2.298	2.644	0.1078
1.913	0.7201	0.1079
2.117	-0.794	0.0377
1.961	0.1467	-0.02319
1.732	-2.493	-0.05491
1.775	-2.918	-0.03919
1.973	-0.1154	0.2143
1.998	0.7458	0.2206
2.063	3.167	0.2336
2.17	1.571	0.2169
2.05	3.551	0.2328
2.046	3.21	0.2188
2.001	-0.8026	0.199
2.192	-1.249	0.1594
2.082	0.1234	0.09996
2.19	-1.638	0.1671
2.044	1.306	0.06708
1.751	0.3205	0.01975
1.995	0.2141	0.03892
1.932	0.7848	0.02544
1.455	-0.2073	-0.03517
1.862	1.091	0.02817
2.071	2.977	0.1796
1.95	-0.9161	0.1596
2.145	0.58	0.1765
2.033	-1.362	0.1151
1.863	-1.772	0.0369
1.922	1.908	0.1053
1.625	0.8775	-0.05574
1.876	-1.322	0.03885
1.816	0.499	-0.003595
1.63	-1.989	-0.07597
2.157	-3.153	0.1163
2.054	-0.162	0.1017
2.201	-1.597	0.1975
2.267	-0.000439	0.1575
2.278	-0.4184	0.1547
2.26	0.09404	0.1692
2.233	0.01404	0.1643
1.985	2.265	0.2307
2.115	1.769	0.2239
1.971	0.986	0.2094
1.916	2.534	0.2196
1.965	-2.245	0.219
2	-0.5481	0.2077
2.122	2.107	0.2129
2.237	2.741	0.1846
2.246	1.556	0.1683
2.188	2.09	0.2064
2.179	2.592	0.2045
2.234	0.0405	0.1947
2.225	2.977	0.1631
2.177	2.713	0.1696
2.315	-1.146	0.182
2.289	1.083	0.17
2.228	0.6332	0.157
2.115	1.099	0.1492
2.08	-0.5352	0.1574
2.228	-1.651	0.149
2.091	-0.9105	0.1454
2.363	-0.5388	0.1888
2.349	-0.103	0.1691
2.46	0.2982	0.1556
2.504	0.1324	0.1595
2.496	-2.305	0.1521
2.002	2.299	0.2087
2.188	1.459	0.2019
1.99	2.369	0.2131
2.105	1.671	0.2175
2.193	3.505	0.2023
2.399	1.33	0.1741
2.419	1.306	0.1651
2.33	1.712	0.1913
2.289	2.692	0.1882
2.216	2.884	0.1842
2.2	2.484	0.1724
2.28	3.745	0.1708
2.187	-1.463	0.1761
2.164	1.791	0.1785
2.135	-0.9159	0.1866
2.095	-1.262	0.1504
2.084	-1.644	0.1549
2.432	-1.377	0.1658
2.43	2.373	0.156
2.155	2.726	0.1673
2.318	0.3067	0.1912
2.227	2.344	0.1886
2.216	0.9086	0.1879
2.343	1.752	0.1782
2.131	-1.126	0.1889
2.159	2.014	0.1928
2.26	2.825	0.1958
2.17	3.297	0.1848
2.368	3.472	0.1952
2.463	-1.685	0.1951
2.527	1.576	0.2045
2.395	1.836	0.1853
2.447	3.128	0.1957
2.445	-0.25	0.1939
2.583	0.2879	0.2068
2.435	1.206	0.207
2.379	-0.3871	0.1738
2.526	-3.708	0.1939
2.56	-4.302	0.1961
2.373	-0.4019	0.1746
2.412	-0.834	0.1828
2.36	-3.194	0.1649
2.323	1.916	0.1574
2.239	4.585	0.1657
2.295	1.76	0.1648
2.302	3.621	0.1635
2.183	3.278	0.1787
2.292	2.446	0.1806
2.129	0.6982	0.1805
2.172	3.597	0.1729
2.133	-0.5468	0.1827
2.145	-3.013	0.1752
2.145	-3.101	0.1846
2.146	3	0.1833
2.102	1.678	0.1936
2.171	2.564	0.1658
2.14	2.178	0.1856
2.113	-0.5442	0.2045
2.055	-3.529	0.2088
2.065	-1.676	0.1989
2.079	-3.259	0.2132
2.049	1.808	0.2128
2.025	4.704	0.2065
2.422	1.434	0.1591
2.252	3.191	0.1505
2.237	3.542	0.1935
2.338	-1.942	0.1862
2.394	0.7315	0.1856
2.251	-4.518	0.2135
2.224	0.2336	0.1961
2.1	0.6475	0.1951
2.147	3.241	0.1942
2.035	0.5796	0.2093
2.047	0.6484	0.2009
2.091	-1.748	0.207
2.132	3.247	0.229
2.162	2.712	0.2229
2.202	1.597	0.2159
2.201	-4.342	0.2239
2.18	3.015	0.204
2.175	3.139	0.2122
2.17	2.221	0.2342
2.152	-1.849	0.2283
2.164	3.385	0.2267
2.17	-2.557	0.2438
2.152	-4.604	0.2364
2.13	-2.97	0.236
2.135	2.645	0.2443
2.128	0.2529	0.2335
2.135	3.448	0.1358
2.269	3.037	0.1584
2.089	2.462	0.1985
2.014	-3.146	0.1365
1.968	2.915	0.1219
1.898	2.798	0.1144
2.134	-3.68	0.1369
2.152	3.498	0.2289
2.145	-1.086	0.2229
2.143	0.2475	0.2299
2.141	-1.543	0.23
2.154	1.324	0.2285
2.213	2.049	0.2259
2.154	1.451	0.2165
1.871	-0.7954	0.1172
1.947	0.9448	0.1134
1.993	0.924	0.1873
1.94	-1.448	0.1732
2.108	3.639	0.1726
2.038	-0.3049	0.1177
2.108	0.2902	0.135
2.259	1.197	0.1947
2.161	0.9504	0.1322
2.248	1.945	0.1304
2.324	0.7306	0.1522
2.342	-0.431	0.1453
2.069	-2.462	0.1693
2.043	-1.994	0.1637
2.281	-0.8884	0.1976
2.08	-3.418	0.1807
2.037	3.007	0.1836
2.052	-0.9475	0.1867
2.022	1.165	0.1899
2.383	0.6154	0.1968
2.28	2.39	0.1977
2.418	-3.946	0.1824
2.24	0.7907	0.1747
2.074	2.367	0.165
2.143	2.257	0.1817
2.146	2.631	0.1807
2.178	-3.965	0.1877
2.148	-2.329	0.1727
2.108	2.752	0.1554
2.249	2.282	0.1712
2.2	2.901	0.1826
2.213	3.42	0.153
2.305	1.982	0.1576
2.351	-1.118	0.1645
2.04	1.744	0.1727
2.083	1.76	0.1965
2.04	1.974	0.1895
2.085	2.762	0.1802
2.164	1.614	0.1845
2.279	2.86	0.1872
2.141	1.933	0.1901
2.353	-1.356	0.1728
2.36	1.918	0.1822
2.315	0.5083	0.1896
2.306	-3.017	0.1895
2.231	-4.009	0.1929
2.164	1.537	0.1965
2.207	0.5877	0.1813
2.143	0.9988	0.1991
2.218	1.482	0.1954
2.194	-3.077	0.1851
2.259	-1.151	0.1672
2.108	-0.7118	0.1625
2.19	-1.809	0.1665
2.189	1.535	0.1385
1.995	-0.1223	0.09682
1.859	0.5387	0.08107
1.684	0.1652	0.04262
2.158	-0.02294	0.1601
2.029	2.158	0.121
1.822	0.7633	0.06819
1.676	0.1717	0.07757
1.297	-0.4567	0.05653
2.295	-2.782	0.1851
2.228	-3.003	0.1833
2.333	1.415	0.1698
2.323	0.9414	0.1809
2.269	-5.009	0.1946
2.304	0.3923	0.2057
2.218	-2.613	0.1964
1.989	0.4204	0.1389
1.712	0.4005	0.1065
2.124	-0.8559	0.1676
2.127	-0.1778	0.1794
2.142	-0.4304	0.1879
1.8	0.3883	0.1398
1.486	-0.1539	0.08926
2.21	-2.817	0.1999
2.024	-0.1797	0.1769
1.864	0.2421	0.1539
2.038	1.817	0.1764
1.94	1.558	0.1527
2.157	0.5309	0.1946
2.14	-1.976	0.2012
2.296	-2.232	0.2176
2.237	2.341	0.2015
2.254	-1.003	0.206
2.335	-1.229	0.2131
2.28	-3.59	0.2146
2.333	2.28	0.2125
2.321	0.4897	0.2203
2.308	-3.523	0.1745
2.328	1.653	0.2089
2.349	-1.842	0.2275
2.34	3.738	0.2164
2.357	-3.54	0.2181
2.341	0.3863	0.2253
2.356	1.351	0.2285
2.303	1.513	0.2283
2.32	0.857	0.2247
2.328	-1.88	0.2478
2.241	3.468	0.2226
2.217	2.675	0.2271
2.213	2.04	0.2433
2.21	0.02843	0.2076
2.099	-3.557	0.2057
2.322	3.059	0.2299
2.278	3.122	0.2113
2.232	0.9524	0.209
2.209	-3.082	0.2109
2.175	-2.8	0.2095
2.314	4.18	0.2709
2.328	3.469	0.2642
2.168	2.305	0.2545
2.259	2.791	0.2636
2.353	0.8766	0.2723
2.368	-0.9954	0.2605
2.395	1.803	0.2632
2.323	-0.1536	0.2224
2.192	-1.567	0.2066
2.357	0.4211	0.2517
2.353	3.105	0.25
2.328	3.187	0.2527
2.15	1.313	0.2121
2.14	1.691	0.1959
2.308	3.545	0.2637
2.189	3.485	0.2501
2.166	-0.01141	0.2413
2.238	3.302	0.27
2.205	2.521	0.2349
2.311	3.312	0.2837
2.283	1.631	0.2711
2.356	-0.6317	0.249
2.321	0.002656	0.267
2.314	3.534	0.2721
2.316	2.015	0.2464
2.31	2.694	0.2612
2.256	2.301	0.2533
2.351	-3.337	0.2438
2.168	2.515	0.2512
2.203	-2.822	0.2457
2.232	2.252	0.2411
2.308	-2.519	0.2304
2.236	-1.002	0.2334
2.325	-5.085	0.2325
2.26	-0.5489	0.2288
2.214	2.509	0.2341
2.159	-0.6585	0.2257
2.164	-3.683	0.2319
2.154	2.12	0.2285
2.076	-1.957	0.2204
2.067	-4.411	0.2189
2.254	2.031	0.2941
2.266	1.838	0.2888
2.172	1.376	0.2749
2.221	2.84	0.2739
2.179	-0.7701	0.2814
2.218	0.8672	0.2789
2.221	0.8581	0.2746
2.404	-1.191	0.2525
2.347	-0.02582	0.2551
2.299	2.656	0.2643
2.315	2.675	0.2511
2.329	2.594	0.2577
2.291	2.181	0.26
2.228	-1.143	0.2519
2.179	0.8931	0.2705
2.15	0.847	0.2646
2.229	1.404	0.2706
2.22	-1.517	0.2565
2.185	-1.782	0.2414
2.109	-1.718	0.2485
2.111	3.917	0.2352
2.089	-4.07	0.2333
2.23	1.629	0.2946
2.292	0.2741	0.2298
2.227	0.9166	0.2685
2.192	1.223	0.283
2.295	-0.5079	0.2627
2.269	0.9565	0.1391
2.315	0.5871	0.1869
1.723	0.4583	0.0004132
2.074	1.847	0.07079
2.03	-3.034	0.1692
2.204	-2.745	0.1594
2.266	1.496	0.1899
2.369	0.1022	0.2415
2.376	0.7153	0.2465
2.192	2.365	0.2301
2.393	1.245	0.209
2.365	0.003073	0.1973
2.409	-2.609	0.2357
2.283	-2.023	0.2026
2.391	0.5591	0.2193
2.344	3.069	0.2373
2.286	3.669	0.2371
1.624	0.5511	-0.05441
1.776	0.2025	0.04404
1.652	1.719	-0.02766
1.916	-0.4776	0.06244
1.849	-0.5184	0.04164
2.023	-4.151	0.108
2.17	-4.092	0.1488
1.832	-2.088	0.08473
2.028	-2.598	0.1791
1.966	-1.067	0.123
2.024	-0.4958	0.1767
2.05	-5.933	0.2096
2.122	-0.4809	0.2122
2.169	4.096	0.1979
2.137	2.184	0.1689
2.179	2.22	0.1898
2.085	2.706	0.1494
2.152	2.938	0.1823
2.161	3.094	0.1922
2.205	1.606	0.2086
2.157	2.008	0.1961
2.191	3.109	0.215
1.52	-0.1401	-0.08932
1.437	0.3262	-0.09162
1.447	0.7204	-0.09562
1.467	2.631	-0.07
1.437	1.033	-0.03344
1.296	-0.4369	-0.04207
1.333	-0.2671	-0.07415
1.353	-0.45	0.004734
1.215	-0.5217	0.009345
1.239	-0.4398	0.02751
1.32	0.06862	-0.02563
1.579	1.097	0.009274
1.277	-0.2216	-0.05728
1.265	-0.2393	0.003912
1.288	-0.3221	0.04661
1.652	0.1663	0.0666
1.452	0.2932	0.07925
1.768	-1.037	0.1176
1.968	-1.002	0.09099
1.894	-1.67	0.2008
2.091	-2.818	0.188
2.042	-0.1148	0.238
2.073	-2.79	0.1672
2.13	-0.5539	0.2065
2.161	1.678	0.26
2.003	2.585	0.261
2.392	1.893	0.1614
2.017	2.474	0.1658
1.628	-0.854	-0.03261
2.242	2.014	0.2805
2.113	-2.39	0.2098
1.97	-4.384	0.2541
2.084	-4.675	0.1871
1.994	1.468	0.2026
2.093	-3.123	0.1607
2.039	0.8791	0.1564
2.284	1.35	0.2192
2.246	-1.291	0.1941
1.708	0.08257	0.001473
2.177	0.3728	0.1976
2.228	1.58	0.1836
2.224	0.7761	0.1992
2.078	0.607	0.1889
2.405	-1.608	0.2057
2.021	2.655	0.1936
2.282	-0.2394	0.2407
2.113	2.563	0.1925
2.219	-0.5235	0.1905
2.21	-2.412	0.1502
2.182	2.322	0.181
2.312	-3.222	0.1765
2.272	-0.1331	0.1802
1.198	-0.01783	0.1024
2.057	-3.379	0.2391
2.135	2.294	0.2331
2.1	-0.6217	0.2301
2.166	1.934	0.2274
2.172	3.991	0.268
1.912	-2.881	0.1959
1.861	4.205	0.08337
2.069	-2.014	0.1675
2.122	-0.401	0.1978
2.071	-4.04	0.1681
2.187	2.382	0.2717
2.147	2.944	0.272
2.09	3.317	0.2519
2.084	3.935	0.2311
1.997	-2.303	0.2373
2.08	2.816	0.23
2.044	-4.514	0.1873
2.037	-0.5792	0.1684
2.079	0.5646	0.2018
1.991	3.529	0.1789
2	-4.253	0.1727
2.107	-3.404	0.1998
2.24	2.446	0.2754
2.185	3.474	0.2091
2.279	1.663	0.2797
2.125	-0.357	0.1878
2.038	-1.43	0.1564
2.04	-2.763	0.04881
1.923	-1.377	0.08554
2.035	1.466	0.05315
2.171	2.295	0.2325
2.227	1.494	0.2018
2.156	-0.6654	0.1523
1.997	0.3594	0.009845
2.113	-3.001	0.1321
2.066	0.389	0.1279
1.441	0.4399	-0.0192
2.242	1.916	0.1874
2.227	-3.917	0.1752
2.125	1.868	0.2158
2.193	1.764	0.2025
2.229	2.544	0.1854
2.203	-0.5161	0.1783
2.145	2.023	0.1714
2.242	1.876	0.1932
2.097	1.417	0.172
2.154	2.13	0.2087
2.079	2.867	0.2128
2.093	2.528	0.201
2.271	-4.228	0.1952
2.068	0.1201	0.1815
2.11	2.324	0.1992
2.319	1.661	0.2047
2.261	1.706	0.2099
2.049	-0.4224	0.1887
2.238	-2.487	0.2148
2	2.401	0.1626
1.988	-2.247	0.1585
2.006	1.654	0.1705
1.974	-3.273	0.1908
2.083	2.296	0.2329
2.129	1.309	0.1955
1.89	0.1483	0.1325
2.193	1.342	0.2397
2.267	1.809	0.2302
2.324	-1.953	0.2332
2.152	-3.381	0.2441
2.249	2.693	0.2474
1.89	-4.631	0.1117
2.11	-1.685	0.1436
2.186	0.9183	0.2464
2.018	2.849	0.1874
2.099	2.259	0.1265
2.264	-0.1103	0.1466
2.397	2.796	0.1543
2.18	1.021	0.185
2.093	2.558	0.177
2.392	0.8175	0.1995
2.376	0.01292	0.175
2.368	2.911	0.1769
2.242	1.825	0.1872
2.328	0.5462	0.1776
2.327	-0.5917	0.1891
2.324	-1.516	0.1905
1.925	-0.7652	0.1342
1.902	-0.6085	0.1143
1.563	-0.02205	0.05191
2.259	-4.25	0.1665
2.189	-1.619	0.1711
1.917	-0.6803	0.1366
1.981	0.662	0.1848
1.602	1.647	0.1403
2.193	3.194	0.2202
1.887	-4.345	0.2193
2.319	-1.392	0.1945
2.212	4.127	0.2415
2.187	3.701	0.259
2.043	3.331	0.2279
1.931	-5.401	0.2144
2.135	2.205	0.2501
2.217	-0.6071	0.2448
2.222	2.284	0.2318
2.073	3.019	0.2684
2.032	4.549	0.254
2.165	-0.7798	0.2363
2.133	2.473	0.2444
2.158	-3.97	0.2302
2.222	1.019	0.2262
2.194	2.292	0.2287
2.308	-0.605	0.2876
2.391	0.3597	0.2754
2.067	-1.599	0.2401
2.194	-3.39	0.2373
2.307	2.823	0.2425
2.273	1.689	0.2891
2.059	-0.2198	0.1164
2.099	2.398	0.2228
2.035	2.065	0.2261
1.922	1.121	0.2393
1.649	0.3566	-0.0248
1.931	-1.457	0.1495
1.89	-2.573	0.1771
2.068	3.616	0.2008
1.989	2.791	0.2232
1.007	0.07553	-0.05248
1.036	-0.4123	0.02068
1.198	0.4219	0.1038
2.082	-5.176	0.1746
2.079	-4.113	0.1643
2.084	-3.191	0.1833
2.072	-2.394	0.1729
2.119	-1.969	0.2062
2.077	-2.935	0.1702
2.086	-2.788	0.1666
2.115	-1.41	0.1925
2.08	-5.553	0.1641
2.157	3.034	0.2512
2.133	3.298	0.2649
2.141	2.031	0.245
2.213	0.1193	0.2866
2.214	2.828	0.2772
2.157	-0.9191	0.2773
2.067	-2.308	0.264
2.04	-0.9123	0.2636
2.009	-1.518	0.2466
2.145	-1.419	0.2195
2.128	-0.4553	0.2169
2.141	1.221	0.2305
2.082	3.801	0.2359
1.979	-0.2096	0.2361
2.089	2.076	0.229
2.082	-1.559	0.214
1.962	-5.03	0.2424
1.989	1.427	0.2335
2.028	2.672	0.2353
2.029	-0.6571	0.2372
2.043	2.065	0.2379
2.091	-3.491	0.1864
2.065	-3.418	0.1722
2.014	-4.583	0.1944
2.009	-5.019	0.1824
2.037	-3.044	0.1754
2.056	-0.4492	0.1677
2.066	-1.571	0.1703
2.021	3.62	0.2035
1.991	3.392	0.1896
1.995	0.2754	0.1896
2.109	-0.3714	0.2013
2.083	-3.156	0.1903
2.013	-0.7557	0.1921
1.985	2.675	0.1757
2.04	-1.602	0.1663
2.052	-1.544	0.1521
2.06	-1.578	0.166
2.108	-3.406	0.206
2.018	-0.5727	0.1689
2.051	-1.495	0.1573
2.107	-3.341	0.1902
2.173	3.398	0.2543
2.178	3.294	0.2418
2.178	2.828	0.251
2.22	2.626	0.2776
2.249	0.102	0.2901
2.263	0.6723	0.2803
2.269	2.154	0.2805
2.152	3.202	0.1972
2.234	3.14	0.2588
2.261	0.2125	0.2594
2.214	2.142	0.2133
2.285	0.9684	0.2602
2.002	2.047	0.1713
2.066	-3.528	0.1434
2.132	-0.4558	0.2018
2.065	-0.7365	0.1809
2.035	-1.034	0.1701
2.109	4.773	0.1727
2.022	0.4971	0.1598
2.094	2.314	0.1263
2.127	3.943	0.1281
2.089	-0.8893	0.1317
2.042	-4.307	0.1086
2.042	-0.3367	0.1259
2.012	-1.227	0.02914
2.17	2.518	0.135
2.027	-0.4514	0.1258
1.955	-2.891	0.06987
1.842	-3.525	0.01263
1.641	-1.415	-0.008256
1.779	1.778	-0.005309
2.147	1.778	0.2216
2.16	2.067	0.2217
2.228	3.521	0.2174
2.248	2.272	0.2033
2.218	3.73	0.2235
2.183	2.116	0.2123
2.16	2.758	0.1837
2.2	-3.045	0.1761
2.125	-1.595	0.1403
2.214	-0.1958	0.1725
2.059	0.2817	0.1155
1.957	-0.5133	0.04908
2.068	0.9835	0.09283
2.016	0.4228	0.07627
1.984	0.01008	0.000183
1.92	-1.358	0.072
2.174	1.6	0.1701
2.107	-0.3291	0.1555
2.197	0.6535	0.1714
2.08	0.3662	0.1287
1.884	-1.404	0.06473
2.03	1.913	0.1158
1.548	0.3794	-0.003991
1.85	0.9311	0.05753
1.832	3.078	0.04065
1.505	-1.605	-0.04651
2.189	-2.697	0.1637
2.067	0.3026	0.1341
2.241	1.269	0.1902
2.209	-2.165	0.1812
2.223	-1.744	0.1838
2.236	0.734	0.1844
2.245	-0.9523	0.1869
2.181	3.142	0.2164
2.235	3.44	0.2021
2.135	1.521	0.2155
2.144	1.866	0.2255
2.153	1.71	0.2114
2.142	0.4896	0.2072
2.173	0.5766	0.2004
2.242	2.555	0.1869
2.224	1.668	0.1805
2.24	0.9803	0.1925
2.216	2.87	0.1927
2.208	1.964	0.1915
2.2	2.763	0.1762
2.195	2.268	0.1787
2.2	1.274	0.1894
2.21	-0.8274	0.1824
2.146	-1.309	0.1739
2.088	0.7376	0.1705
2.099	0.4035	0.1687
2.135	-2.872	0.1737
2.071	-2.76	0.1675
2.201	0.7238	0.1966
2.218	-2.347	0.1856
2.236	2.06	0.181
2.26	-1.107	0.191
2.198	-4.61	0.1817
2.123	1.522	0.2085
2.156	1.243	0.2044
2.107	3.414	0.2079
2.107	1.596	0.2105
2.054	3.054	0.2136
2.214	-2.117	0.2045
2.171	1.53	0.2066
2.195	1.958	0.2026
2.149	1.664	0.2141
2.018	0.07206	0.2113
2.066	2.829	0.2073
2.109	4.06	0.2054
2.026	-1.109	0.2037
2.061	0.7177	0.1952
2.103	-1.891	0.1944
2.074	0.1305	0.1717
2.066	-2.351	0.1701
2.186	2.282	0.1932
2.14	-3.254	0.1813
2.109	2.121	0.1892
2.304	-3.349	0.1992
2.114	1.774	0.1923
2.168	0.9615	0.2038
2.19	2.266	0.2025
2.093	-1.49	0.1951
2.148	-1.037	0.2005
2.213	2.976	0.2038
2.133	1.793	0.1936
2.218	2.129	0.2036
2.343	-0.3746	0.2009
2.392	1.771	0.2098
2.288	0.9582	0.2004
2.337	-2.575	0.202
2.15	1.32	0.2059
2.264	0.1111	0.2182
2.373	2.405	0.2142
2.043	-2.502	0.1862
2.125	-3.571	0.2097
2.15	-4.84	0.2014
2.044	-0.534	0.1783
2.115	-1.719	0.1841
2	2.455	0.1683
1.977	2.477	0.1597
2.032	3.94	0.176
2.004	3.058	0.1726
1.996	2.828	0.162
1.971	0.9633	0.1725
2.024	-1.031	0.179
2.044	0.9234	0.1854
2.032	4.496	0.1785
2.073	-1.145	0.1865
2.048	-2.337	0.1715
2.042	-1.549	0.1701
1.963	-2.995	0.1682
1.962	1.809	0.189
2.004	2.669	0.167
1.99	1.33	0.1702
2.035	-5.583	0.1888
2.032	-0.8741	0.2167
2.082	2.638	0.2191
2.046	-2.518	0.2142
2.079	3.935	0.2319
2.055	1.522	0.2382
1.957	-1.213	0.1483
1.947	2.759	0.149
2.087	2.477	0.1968
2.018	-1.86	0.1738
1.968	-4.894	0.1517
2.095	1.948	0.1861
1.962	-3.719	0.1478
2.139	3.088	0.2323
2.181	1.116	0.2194
2.108	-4.528	0.2384
2.092	-0.9868	0.2379
2.213	-1.146	0.2392
2.262	2.21	0.2401
2.308	1.167	0.2381
2.356	-1.589	0.2158
2.329	-4.558	0.2165
2.268	1.788	0.215
2.375	2.77	0.229
2.32	0.6979	0.2393
2.275	0.8967	0.2412
2.185	-0.7645	0.2255
2.207	1.728	0.2405
2.221	1.982	0.2403
2.186	-2.859	0.2471
2.147	-1.514	0.2537
2.176	1.397	0.2571
1.926	3.41	0.1287
2.039	2.001	0.1575
1.977	1.247	0.1467
1.898	-5.722	0.116
1.902	3.634	0.1164
1.95	3.117	0.1223
2.161	-2.165	0.14
2.076	1.2	0.2307
2.026	2.945	0.1931
2.194	2.492	0.2594
2.195	2.445	0.2474
2.114	1.649	0.2286
2.176	4.018	0.2318
2.095	2.491	0.1843
1.93	-1.471	0.1184
2.097	0.08082	0.1305
1.952	-0.8698	0.146
1.966	-2.404	0.1406
2.124	3.592	0.14
2.316	3.556	0.1385
2.36	2.152	0.1537
2.251	2.069	0.1558
2.246	1.66	0.1344
2.362	2.089	0.1458
2.329	0.5084	0.1536
2.409	1.05	0.1583
2.065	-1.244	0.1765
2.083	-2.863	0.1687
2.28	3.384	0.1955
2.063	-0.08827	0.1853
2.066	1.59	0.1832
2.144	-0.437	0.1817
2.119	1.997	0.1833
2.351	0.8034	0.208
2.477	-2.695	0.2039
2.229	-4.678	0.1857
2.275	0.2535	0.1871
2.28	3.011	0.1838
2.317	0.6556	0.1841
2.252	2.934	0.1793
2.421	-2.974	0.1922
2.419	1.6	0.1887
2.38	2.221	0.1733
2.347	0.5784	0.1722
2.279	3.097	0.1801
2.397	3.034	0.1664
2.408	1.849	0.1647
2.411	-2.243	0.1682
2.121	0.002081	0.1703
2.194	2.897	0.1851
2.149	2.155	0.1802
2.182	2.889	0.1765
2.246	1.544	0.184
2.308	-0.07404	0.1875
2.252	3.138	0.1839
2.347	2.282	0.1691
2.37	0.02136	0.1801
2.345	-1.28	0.1919
2.315	-4.198	0.1867
2.328	-4.316	0.1928
2.297	-0.097	0.1912
2.276	1.096	0.1917
2.282	1.439	0.189
2.338	2.315	0.1914
2.298	-3.549	0.1842
2.274	-3.812	0.1856
2.178	2.046	0.1585
2.212	-1.398	0.1711
2.196	1.261	0.1532
1.986	-0.5824	0.107
1.838	-0.39	0.08731
1.884	0.3133	0.05502
2.179	0.9244	0.1491
1.932	-0.7267	0.1169
1.728	0.713	0.07714
1.61	0.8723	0.09115
1.298	-0.1923	0.08431
2.269	-3.124	0.1711
2.248	-3.728	0.1715
2.311	2.109	0.1602
2.278	-0.7179	0.1652
2.231	-3.966	0.1722
2.266	1.54	0.1783
2.182	-0.4491	0.1717
1.964	0.6553	0.1248
1.631	0.9793	0.1101
2.122	0.0231	0.1491
2.112	1.186	0.1508
2.157	0.0767	0.1615
1.719	1.149	0.132
1.335	0.3388	0.1209
2.213	-1.402	0.1868
2.02	0.2655	0.1594
1.865	-0.4109	0.1613
1.909	2.179	0.1898
1.845	1.142	0.169
1.957	-0.9008	0.2059
1.888	-2.819	0.2117
2.29	-2.735	0.2043
2.128	2.491	0.205
1.994	-2.042	0.2197
2.058	-1.374	0.2313
1.933	-4.443	0.2266
2.289	2.127	0.1789
2.31	-2.682	0.1909
2.264	-3.148	0.1587
2.286	-0.02244	0.1719
2.295	-1.28	0.194
2.204	4.015	0.233
2.13	-2.646	0.2419
2.299	-0.5205	0.2166
2.29	1.716	0.2241
2.243	3.432	0.2274
2.186	-2.366	0.2508
2.151	-0.8828	0.252
2.199	2.443	0.2473
2.194	-1.114	0.2561
2.178	2.774	0.2607
1.89	-1.714	0.215
1.883	-4.579	0.2101
2.033	1.864	0.2349
1.906	2.769	0.2218
1.952	2.769	0.2201
2.121	-4.314	0.2269
2.012	-2.814	0.2235
2.172	4.409	0.2541
2.145	3.701	0.2486
2.143	0.5344	0.2575
2.159	3.092	0.2575
2.153	2.571	0.2471
2.114	0.6156	0.2367
2.188	3.803	0.2315
2.2	1.877	0.2265
2.148	-2.594	0.2302
2.175	2.971	0.2386
2.256	1.892	0.2287
2.198	4.523	0.2361
2.114	-0.4356	0.2498
2.09	-0.07811	0.2392
2.121	2.375	0.2501
2.129	0.9041	0.2585
2.056	4.347	0.2687
2.046	3.363	0.2681
1.995	1.295	0.2611
2.102	-1.008	0.2582
2.07	3.11	0.2544
2.103	0.7852	0.2377
2.123	2.798	0.2491
2.157	1.728	0.2478
2.215	-1.911	0.2296
2.199	2.165	0.2375
2.116	2.193	0.24
2.086	-1.977	0.2287
2.132	-0.05563	0.2489
2.161	-3.506	0.239
2.215	2.68	0.2366
2.212	-2.572	0.2234
2.182	1.847	0.2237
2.154	0.4001	0.2247
2.197	-0.9241	0.2269
2.242	2.354	0.2369
2.188	-2.298	0.2251
2.182	-3.57	0.2237
2.232	2.373	0.2357
2.194	2.888	0.2322
2.089	-4.866	0.2331
2.252	1.704	0.2803
2.224	2.763	0.2785
2.335	1.876	0.2894
2.354	2.459	0.2777
2.399	1.308	0.2856
2.194	3.461	0.2736
2.166	2.236	0.267
2.092	4.13	0.2386
2.141	0.248	0.24
2.197	0.06454	0.2472
2.003	2.166	0.2489
2.129	1.463	0.2443
2.155	2.688	0.241
2.159	-1.25	0.2319
2.371	1.257	0.2592
2.134	1.312	0.2551
2.356	2.618	0.2556
2.302	0.8034	0.2383
2.206	-2.103	0.228
2.087	-0.7562	0.2442
2.223	0.099	0.2326
2.068	-3.618	0.2368
2.286	-0.7323	0.287
2.313	2.075	0.2659
2.298	1.346	0.2857
2.328	0.3571	0.2923
2.222	-2.06	0.2838
2.245	0.1005	0.1606
2.309	2.591	0.2202
1.84	-0.228	0.02445
2.151	-0.3895	0.1009
2.055	1.2	0.1798
1.935	-0.587	0.1833
1.954	3.188	0.2129
2.161	-1.065	0.2671
2.142	-0.7446	0.2513
2.21	3.091	0.2652
2.021	1.946	0.2239
1.959	2.213	0.2087
2.045	2.729	0.2321
1.91	-1.281	0.2161
1.971	-0.4706	0.2246
1.969	-2.605	0.2397
1.962	2.099	0.2512
1.633	0.7784	-0.03343
1.85	-1.428	0.05086
1.615	2.398	0.005295
1.942	-1.205	0.09292
1.849	-1.247	0.07604
1.929	-4.023	0.1383
1.906	-3.033	0.1798
1.912	-2.284	0.1348
1.951	-4.052	0.1891
1.986	-0.006304	0.1483
1.89	-1.796	0.1931
1.904	-6.128	0.2083
1.983	-1.752	0.2144
2.078	3.668	0.2194
1.962	-0.3101	0.1968
1.892	3.592	0.2078
2.044	2.988	0.1769
2.09	4.141	0.2125
2.081	3.64	0.2281
1.924	3.71	0.2332
2	3.959	0.2398
1.958	2.633	0.2494
1.401	0.7124	-0.06907
1.164	-0.195	-0.04962
1.193	0.6485	-0.05993
1.359	2.333	-0.05362
1.338	1.397	-0.004262
1.332	-0.5517	-0.00591
1.265	-0.4172	-0.03402
1.606	-0.2006	0.01688
1.171	-0.5769	0.05587
0.9934	-0.3091	0.07481
1.05	0.1816	0.01565
1.575	2.104	0.07991
0.9258	-0.2534	-0.02405
0.9113	-0.2172	0.0467
1.052	-0.07265	0.09676
1.66	0.6412	0.1315
1.433	0.8374	0.1284
1.767	-0.8037	0.1511
