2.096	0.971	0.1136
2.428	3.455	0.1286
2.208	-1.816	0.1602
2.711	-2.459	0.199
2.225	-4.295	0.1641
2.447	0.9432	0.2033
2.4	1.928	0.1896
2.573	3.731	0.1486
2.41	2.29	0.1585
2.479	3.344	0.1938
1.748	-1.998	-0.02729
2.606	3.295	0.2161
2.367	-2.363	0.1573
2.342	-5.504	0.2032
2.492	-4.991	0.1927
2.465	0.866	0.2172
2.254	-2.182	0.1439
2.202	1.428	0.1422
2.725	3.537	0.1841
2.283	0.2515	0.1649
1.73	0.1959	-0.02573
2.331	-2.222	0.1587
2.261	1.686	0.159
2.54	-3.293	0.18
2.316	0.569	0.1982
2.433	-1.853	0.1848
2.732	2.064	0.1825
2.576	1.417	0.2008
2.479	-0.6003	0.1979
2.429	2.31	0.1798
2.337	-4.015	0.1714
2.301	2.623	0.1954
2.514	1.228	0.1486
2.245	0.4329	0.143
1.367	-0.2618	-0.02194
2.341	-1.192	0.1767
2.728	3.433	0.1743
2.414	-1.524	0.1127
2.53	0.955	0.2103
2.735	-0.6894	0.2274
2.431	-4.84	0.126
1.947	0.4756	-0.06428
2.245	-1.486	0.1175
2.488	-0.02254	0.1634
2.301	-4.667	0.1475
2.426	4.624	0.196
2.433	0.3696	0.2125
2.421	4.576	0.1883
2.493	1.22	0.1951
2.533	-1.669	0.1957
2.639	2.71	0.2053
2.315	-2.893	0.1688
2.25	-0.005757	0.1274
2.523	-1.42	0.2318
2.399	2.415	0.1931
2.42	-2.929	0.1849
2.257	-3.52	0.1546
2.494	1.672	0.2073
2.462	4.089	0.1851
2.838	-0.6152	0.224
2.377	-1.636	0.1855
2.256	-1.361	0.1345
2.354	4.564	0.03837
2.059	-0.3037	0.04979
2.584	3.354	0.03912
2.286	2.809	0.1858
2.206	2.342	0.169
2.127	-0.2544	0.1596
1.648	0.1211	-0.001356
2.038	-1.976	0.1194
2.126	2.455	0.09814
1.764	0.05359	-0.0601
2.256	2.191	0.15
2.292	-0.8406	0.1698
2.391	2.32	0.1896
2.275	3.508	0.1585
2.229	3.892	0.1382
2.351	-2.666	0.151
2.175	2.223	0.1624
2.656	2.729	0.1682
2.581	3.389	0.1555
2.577	2.531	0.2022
2.409	2.941	0.1981
2.294	3.342	0.1911
2.676	-2.291	0.1855
2.349	-0.3377	0.1697
2.232	1.602	0.1822
2.194	-2.662	0.223
2.326	2.625	0.2375
2.391	-1.347	0.2011
2.459	-3.068	0.2096
2.519	0.4935	0.1676
2.652	0.4258	0.1704
2.439	1.571	0.1727
2.629	3.094	0.1957
2.694	-0.1759	0.2016
2.63	0.9575	0.1963
2.61	3.793	0.1745
2.528	-3.361	0.2157
2.618	4.147	0.1998
2.45	2.689	0.1925
2.491	-3.063	0.1991
2.381	-3.247	0.1916
2.732	-3.577	0.159
2.436	-2.843	0.1964
2.373	-1.86	0.1821
2.508	3.576	0.2001
2.309	3.766	0.1588
2.222	-2.634	0.1602
2.315	4.248	0.1649
2.308	-4.446	0.1806
2.177	0.5306	0.1834
2.465	3.598	0.1806
2.396	-3.343	0.1776
2.449	1.895	0.1798
2.234	3.878	0.191
2.515	-1.079	0.1568
2.364	0.7593	0.1958
2.282	1.429	0.1856
2.036	0.1014	0.1285
2.073	-0.3608	0.07057
1.433	-0.2522	-0.02043
2.219	-3.1	0.1446
2.278	-4.372	0.1117
1.993	-0.4975	0.07195
2.281	-2.832	0.1337
1.884	0.9211	0.02191
2.351	1.823	0.1701
2.373	-3.946	0.1536
2.369	-2.665	0.1823
2.357	3.816	0.1716
2.417	1.222	0.1972
2.369	1.403	0.1261
2.443	-5.291	0.1275
2.685	2.125	0.2112
2.535	2.526	0.1986
2.461	3.738	0.1397
2.645	2.372	0.1653
2.473	4.842	0.1274
2.517	-3.649	0.1809
2.635	1.842	0.1861
2.709	-0.2038	0.1945
2.564	-0.1159	0.2058
2.648	1.975	0.2026
2.836	2.783	0.2225
2.836	0.07309	0.2229
2.652	-0.05335	0.2068
2.566	-1.057	0.2227
2.752	0.571	0.203
3.039	-0.3067	0.2127
2.432	0.5416	0.1173
2.951	1.267	0.1904
2.674	1.519	0.2078
2.54	4.523	0.1381
1.76	0.84	-0.03001
2.314	-2.156	0.05872
2.369	-3.006	0.08395
2.327	2.8	0.08576
2.354	3.125	0.08708
1.327	0.1216	-0.0656
1.231	-0.3293	-0.08171
1.455	0.2369	-0.1032
2.211	-4.835	0.1341
2.28	-3.485	0.1257
2.222	-3.361	0.1532
2.306	-2.178	0.1269
2.438	-2.35	0.1583
2.361	-2.789	0.1283
2.399	-3.801	0.1367
2.51	-0.7649	0.1791
2.477	-6.09	0.1612
2.382	0.2782	0.184
2.408	4.344	0.1922
2.454	0.8549	0.183
2.51	0.5939	0.2109
2.549	3.6	0.215
2.419	-1.685	0.2049
2.359	-0.597	0.1973
2.366	-4.243	0.2084
2.341	0.1333	0.1895
2.533	-0.4787	0.191
2.536	-1.655	0.2012
2.514	2.002	0.1828
2.457	2.977	0.1888
2.35	2.545	0.1867
2.541	3.873	0.2009
2.547	-1.419	0.212
2.419	-3.917	0.1977
2.436	3.375	0.189
2.6	4.074	0.1939
2.692	-1.115	0.1972
2.718	4.633	0.1987
2.22	-1.312	0.1613
2.218	-4.099	0.1307
2.428	-5.327	0.1907
2.429	-4.501	0.176
2.286	-2.637	0.1423
2.212	-1.669	0.1165
2.259	-2.088	0.125
2.485	3.404	0.2354
2.47	3.319	0.2232
2.463	-0.9612	0.2112
2.489	-1.171	0.2166
2.456	-2.356	0.2114
2.469	1.243	0.2208
2.406	1.553	0.1941
2.246	-2.897	0.1407
2.26	-2.021	0.1323
2.231	-1.003	0.1258
2.293	-3.416	0.1565
2.372	-0.281	0.154
2.26	-0.4676	0.1305
2.246	-2.772	0.153
2.332	1.879	0.1863
2.325	2.994	0.1918
2.314	3.117	0.1896
2.476	4.005	0.2005
2.569	2.509	0.2187
2.6	1.425	0.2252
2.663	3.888	0.2176
2.33	2.923	0.1748
2.527	2.02	0.2072
2.63	-2.263	0.22
2.63	-2.162	0.1959
2.877	-0.8761	0.2152
2.256	-2.403	0.1482
2.261	-1.402	0.1227
2.416	-0.003066	0.1959
2.415	-1.653	0.1911
2.354	1.638	0.164
2.244	0.4222	0.1658
2.267	-1.798	0.1435
2.399	4.491	0.1245
2.446	4.44	0.1109
2.373	4.177	0.1273
2.276	-0.2195	0.09082
2.252	-2.724	0.1132
2.406	4.615	0.02226
2.496	1.271	0.1109
2.118	2.102	0.1031
2.285	0.647	0.05543
2.264	0.8271	-0.004219
1.866	-0.8667	-0.03357
1.946	-1.887	-0.01068
2.388	1.179	0.1943
2.298	1.295	0.1891
2.301	2.871	0.1744
2.266	-1.895	0.1702
2.243	4.392	0.182
2.185	3.258	0.1803
2.11	-0.1935	0.1584
2.17	-4.66	0.1656
2.098	-1.11	0.1405
2.178	-0.5291	0.1576
2.154	2.639	0.142
1.925	0.3618	0.06358
2.063	2.251	0.1125
1.971	1.111	0.07279
1.472	-0.1887	-0.02662
1.917	0.697	0.0523
2.154	2.715	0.1409
2.095	-0.488	0.1269
2.183	-1.743	0.1483
2.053	-0.5251	0.1064
1.934	-0.6089	0.04535
2.088	1.94	0.08521
1.669	0.5101	-0.03736
1.974	-0.2004	0.02543
2.022	1.91	-0.003817
1.698	-1.691	-0.04498
2.226	0.9567	0.1678
2.155	0.9172	0.1536
2.278	1.109	0.1561
2.239	-3.777	0.1639
2.289	0.4692	0.1629
2.254	0.5178	0.1486
2.302	1.383	0.1643
2.301	3.011	0.1709
2.297	0.2433	0.1615
2.429	2.267	0.199
2.346	2.367	0.1871
2.304	-1.822	0.1712
2.346	-2.072	0.1768
2.281	1.694	0.1569
2.247	3.145	0.1397
2.238	2.718	0.1435
2.265	0.3005	0.1479
2.256	3.888	0.1432
2.268	3.285	0.1428
2.207	2.922	0.1458
2.22	3.832	0.1589
2.301	2.292	0.1482
2.262	-1.446	0.142
2.219	3.686	0.1516
2.235	-2.21	0.1573
2.21	-2.591	0.1657
2.401	2.185	0.1531
2.266	-2.125	0.1579
2.44	1.12	0.164
2.421	0.06722	0.1548
2.689	-3.254	0.1571
2.62	-0.004936	0.1667
2.732	1.89	0.1617
2.458	2.916	0.1949
2.489	3.404	0.1791
2.482	1.578	0.2097
2.537	3.373	0.2271
2.468	4.216	0.2239
2.519	-3.906	0.1828
2.424	2.451	0.1835
2.593	-1.296	0.1827
2.484	-1.021	0.203
2.435	-0.274	0.2106
2.364	2.715	0.1931
2.35	2.512	0.1912
2.402	-1.033	0.1947
2.314	1.948	0.1829
2.233	0.6887	0.1763
2.28	-2.501	0.1618
2.266	-3.019	0.1665
2.658	3.377	0.1816
2.669	0.9425	0.1679
2.363	1.307	0.1747
2.518	-3.56	0.1908
2.491	2.659	0.1742
2.261	4.343	0.2021
2.36	3.541	0.2006
2.211	-0.9522	0.171
2.234	3.934	0.1881
2.208	2.36	0.208
2.269	3.63	0.1913
2.259	3.095	0.2276
2.27	-3.773	0.2213
2.355	1.123	0.2145
2.284	-2.36	0.2131
2.25	3.546	0.2408
2.318	0.1701	0.2322
2.384	-0.09885	0.2205
2.397	2.86	0.1986
2.365	-1.046	0.1991
2.376	-3.944	0.2224
2.436	-4.037	0.2131
2.424	0.4978	0.1972
2.431	-0.9777	0.2082
2.467	3.861	0.1781
2.534	4.145	0.1785
2.379	3.721	0.1829
2.43	3.207	0.1807
2.578	-1.084	0.1648
2.601	3.586	0.1703
2.698	2.45	0.1782
2.344	-1.341	0.1734
2.362	3.171	0.1774
2.268	-1.124	0.166
2.399	-0.5828	0.1669
2.483	-2.049	0.1826
2.571	0.3341	0.1758
2.677	1.378	0.1833
2.449	3.546	0.1708
2.532	-1.949	0.1842
2.503	0.6225	0.2039
2.701	-7.139	0.2039
2.73	1.121	0.1959
2.659	-1.705	0.2112
2.701	3.457	0.2044
2.715	1.808	0.1994
2.631	-1.871	0.175
2.575	3.502	0.1831
2.711	3.096	0.1935
2.668	-1.459	0.1867
2.613	-4.374	0.1813
2.552	-5.314	0.1939
2.59	4.237	0.1831
2.642	4.072	0.2005
2.693	1.348	0.1963
2.67	1.014	0.2063
2.597	1.545	0.2042
2.586	-2.804	0.2086
2.548	-0.9611	0.2139
2.591	2.007	0.2017
2.55	-3.411	0.2003
2.462	-4.778	0.1991
2.617	0.06707	0.2004
2.564	4.853	0.1967
2.539	3.192	0.192
2.398	-3.553	0.1904
2.425	-4.377	0.1964
2.564	1.289	0.1983
2.442	-1.344	0.1916
2.392	-3.671	0.1929
2.427	1.112	0.1957
2.366	-1.889	0.1888
2.555	3.273	0.1831
2.448	-0.8312	0.2003
2.659	2.417	0.189
2.708	-2.763	0.1683
2.548	3.189	0.1756
2.394	3.219	0.1658
2.403	-3.912	0.1821
2.428	-0.1693	0.1945
2.484	-0.1629	0.2015
2.366	0.2418	0.1834
2.385	-2.013	0.1891
2.386	0.5329	0.1903
2.382	4.032	0.1787
2.409	1.709	0.1914
2.587	-1.405	0.1586
2.334	0.2344	0.1614
2.699	0.9241	0.1892
2.662	-2.414	0.1814
2.452	2.74	0.176
2.285	1.512	0.1588
2.294	1.801	0.1676
2.336	2.482	0.183
2.238	1.396	0.1568
2.286	2.562	0.1569
2.308	-0.2299	0.156
2.441	0.6976	0.1621
2.234	-4.518	0.1736
2.189	-3.241	0.1738
2.535	1.995	0.1718
2.268	-4.725	0.1734
2.216	0.08706	0.1828
2.27	-0.6608	0.1896
2.196	3.803	0.1909
2.432	-1.191	0.1943
2.429	0.7888	0.1791
2.486	-5.036	0.2051
2.405	1.187	0.1928
2.352	2.454	0.1839
2.449	3.151	0.1811
2.348	2.68	0.1875
2.539	0.8092	0.1742
2.482	-3.929	0.1765
2.308	2.043	0.1766
2.345	3.012	0.1789
2.35	3.087	0.191
2.305	3.215	0.1716
2.394	0.3836	0.1708
2.435	2.009	0.1693
2.16	2.716	0.1772
2.236	3.273	0.1966
2.18	3.567	0.1892
2.176	3.838	0.1776
2.247	2.964	0.1773
2.472	1.662	0.1906
2.29	0.9215	0.1976
2.408	2.384	0.1572
2.498	-2.036	0.1753
2.595	1.233	0.1809
2.663	-2.803	0.1567
2.391	-2.567	0.1839
2.271	1.15	0.1904
2.285	0.7079	0.1767
2.271	1.813	0.198
2.339	1.825	0.1925
2.279	-3.29	0.1792
2.316	0.3088	0.1746
2.195	-0.8099	0.1449
2.204	-1.974	0.1657
2.203	0.5066	0.1558
2.055	0.1716	0.1136
1.91	0.7739	0.06419
1.77	0.396	0.04221
2.374	-0.1202	0.1131
2.058	0.4802	0.09253
1.717	0.1248	0.03081
1.557	-0.09687	0.03039
1.309	-0.3711	-0.01767
2.431	-0.9813	0.1334
2.548	-0.2682	0.1209
2.303	-1.715	0.1479
2.316	-3.334	0.139
2.242	-2.175	0.1293
2.238	-0.6374	0.1487
2.188	0.645	0.1192
1.954	-0.1396	0.06172
1.645	0.08133	0.04108
2.186	-1.644	0.09636
2.147	0.8081	0.09133
2.14	-0.7749	0.1064
1.832	0.4304	0.05192
1.489	-0.07116	-0.009699
2.256	-3.391	0.1432
2.117	-0.9747	0.09926
2.118	-0.3908	0.08751
2.372	1.761	0.1239
2.335	2.638	0.08958
2.384	0.475	0.1511
2.42	-0.4264	0.1464
2.345	-0.8996	0.1676
2.35	0.6686	0.1583
2.348	0.946	0.1666
2.31	-1.399	0.1746
2.34	-4.147	0.1593
2.277	1.853	0.1713
2.319	-1.25	0.169
2.221	-3.197	0.157
2.305	2.682	0.1833
2.398	-1.902	0.1843
2.343	3.257	0.1724
2.31	-3.561	0.176
2.389	1.558	0.1767
2.41	0.3396	0.1774
2.418	0.9753	0.1761
2.337	-0.4256	0.1781
2.396	1.236	0.1952
2.361	3.157	0.1732
2.38	3.374	0.1788
2.429	3.105	0.1908
2.374	0.1887	0.1284
2.449	0.09383	0.1361
2.371	2.002	0.1535
2.329	2.702	0.1321
2.384	-0.05249	0.1195
2.413	-1.956	0.1224
2.414	-3.745	0.1098
2.526	4.858	0.213
2.439	2.194	0.1973
2.469	2.938	0.2017
2.534	2.629	0.2094
2.696	2.794	0.2089
2.788	1.864	0.1982
2.711	-1.31	0.1777
2.418	4.196	0.1334
2.425	-1.945	0.1304
2.464	1.422	0.1607
2.51	1.892	0.1524
2.6	4.667	0.1592
2.533	1.695	0.1381
2.422	3.946	0.1217
2.602	3.471	0.167
2.649	2.454	0.1544
2.625	4.934	0.1506
2.65	0.8394	0.1552
2.554	3.759	0.1383
2.617	3.603	0.1697
2.649	4.437	0.1636
2.648	-2.617	0.1726
2.552	3.463	0.1706
2.605	3.426	0.1831
2.499	3.805	0.1968
2.547	2.76	0.2052
2.743	-2.106	0.2033
2.771	4.203	0.1855
2.577	-1.314	0.2026
2.667	-1.284	0.2019
2.655	3.2	0.2019
2.538	-0.4987	0.1913
2.532	3.604	0.2061
2.641	-1.714	0.1837
2.634	2.34	0.1952
2.558	3.994	0.2114
2.554	0.2555	0.2101
2.58	-4.311	0.2075
2.504	1.357	0.2196
2.538	-1.746	0.2143
2.667	-0.8434	0.2039
2.707	1.964	0.2174
2.587	2.891	0.2178
2.902	-0.8335	0.2257
2.806	3.464	0.2278
2.836	1.899	0.2236
2.564	0.1606	0.2177
2.553	-0.3365	0.2162
2.663	0.4587	0.2274
2.653	1.831	0.2229
2.633	-4.161	0.2257
2.627	3.293	0.167
2.602	1.858	0.1937
2.551	2.993	0.2142
2.53	0.2681	0.2161
2.762	2.055	0.2145
2.53	2.567	0.2106
2.742	2.47	0.2206
2.664	-1.26	0.2112
2.631	-1.258	0.2068
2.588	1.499	0.2052
2.733	2.472	0.2004
2.645	-0.4314	0.2025
2.833	0.7436	0.2217
2.897	-1.016	0.2064
2.968	1.032	0.2201
2.984	1.069	0.2216
2.851	2.722	0.2224
2.798	2.26	0.1438
2.872	0.1725	0.1763
1.87	0.9386	0.03973
2.564	3.147	0.097
2.684	-4.551	0.1769
2.438	-2.638	0.1407
2.572	1.988	0.1701
2.821	1.026	0.2145
2.709	1.433	0.2229
2.991	2.232	0.2041
2.644	-0.1083	0.191
2.601	0.5726	0.1654
2.663	1.41	0.2111
2.533	-2.8	0.1328
2.636	-0.865	0.1749
2.609	-1.957	0.1707
2.567	2.55	0.1427
1.732	0.8167	-0.01811
2.07	0.4083	0.04969
1.848	0.5643	-0.06689
2.262	0.8612	0.01359
2.246	-0.765	0.007075
2.375	-5.721	0.08163
2.366	-2.612	0.09498
2.188	-1.918	0.007267
2.376	-2.034	0.09642
2.288	2.043	0.05327
2.43	0.2506	0.1134
2.447	-5.967	0.1304
2.407	-3.087	0.1156
2.357	-0.7769	0.09389
2.311	2.836	0.0777
2.369	1.009	0.1042
2.298	1.664	0.06262
2.306	3.654	0.07289
2.348	4.16	0.09508
2.443	3.472	0.1128
2.368	0.9468	0.1072
2.406	-1.644	0.1218
1.547	-0.1074	-0.04559
1.428	0.156	-0.06432
1.448	0.4977	-0.05609
1.491	2.075	-0.05024
1.464	0.7855	-0.09064
1.304	-0.3538	-0.06511
1.313	-0.2631	-0.07218
1.403	-0.2766	-0.02555
1.228	-0.4084	-0.0571
1.257	-0.3263	-0.08159
1.345	0.06446	-0.1104
1.749	0.1417	-0.1257
1.267	-0.2027	-0.07706
1.285	-0.1861	-0.09188
1.335	-0.17	-0.07452
1.929	0.08759	-0.0366
1.638	0.7242	-0.04901
2.175	0.2172	0.03732
1.788	-0.4175	0.104
2.111	-1.052	0.1426
2.088	-1.602	0.1502
2.388	-1.97	0.2034
1.982	-0.7306	0.1361
2.474	-1.104	0.1929
2.29	1.911	0.1746
2.582	4.74	0.1684
2.318	0.446	0.1471
2.449	0.7291	0.1835
1.299	-1.855	-0.1013
2.578	1.011	0.1381
2.17	-2.772	0.1343
2.247	-3.508	0.1802
2.134	-5.68	0.1794
2.316	2.236	0.1978
2.022	-0.9134	0.09483
2.058	1.182	0.09635
2.355	2.728	0.1252
2.407	-2.401	0.1518
1.238	0.1136	-0.01718
2.273	-0.4551	0.1606
2.373	0.2322	0.1461
2.222	2.274	0.1725
2.104	-1.313	0.1671
2.381	-5.526	0.1522
2.514	-0.07846	0.2183
2.396	4.027	0.1954
2.37	3.361	0.1908
2.478	1.763	0.1821
2.234	-3.51	0.1302
2.504	3.775	0.2666
2.388	-1.698	0.2009
2.109	-1.383	0.1596
0.8327	0.09768	0.05175
2.103	-3.197	0.151
2.4	0.1237	0.136
2.363	-2.528	0.09019
2.406	3.033	0.198
2.506	2.486	0.2041
1.968	-3.556	0.1292
1.604	-1.932	-0.0008383
2.033	0.09015	0.1208
2.192	-2.194	0.1557
2.104	-3.898	0.1307
2.409	3.244	0.138
2.507	1.293	0.1591
2.418	3.996	0.1603
2.352	5.354	0.1988
2.311	-2.346	0.1948
2.407	4.609	0.2143
2.138	-6.24	0.1658
2.087	0.3107	0.1516
2.537	-0.8989	0.2143
2.489	-0.132	0.1928
2.266	-2.797	0.182
2.098	-2.221	0.1256
2.208	3.174	0.1213
2.181	4.869	0.0952
2.422	2.288	0.1346
2.341	-0.5576	0.1711
1.954	-2.868	0.09785
1.832	-0.4909	0.006008
1.826	0.1939	-0.004064
1.674	1.601	-0.015
2.252	3.638	0.1636
2.265	2.536	0.1367
2.204	-0.2992	0.1322
1.2	0.255	0.01935
2.063	-2.364	0.1
2.055	1.142	0.07668
1.251	0.9045	-0.07141
2.443	-2.839	0.1576
2.289	-1.398	0.1539
2.334	3.168	0.1787
2.278	2.218	0.1651
2.242	3.492	0.1499
2.115	3.47	0.1338
2.1	2.344	0.1383
2.288	3.68	0.1523
2.207	0.6288	0.1478
2.335	2.675	0.1693
2.27	2.532	0.1709
2.114	-0.5633	0.1712
2.246	-1.442	0.1738
2.07	0.3637	0.14
2.101	3.749	0.1626
2.156	2.089	0.1765
2.248	2.359	0.1469
2.245	0.1472	0.1652
2.406	-5.254	0.1404
2.303	2.616	0.1933
2.429	-3.954	0.2074
2.186	-1.877	0.1812
2.146	-1.876	0.2168
2.57	3.055	0.2059
2.676	-1.262	0.2103
2.426	-6.662	0.1838
2.33	-5.444	0.2066
2.673	3.456	0.1957
2.352	0.2681	0.1942
2.319	-4.094	0.1849
2.377	2.442	0.193
2.378	-1.33	0.1443
2.598	-3.547	0.1518
2.352	4.551	0.1943
2.558	2.983	0.1816
2.411	2.904	0.13
2.329	-1.944	0.1423
2.336	1.816	0.1425
2.278	-0.8862	0.2357
2.115	-1.407	0.1588
2.569	-2.121	0.1562
2.478	-0.372	0.2073
2.461	2.874	0.1894
2.394	3.336	0.1738
2.355	1.609	0.1597
2.564	1.446	0.2248
2.396	0.9755	0.1787
1.902	-1.013	0.165
1.588	-0.3769	0.1725
1.131	0.4869	0.05921
2.21	-1.513	0.1502
2.151	-3.586	0.1601
1.618	-1.83	0.1211
2.03	-1.322	0.1349
1.417	1.945	0.0721
2.19	3.178	0.1665
2.076	-4.236	0.1523
2.343	-2.266	0.184
2.269	3.332	0.1786
2.196	3.107	0.1615
2.117	3.803	0.1084
2.344	-5.369	0.1203
2.425	-2.547	0.1539
2.4	0.4826	0.1376
2.357	1.694	0.1168
2.509	4.328	0.1401
2.733	6.806	0.1215
2.393	-2.603	0.1629
2.587	4.216	0.184
2.282	-3.371	0.1696
2.352	1.407	0.1953
2.41	4.757	0.2155
2.57	-2.011	0.1827
2.515	2.2	0.2009
2.574	2.455	0.198
2.449	-1.72	0.2059
2.419	4.016	0.2093
2.44	2.473	0.1728
1.791	-0.308	0.05827
2.224	-2.562	0.1454
2.303	0.3666	0.1783
2.313	-0.6457	0.1553
1.421	1.325	-0.0428
1.982	-0.6219	0.08856
2.16	-2.423	0.1112
2.466	1.788	0.06918
2.304	0.7914	0.07531
0.8754	0.3059	-0.05427
0.6198	-0.1225	-0.006744
1.021	0.8866	0.02157
2.056	-4.422	0.1323
2.067	-3.209	0.1155
2.078	-2.812	0.1412
2.08	-2.581	0.1201
2.186	-2.794	0.1439
2.078	-2.107	0.1175
2.105	-1.544	0.1208
2.176	-2.06	0.1701
2.124	-4.755	0.1376
2.303	3.109	0.1452
2.462	3.957	0.1489
2.343	2.037	0.1577
2.582	-4.909	0.1363
2.62	-0.2073	0.1495
2.556	-4.262	0.1443
2.429	-2.131	0.1542
2.332	-1.085	0.1701
2.335	-2.214	0.1649
2.323	-0.6173	0.1941
2.279	1.006	0.2084
2.336	2.756	0.1729
2.38	4.789	0.1807
2.318	-1.623	0.1769
2.339	4.527	0.2085
2.238	-0.2765	0.2142
2.262	-4.893	0.1878
2.355	1.152	0.1882
2.425	4.831	0.1983
2.372	-1.161	0.2016
2.459	4.028	0.2037
2.107	-3.892	0.1559
2.078	-3.536	0.1402
2.198	-3.227	0.181
2.2	-4.02	0.1787
2.123	-2.488	0.1571
2.041	-0.3313	0.1356
2.063	-1.855	0.1292
2.477	2.974	0.2107
2.504	3.124	0.2109
2.315	2.066	0.201
2.534	1.986	0.2063
2.533	-2.455	0.207
2.56	-1.525	0.2154
2.434	1.515	0.1905
2.14	-0.695	0.1252
2.13	-0.2742	0.1292
2.062	-1.743	0.1404
2.125	-3.379	0.128
2.173	0.2177	0.1659
2.096	-0.3213	0.1413
2.066	-1.505	0.1108
2.219	3.284	0.1359
2.081	4.727	0.1142
2.135	3.853	0.1251
2.284	2.93	0.131
2.394	-1.537	0.1284
2.285	2.688	0.1187
2.512	1.207	0.1358
2.077	3.698	0.09059
2.178	3.745	0.1116
2.293	3.149	0.1152
2.292	-0.1593	0.1056
2.366	2.02	0.133
2.215	0.6061	0.1297
1.979	-2.948	0.08715
2.434	0.2441	0.1858
2.474	-2.318	0.1879
2.265	0.9021	0.1415
2.226	0.7954	0.1424
2.044	1.631	0.0908
2.117	3.465	0.06021
2.196	3.569	0.06529
2.023	0.7242	0.06249
1.836	-4.088	0.05833
1.848	-1.455	0.04315
1.771	1.057	-0.01844
2.185	2.469	0.07278
1.979	-3.036	0.05638
1.704	-4.089	-0.00823
1.572	-3.238	-0.05842
1.409	-1.41	-0.08721
1.391	-1.331	-0.09011
2.333	2.353	0.179
2.261	2.414	0.1665
2.322	2.712	0.1547
2.332	-0.2648	0.1448
2.255	4.599	0.1525
2.227	3.264	0.1524
2.183	0.1819	0.127
2.358	1.47	0.1469
2.074	-2.784	0.116
2.355	-3.513	0.1352
1.969	-0.8756	0.1142
1.586	1.099	0.06707
1.891	2.678	0.08579
1.715	1.262	0.06202
0.9846	-0.1547	-0.00168
1.699	-1.029	0.05233
2.21	2.672	0.1113
2.099	0.354	0.09893
2.276	0.2987	0.1223
2.062	-1.458	0.08674
1.749	-2.226	0.03488
1.981	2.43	0.05314
1.351	0.3531	-0.04118
1.724	-0.4037	0.01577
1.573	-1.556	-0.03824
1.218	0.5499	-0.1024
2.274	-1.504	0.1459
2.027	-1.002	0.1349
2.451	-2.443	0.1588
2.393	-2.395	0.1541
2.385	-2.408	0.1533
2.418	1.56	0.1497
2.385	0.1827	0.1513
2.264	3.341	0.1625
2.382	0.3802	0.1588
2.42	3.092	0.1854
2.277	2.3	0.1748
2.25	-3.111	0.1693
2.303	-4.305	0.1707
2.258	1.379	0.1668
2.389	0.8131	0.1556
2.326	1.125	0.1435
2.399	-0.07487	0.1622
2.294	3.982	0.1633
2.239	2.669	0.1575
2.157	3.158	0.1372
2.257	2.202	0.1418
2.222	2.798	0.1479
2.145	-1.709	0.1413
2.061	-2.114	0.1343
2.028	-0.2006	0.132
1.996	-2.381	0.1373
2.176	0.1248	0.1353
2.118	0.3724	0.1352
2.302	-0.19	0.1529
2.267	-2.921	0.1415
2.254	0.5046	0.1497
2.23	-2.667	0.1605
2.222	4.478	0.1607
2.368	3.082	0.175
2.328	1.952	0.1645
2.457	3.743	0.1903
2.414	0.6756	0.1934
2.396	2.722	0.1912
2.256	0.7618	0.1621
2.237	2.809	0.1676
2.305	3.492	0.158
2.301	0.983	0.1708
2.309	0.9845	0.1843
2.189	3.646	0.1712
2.169	2.037	0.1741
2.201	-1.198	0.1767
2.136	-1.136	0.169
2.102	0.3187	0.163
2.16	3.542	0.142
2.004	-0.6822	0.1376
2.22	0.9047	0.1794
2.228	2.931	0.1608
2.226	-0.4281	0.1556
2.308	1.987	0.1598
2.19	1.838	0.1499
2.125	1.914	0.1751
2.18	3.051	0.1855
2.097	0.2912	0.1567
2.09	4.02	0.1658
2.087	4.606	0.1659
2.093	4.215	0.1688
2.1	4.429	0.1608
2.268	-0.9072	0.1675
2.375	-0.01995	0.1463
2.213	0.7347	0.1866
2.194	2.435	0.1663
2.134	1.805	0.1538
2.313	1.46	0.1376
2.43	1.964	0.1416
2.158	-3.231	0.1652
2.188	-2.609	0.1449
2.299	-1.757	0.1489
2.336	0.4487	0.1776
2.387	-0.1636	0.1595
2.338	3.041	0.1937
2.416	3.348	0.2003
2.182	3.533	0.1777
2.249	2.824	0.1799
2.405	-0.01559	0.2019
2.379	5.103	0.2123
2.517	2.994	0.2183
2.142	1.969	0.172
2.155	4.123	0.1805
2.113	-0.5417	0.1544
2.152	-2.864	0.1551
2.142	-2.289	0.1699
2.233	1.703	0.2073
2.246	-2.087	0.219
2.235	2.189	0.1899
2.17	1.17	0.1984
2.119	-5.675	0.2014
2.311	-0.5348	0.222
2.524	5.007	0.2166
2.245	-3.547	0.2191
2.489	1.858	0.2133
2.455	2.049	0.2024
2.399	-5.92	0.2018
2.473	0.9507	0.1926
2.767	3.611	0.2224
2.559	1.305	0.2136
2.648	3.707	0.1904
2.456	-1.22	0.1947
2.489	0.5621	0.1749
2.655	3.111	0.196
2.849	-0.8466	0.2113
2.358	-5.108	0.2063
2.399	-3.018	0.1997
2.397	-1.289	0.198
2.347	-4.283	0.2008
2.401	0.734	0.1939
2.482	2.305	0.2
2.33	-5.611	0.1929
2.736	1.214	0.2109
2.462	-3.789	0.1951
2.407	3.178	0.1923
2.359	-1.357	0.1915
2.354	-4.752	0.1907
2.373	2.111	0.1903
2.384	3.821	0.19
2.353	-4.426	0.1882
2.308	-1.191	0.175
2.344	-2.132	0.1854
2.505	1.922	0.1698
2.566	0.5694	0.1707
2.35	-4.772	0.166
2.422	-5.292	0.1605
2.406	3.897	0.1495
2.31	-0.4886	0.1356
2.399	0.8599	0.1345
2.454	2.024	0.1936
2.409	3.043	0.1829
2.321	0.9023	0.1831
2.393	-1.925	0.1959
2.491	3.675	0.1963
2.42	2.168	0.1943
2.559	2.62	0.1818
2.386	3.466	0.1344
2.317	2.644	0.1314
2.369	-1.604	0.1603
2.529	1.384	0.1518
2.527	0.4821	0.1492
2.373	4.01	0.1325
2.275	2.246	0.1368
2.451	-1.276	0.1615
2.385	0.9397	0.1321
2.356	1.562	0.1367
2.289	-0.7805	0.1419
2.345	-0.197	0.1475
2.044	1.148	0.146
1.981	-1.73	0.1425
2.241	1.086	0.1722
2.129	2.575	0.1642
2.172	-1.11	0.1906
2.425	2.863	0.2557
2.31	3.874	0.2031
2.487	-1.996	0.1417
2.42	-2.655	0.1571
2.538	3.386	0.144
2.549	3.144	0.1351
2.322	3.429	0.1383
2.514	1.759	0.2657
2.534	2.678	0.2767
2.473	-0.5835	0.2093
2.496	1.126	0.1788
2.279	-1.24	0.1508
2.413	4.12	0.2074
2.534	3.93	0.2555
2.302	-0.6971	0.1626
2.352	3.318	0.1621
2.368	1.912	0.1597
2.087	2.798	0.1455
2.47	2.993	0.2131
2.233	3.788	0.1663
2.216	3.725	0.1484
2.335	-0.8661	0.1526
2.534	-1.192	0.2258
2.557	1.206	0.2488
2.3	0.9563	0.1518
2.44	-1.689	0.1728
2.507	-3.134	0.1964
2.433	-4.307	0.1789
2.523	-0.265	0.2092
2.452	0.4712	0.1763
2.382	-1.283	0.1599
2.521	2.136	0.2122
2.52	-1.791	0.1999
2.356	-1.771	0.1973
2.299	-0.6059	0.1635
2.074	-0.9393	0.2019
2.152	-3.138	0.178
2.077	-1.961	0.1559
1.828	-0.2934	0.1257
1.609	2.152	0.1336
1.546	1.343	0.08222
1.985	-3.421	0.1936
1.773	0.3605	0.1834
1.372	1.061	0.1352
1.234	0.7925	0.1092
0.8304	0.02823	0.05313
2.23	-3.891	0.152
2.21	0.4448	0.1801
2.238	-0.2773	0.1437
2.227	-1.878	0.1445
2.168	-4.571	0.1518
2.204	-0.6073	0.1625
2.097	1.735	0.1531
1.599	-0.03001	0.1412
1.295	1.097	0.09659
1.936	-0.7786	0.1667
1.988	1.357	0.1425
1.93	-3.109	0.1387
1.458	1.498	0.08857
1.023	0.4718	0.05943
2.073	-3.409	0.1534
1.856	0.6701	0.1214
1.767	-0.2495	0.1063
1.992	3.423	0.1343
1.847	1.471	0.1088
2.071	2.432	0.1538
2.121	-4.254	0.1515
2.237	-1.016	0.1686
2.155	-1.405	0.1548
2.068	-1.132	0.1633
2.073	0.4725	0.168
2.057	-3.498	0.148
2.285	2.179	0.1705
2.26	-1.435	0.1759
2.267	-1.995	0.149
2.382	-1.132	0.1713
2.424	-2.031	0.1855
2.205	4.585	0.1722
2.115	1.058	0.1679
2.306	-0.9416	0.1793
2.359	-1.543	0.1853
2.4	2.179	0.1887
2.182	0.7069	0.1709
2.163	-1.193	0.1572
2.319	3.016	0.1861
2.244	-1.982	0.1779
2.235	3.391	0.1675
2.151	0.9127	0.1267
2.272	-4.671	0.1425
2.109	2.194	0.1269
2.047	1.569	0.1224
2.17	-0.2483	0.1108
2.248	-1.866	0.1046
2.354	-3.233	0.09458
2.301	6.03	0.1483
2.258	4.452	0.1408
2.287	0.0773	0.1626
2.322	1.715	0.1551
2.447	0.2984	0.1448
2.481	2.89	0.1463
2.509	4.913	0.1342
2.286	0.1608	0.1129
2.345	-3.315	0.109
2.26	0.7465	0.122
2.377	2.828	0.1238
2.376	4.266	0.1278
2.535	1.994	0.1175
2.437	2.705	0.1047
2.313	4.431	0.1317
2.407	0.1155	0.1264
2.76	3.809	0.1362
2.713	3.177	0.1526
2.713	0.8853	0.1456
2.638	2.384	0.1622
2.594	5.261	0.1785
2.279	3.693	0.146
2.42	4.269	0.1487
2.493	-0.5534	0.1712
2.469	-0.1101	0.1848
2.553	-0.2108	0.1936
2.349	3.855	0.159
2.337	-1.294	0.1511
2.292	-0.6221	0.1654
2.289	-4.248	0.1777
2.35	3.278	0.1868
2.38	-0.185	0.1807
2.358	-1.819	0.1957
2.307	-4.91	0.1644
2.3	3.821	0.1833
2.394	-0.7462	0.199
2.358	-4.514	0.2057
2.341	-4.784	0.2054
2.391	4.063	0.2068
2.377	2.644	0.2115
2.353	-3.192	0.2092
2.603	0.4343	0.158
2.596	2.515	0.1703
2.54	2.872	0.2008
2.507	1.056	0.207
2.61	2.1	0.1946
2.493	3.958	0.1827
2.456	3.477	0.1893
2.544	0.6528	0.2012
2.612	3.227	0.2052
2.486	4.012	0.2071
2.494	0.4912	0.187
2.593	-0.2816	0.1972
2.601	-0.4079	0.2019
2.437	2.793	0.2014
2.431	1.465	0.2011
2.386	0.7684	0.1971
2.424	-3.062	0.2062
2.379	-3.886	0.207
2.342	-1.369	0.2071
2.377	0.9823	0.206
2.402	2.753	0.2136
2.355	-2.548	0.2099
2.514	0.2989	0.1599
2.416	3.701	0.15
2.451	2.21	0.1573
2.509	-0.6238	0.1822
2.466	-1.585	0.1966
2.092	0.2828	0.08564
2.373	2.443	0.1394
1.521	0.4567	-0.05873
1.687	1.917	0.003398
1.954	0.4664	0.1018
1.908	-2.663	0.1217
1.996	-0.5513	0.1427
2.392	0.2718	0.182
2.476	1.651	0.194
2.366	1.214	0.1663
2.187	1.764	0.1597
2.091	4.528	0.151
2.504	2.118	0.19
2.164	1.902	0.1377
2.34	-3.199	0.1693
2.439	1.214	0.1826
2.5	4.154	0.1646
1.358	0.775	-0.08626
1.654	-0.1785	0.01712
1.374	1.735	-0.02969
1.853	-0.4874	0.04035
1.732	-0.8657	0.03119
1.851	-0.8559	0.09109
1.96	-3.524	0.1102
1.992	-2.046	0.06517
2.375	-3.027	0.09594
2.128	0.5758	0.07565
2.155	-0.6875	0.1314
2.356	-5.234	0.1313
2.441	-1.28	0.1019
2.469	2.532	0.06831
2.166	-0.8245	0.0806
2.099	-3.133	0.1039
2.22	1.509	0.076
2.436	2.526	0.05166
2.409	4.062	0.0681
2.25	1.678	0.1211
2.427	2.767	0.1003
2.472	4.889	0.1333
1.158	1.548	-0.09445
0.9096	0.003242	-0.05786
1.003	0.5001	-0.08091
1.17	1.906	-0.06057
1.05	1.165	-0.03113
0.6315	-0.2527	-0.01013
0.7324	-0.1213	-0.03329
0.9626	0.1409	0.01879
0.6252	-0.1621	0.01501
0.6526	-0.08972	0.01951
0.8314	0.3272	-0.01659
1.323	1.777	2.303e-05
0.7176	-0.01997	-0.03182
0.7162	0.001169	0.001483
0.8178	0.1798	0.02794
1.495	0.9468	0.04964
1.157	1.184	0.04813
1.698	-0.101	0.08369
