1.55	0.4933	0.09214
1.824	-0.9191	0.1733
1.984	-2.268	0.1624
1.996	1.245	0.2441
2.156	-2.156	0.205
1.842	3.748	0.1991
2.023	0.9691	0.2857
1.522	-1.506	0.08551
2.042	1.015	0.1877
1.994	2.965	0.2049
1.391	-2.653	-0.0923
1.877	0.1028	0.2666
1.935	-4.016	0.1846
1.884	-4.125	0.2256
2.061	-3.721	0.2012
1.997	0.4376	0.2087
1.841	-2.877	0.1295
1.804	1.351	0.1117
1.818	2.816	0.1326
1.667	0.8157	0.1883
1.316	-0.1782	-0.03114
1.878	-1.371	0.2318
1.839	2.31	0.2048
2.055	0.1687	0.2249
2.031	-0.7738	0.1911
2.047	-1.388	0.1944
2.067	1.976	0.2657
2.031	1.56	0.2714
2.17	0.1599	0.2851
2.144	2.7	0.2419
2.057	-3.533	0.1726
1.915	2.753	0.242
1.803	-3.56	0.1698
1.863	0.2432	0.1808
1.216	-0.6282	0.03286
2.033	-3.529	0.2557
1.992	2.12	0.2233
1.933	0.4582	0.2309
2.091	0.8348	0.2807
2.138	-0.05198	0.2153
1.883	0.2467	0.1199
1.579	-1.179	0.03357
2.01	-1.484	0.1492
2.004	-2.082	0.1927
2.027	-4.637	0.1605
1.883	2.699	0.2383
1.902	-0.1429	0.2469
1.904	3.13	0.2223
1.941	1.982	0.2194
1.909	-1.482	0.2239
1.99	1.525	0.2302
2.014	-3.737	0.1787
1.986	-0.1888	0.1535
1.865	-0.8965	0.2225
1.922	3.042	0.1947
1.936	-3.215	0.1863
1.881	-3.865	0.1639
1.866	2.436	0.2354
1.858	3.208	0.1535
1.857	1.344	0.2503
1.886	-0.2519	0.1754
1.818	-1.937	0.07808
1.828	1.179	-0.01605
1.539	-0.2107	-0.004479
1.717	2.124	-0.06217
1.733	2.93	0.1858
1.666	2.37	0.1408
1.606	1.01	0.1547
1.298	-0.554	0.01988
1.54	-0.2568	0.1097
1.531	1.187	0.07179
1.327	0.7786	-0.09535
1.741	1.379	0.2037
1.711	-2.109	0.1811
1.75	2.551	0.2264
1.731	2.356	0.2191
1.821	2.29	0.2137
2.121	-4.414	0.2195
2.083	2.959	0.208
2.023	1.739	0.2326
2.106	1.178	0.2182
1.926	1.78	0.2352
2.002	2.096	0.2264
2.008	0.498	0.1956
2.114	1.913	0.2029
2.107	-0.8024	0.1979
1.956	-0.272	0.162
2.073	0.002172	0.1986
2.09	1.666	0.2074
2.051	-1.741	0.2177
2.073	-4.027	0.2055
2.059	0.2305	0.2186
2.002	-0.1822	0.2248
2.035	1.967	0.1762
2.038	1.671	0.2328
2.062	1.944	0.2637
2.057	1.335	0.2684
1.968	2.481	0.212
2.137	-0.3352	0.2832
2.192	1.636	0.2914
2.096	2.193	0.2847
2	-4.546	0.2722
2.134	-2.919	0.2886
2	-0.4096	0.1816
2.056	-2.622	0.1938
2.186	-1.263	0.287
2.16	-1.213	0.2637
1.968	5.289	0.1393
1.978	-3.625	0.1544
2.027	3.291	0.179
2.008	1.244	0.2117
2.101	-0.0962	0.2109
1.999	1.846	0.1947
1.949	0.01393	0.2155
2.007	1.514	0.2296
1.953	2.562	0.2288
2.035	0.6494	0.2055
1.909	-0.075	0.2382
1.819	1.107	0.2171
1.574	0.2211	0.1162
1.608	0.6695	0.09356
1.239	-0.6702	0.02846
1.954	-4.589	0.1783
1.829	-1.895	0.1613
1.615	-0.323	0.1167
1.76	0.3329	0.1631
1.51	0.9492	0.09664
2.007	1.347	0.2315
1.935	-4.464	0.2145
2.017	0.2468	0.2274
2.156	2.382	0.2741
2.05	1.357	0.2867
1.945	2.881	0.2375
1.959	-5.319	0.2287
1.977	-1.665	0.2693
2.033	2.54	0.266
1.984	2.643	0.1964
1.835	1.867	0.1293
1.766	1.688	0.1159
1.903	-0.2314	0.2449
1.77	2.664	0.1856
1.966	1.316	0.2558
2.03	-0.3727	0.2701
2.028	2.042	0.2528
1.92	1.995	0.2498
1.996	1.815	0.2441
1.579	-1.938	0.1506
2.121	1.361	0.2499
2.03	2.096	0.2467
1.838	1.971	0.197
1.634	0.9234	0.04471
1.714	0.9684	0.07365
1.966	0.5064	0.1262
1.544	-2.981	0.128
1.411	0.4777	-0.04791
1.918	-1.562	0.1122
1.828	-2.394	0.1541
1.925	3.705	0.2064
1.792	3.07	0.2035
1.203	0.102	-0.07535
1.131	-0.6016	-0.02372
1.224	-0.1938	0.02462
2.002	-5.044	0.1551
2.027	-3.283	0.1516
1.993	-3.866	0.1571
1.987	-1.997	0.1548
1.966	-3.167	0.1887
2.017	-2.527	0.1597
2.041	-2.774	0.1658
2.034	-1.408	0.1992
2.072	-5.432	0.1782
1.893	2.05	0.2183
1.895	2.595	0.2317
1.923	1.665	0.2166
1.883	-0.1985	0.2586
1.884	0.1949	0.2594
1.89	-0.0981	0.2482
1.891	0.6229	0.2318
1.89	-3.265	0.2331
1.889	0.9681	0.2163
1.997	-0.1376	0.2148
2.007	-1.084	0.2167
1.966	1.134	0.213
1.927	3.474	0.2169
1.891	2.151	0.2113
1.964	1.817	0.2225
2.022	-1.51	0.2222
1.886	-3.554	0.2222
1.902	2.951	0.2139
1.933	2.305	0.2218
1.958	-0.1839	0.2325
1.988	2.653	0.2352
1.987	-2.551	0.1697
2.007	-4.109	0.1575
2.04	-4.774	0.1899
2.013	-4.393	0.178
2.02	-2.985	0.1637
1.997	-0.9422	0.1487
1.948	-2.334	0.1487
1.941	3.328	0.225
1.924	3.573	0.2138
1.965	-0.2046	0.2012
1.857	0.8669	0.2087
1.903	-1.905	0.2042
1.921	0.8971	0.2131
1.919	2.652	0.1947
1.836	-2.573	0.1296
1.861	-1.914	0.1365
1.921	-1.064	0.145
1.911	-3.679	0.1767
1.963	-0.8975	0.1649
1.897	-0.89	0.143
1.857	-3.305	0.1506
1.874	2.617	0.2162
1.853	2.454	0.1956
1.863	2.313	0.2097
1.874	2.45	0.2399
1.877	0.1052	0.2643
1.872	0.2725	0.2582
1.879	0.6558	0.2686
1.845	2.038	0.1546
1.861	2.084	0.213
1.86	1.423	0.2237
1.847	1.685	0.1546
1.814	1.659	0.2072
1.85	-2.265	0.1316
1.833	-2.299	0.09129
1.864	1.916	0.188
1.928	-0.5162	0.1899
1.908	2.415	0.1553
1.871	0.7865	0.1522
1.856	-2.544	0.09674
1.849	3.701	0.06563
1.851	3.273	0.0393
1.841	2.096	0.0842
1.821	-1.14	0.03691
1.839	-2.416	0.04631
1.832	2.108	-0.06475
1.842	2.526	0.03328
1.692	-0.275	0.06466
1.778	-1.711	-0.01907
1.592	1.474	-0.08667
1.438	-2.809	-0.09274
1.486	-1.675	-0.09821
1.798	1.743	0.1972
1.792	0.9597	0.178
1.678	2.814	0.1882
1.657	0.8738	0.1627
1.724	5.611	0.1652
1.767	4.196	0.1566
1.668	0.4775	0.1287
1.636	-1.697	0.1796
1.592	1.115	0.1329
1.613	-1.223	0.1565
1.592	0.7889	0.1225
1.432	-0.07568	0.05493
1.549	0.2422	0.09626
1.506	-0.202	0.06531
1.226	-0.5914	-0.008183
1.441	-0.4034	0.04627
1.594	1.913	0.1116
1.646	-3.184	0.09753
1.596	0.09146	0.1307
1.511	-0.6101	0.09007
1.403	-0.9411	0.03145
1.567	1.346	0.04827
1.295	0.223	-0.06574
1.398	0.2906	-0.001697
1.415	1.233	-0.04503
1.358	-0.9245	-0.1118
1.657	-0.5301	0.1666
1.596	0.7043	0.1393
1.694	1.436	0.2037
1.691	-2.727	0.1913
1.73	0.1758	0.1935
1.772	1.501	0.202
1.819	1.571	0.1994
1.675	3.266	0.2098
1.69	2.318	0.2075
1.785	2.561	0.2095
1.72	2.631	0.2152
1.73	1.09	0.2248
1.8	-0.3565	0.2338
1.792	1.307	0.2269
1.768	2.453	0.2083
1.814	3.057	0.2036
1.741	2.8	0.2124
1.776	2.568	0.2188
1.851	1.196	0.2236
1.935	2.137	0.2083
1.923	3.179	0.2067
1.934	0.4475	0.2266
1.958	1.466	0.2167
2.06	1.504	0.2103
2.157	-0.5388	0.2105
2.148	-1.76	0.2078
2.159	-0.5702	0.2185
2.164	-0.2438	0.2103
1.962	0.7585	0.2343
2.078	0.7085	0.2289
2.066	1.224	0.2265
2.056	-1.844	0.2302
2.07	0.5137	0.2214
1.821	2.6	0.2293
1.907	2.301	0.2352
1.805	0.7875	0.217
1.883	2.652	0.2336
1.966	2.968	0.2316
1.992	-0.7202	0.2353
2.03	1.403	0.2285
1.963	1.911	0.2355
1.971	1.647	0.2362
2.008	-1.081	0.2176
2.025	2.223	0.2118
2.034	3.011	0.2182
2.033	0.3032	0.2017
2.002	0.379	0.1877
1.97	0.9502	0.1725
2.153	-0.4226	0.2073
2.146	-1.324	0.202
2.079	-0.8742	0.2134
2.083	1.414	0.2114
2.184	2.59	0.2023
2.142	-1.211	0.1993
2.089	2.327	0.197
2.003	1.435	0.1958
2.054	2.907	0.2148
1.973	-1.283	0.1613
1.958	3.736	0.1734
1.998	2.172	0.1822
1.965	4.381	0.1734
2.028	2.351	0.1933
2.142	-1.216	0.2002
2.108	2.787	0.2018
2.123	-1.808	0.2058
2.08	2.129	0.2013
2.058	-1.966	0.2049
2.079	0.2961	0.2101
2.078	1.867	0.2004
2.063	-1.38	0.2112
2.07	-4.245	0.2104
2.069	-4.692	0.21
2.019	0.8123	0.2104
2.036	0.5385	0.2042
2.026	2.61	0.2185
1.985	3.461	0.2105
2.04	2.906	0.1979
2.061	3.224	0.2182
2.051	1.912	0.2345
2.055	2.263	0.252
2.038	2.555	0.2582
1.989	0.5483	0.1617
2.006	3.463	0.1758
1.99	-1.939	0.1574
2.033	-2.509	0.1679
2.066	-1.577	0.192
2.051	0.8139	0.2321
2.043	2.93	0.2513
2.037	0.8246	0.1905
2.048	0.05956	0.2087
2.051	-1.548	0.2173
2.039	-2.201	0.2498
2.075	0.04775	0.2653
2.03	-3.001	0.2315
2.019	0.5159	0.244
2.023	2.911	0.252
1.982	-1.64	0.2163
1.964	2.327	0.205
2.071	1.124	0.2644
2.013	-0.6378	0.2511
2.008	-2.43	0.2442
2.081	-4.345	0.2757
2.013	2.512	0.2594
2.169	1.566	0.2848
2.124	1.685	0.2778
2.021	0.6957	0.2635
2.133	0.1817	0.2775
2.168	-2.017	0.2931
2.15	-0.5741	0.2834
2.132	1.595	0.2886
2.16	2.151	0.2865
2.196	-0.93	0.2884
2.141	2.221	0.2791
2.183	1.792	0.2906
2.017	2.174	0.2769
2.109	-1.397	0.2818
2.218	1.515	0.2871
1.99	0.4317	0.27
2.026	-1.299	0.2762
2.036	-4.379	0.2804
2.004	-0.492	0.2815
2.071	0.4766	0.2872
1.985	3.272	0.1964
2.007	1.348	0.2008
2.046	2.839	0.2611
2.003	-0.06223	0.2018
2.016	2.595	0.1851
2.017	1.3	0.1644
2.072	-3.369	0.1808
2.23	1.702	0.2863
2.179	1.081	0.2801
2.093	2.064	0.2876
2.192	-1.607	0.2894
2.212	-1.352	0.2812
2.203	3.047	0.2785
2.193	1.31	0.2473
1.984	1.439	0.157
2.019	0.2119	0.1495
2.033	1.853	0.2355
2.019	0.3709	0.2003
2.029	4.825	0.1787
2.009	1.279	0.1448
2.028	1.1	0.1751
2.021	1.621	0.1889
1.978	1.171	0.1379
2.016	2.292	0.1498
2.018	2.631	0.1632
2.041	0.667	0.1859
2.131	-3.008	0.1995
2.127	-1.702	0.2046
2.001	0.5161	0.1926
2.079	-2.802	0.1994
2.066	0.6465	0.2146
1.997	2.144	0.23
2.043	1.473	0.228
2.051	0.05896	0.1994
2.028	1.682	0.191
2.065	-3.614	0.1988
2.043	0.4772	0.1952
2.014	0.7875	0.1939
1.94	1.109	0.216
1.924	1.553	0.2316
1.977	-3.132	0.1965
1.97	-1.02	0.1987
1.996	2.515	0.1971
1.953	3.576	0.2242
1.926	3.296	0.2404
1.986	2.301	0.2053
2.005	2.552	0.2128
2.044	0.6221	0.2132
2.107	1.738	0.2097
1.949	2.754	0.2399
2.026	2.666	0.2204
1.984	3.287	0.2135
1.921	2.362	0.2158
1.966	0.365	0.238
1.914	2.726	0.2456
2.04	1.225	0.1992
2.035	-0.01635	0.2245
1.981	-0.8673	0.2234
1.917	-1.34	0.1969
1.835	-0.279	0.2128
1.902	1.659	0.2308
1.862	1.804	0.2134
1.909	1.893	0.2431
1.89	-1.088	0.2302
1.774	-3.476	0.1966
1.751	-0.6022	0.1979
1.677	-1.18	0.1425
1.698	-2.891	0.1723
1.646	-0.7063	0.1516
1.559	0.5897	0.09621
1.492	0.149	0.05206
1.417	-0.08877	0.03805
1.723	-1.314	0.133
1.582	0.2111	0.09013
1.421	-0.1304	0.05352
1.358	-0.3151	0.06647
1.169	-0.7254	0.04005
1.943	-2.826	0.1822
1.823	-3.364	0.1592
2.008	2.226	0.1789
1.98	-0.7561	0.1858
1.924	-4.758	0.1772
1.917	0.5047	0.186
1.826	0.4875	0.1666
1.606	0.5332	0.1034
1.393	-0.3376	0.07907
1.716	0.2281	0.1349
1.747	0.755	0.1404
1.746	0.4128	0.149
1.507	-0.07593	0.09705
1.293	-0.4522	0.055
1.857	-1.724	0.1759
1.69	0.3093	0.1353
1.616	0.07871	0.1261
1.774	1.133	0.1592
1.712	0.8582	0.1394
1.868	0.4165	0.1891
1.886	-3.053	0.1934
1.946	-1.662	0.2138
1.909	1.329	0.1995
1.957	0.3985	0.2173
2.025	-2.667	0.2409
1.977	-4.62	0.2308
1.972	0.4056	0.1985
1.941	-0.3075	0.208
1.97	-4	0.1694
2.002	1.67	0.1994
2.082	1	0.2383
2.077	1.714	0.2569
2.072	-0.7687	0.2613
2.024	0.5002	0.243
2.11	1.182	0.2631
2.173	2.508	0.2734
2.108	0.4649	0.2779
2.052	0.7617	0.2779
2.188	2.729	0.2826
2.088	2.111	0.2858
2.022	2.772	0.2871
1.935	1.624	0.2152
1.926	-4.394	0.1999
1.972	2.553	0.2465
1.934	2.733	0.2232
1.937	0.1492	0.2261
1.94	-3.446	0.2421
1.953	-3.169	0.2385
2.026	3.307	0.2808
2.015	2.921	0.277
1.989	1.538	0.2828
1.994	1.992	0.2822
2.003	0.7193	0.2641
1.993	1.689	0.2521
2.029	2.497	0.2359
1.965	2.1	0.2365
1.938	-3.04	0.2159
1.996	0.847	0.259
2.048	2.658	0.2321
2.038	3.188	0.1999
1.892	-2.638	0.1501
1.883	3.19	0.1778
1.898	0.5588	0.1798
1.967	-12.2	0.1436
1.772	2.047	0.09976
1.621	0.9008	0.08598
1.594	-0.3913	0.08387
1.783	1.481	0.1488
1.614	0.7606	0.1081
1.941	1.27	0.2236
1.862	0.9507	0.1985
1.799	1.463	0.2154
1.976	-0.2982	0.2751
1.985	2.433	0.2528
1.968	-1.255	0.2607
1.971	2.479	0.2471
1.976	-1.277	0.2692
1.967	-2.123	0.2613
1.98	1.648	0.2599
1.976	-1.554	0.2714
2.06	1.24	0.2807
1.94	-0.5432	0.2556
1.999	0.9643	0.2601
2.053	1.895	0.2669
2.137	-4.491	0.2676
2.133	-1.901	0.2699
2.129	1.432	0.273
2.097	1.317	0.2667
1.97	-3.859	0.2486
1.887	1.419	0.2598
1.904	2.464	0.2518
2.019	-0.8721	0.2324
2.099	0.8346	0.2397
1.958	2.158	0.244
1.946	2	0.2406
1.94	1.891	0.2373
1.857	1.109	0.1873
1.663	0.9162	0.2002
2.164	1.256	0.2322
1.531	-1.982	0.1065
1.819	2.675	0.1495
1.996	-0.4315	0.2197
2.112	-3.495	0.2664
2.067	0.5928	0.244
1.93	1.212	0.2375
2.146	-2.783	0.2491
2.142	0.6029	0.2582
2.136	1.173	0.2663
1.924	-0.1695	0.2393
2.014	2.471	0.2495
1.935	-3.298	0.2415
1.872	1.036	0.2624
1.784	3.14	0.1786
1.82	1.831	0.2299
1.861	1.462	0.2375
2.04	1.2	0.2001
1.745	3.799	0.02941
1.788	4.48	0.1002
1.428	-0.5359	-0.04907
1.616	2.206	-0.01536
1.684	-1.402	0.05391
1.893	-1.194	0.09339
1.859	0.4119	0.09591
1.985	2.185	0.1404
2.1	1.193	0.1697
1.768	1.956	0.1169
1.936	0.1404	0.1022
1.874	-3.55	0.113
1.898	1.306	0.1404
1.716	-2.283	0.1424
1.69	0.8974	0.1264
1.529	-2.322	0.1238
1.496	-3.353	0.1007
1.384	-0.1796	-0.08838
1.554	-0.125	0.01805
1.453	0.4874	-0.02404
1.84	-2.021	0.07247
1.772	-0.1654	0.04188
1.854	-0.6396	0.08769
1.912	-4.457	0.1217
1.715	-1.318	0.1049
1.908	-1.95	0.1848
1.858	-0.8438	0.1326
1.834	-1.506	0.1692
1.941	-5.772	0.2077
1.95	-1.16	0.2301
1.934	3.021	0.232
1.871	-0.4333	0.1768
1.793	0.2442	0.1729
1.909	1.244	0.1615
1.896	3.4	0.2145
1.901	5.001	0.2128
1.661	1.216	0.1585
1.784	3.271	0.1516
1.679	4.021	0.116
1.32	-0.1362	-0.1114
1.222	-0.01446	-0.08338
1.245	0.5121	-0.1018
1.29	2.307	-0.07601
1.31	1.131	-0.03145
1.152	-0.6821	-0.01804
1.169	-0.5032	-0.05192
1.193	-0.7688	0.02073
1.118	-0.7393	0.00577
1.141	-0.6567	-0.002805
1.202	-0.0837	-0.03109
1.401	1.368	0.02057
1.163	-0.3446	-0.05084
1.16	-0.445	-0.01398
1.193	-0.509	0.01824
1.525	-0.8411	0.08377
1.38	0.602	0.06716
1.635	-1.089	0.1215
1.683	1.525	0.03616
1.837	-2.292	0.188
1.834	-2.526	0.1577
1.931	-0.4162	0.2607
1.977	-1.534	0.2184
1.843	0.9705	0.2181
2.04	0.5416	0.239
1.72	2.041	0.05323
2.103	1.165	0.1634
2.047	2.726	0.2095
1.204	-1.786	-0.08363
1.858	1.725	0.2728
1.83	-3.287	0.1501
1.944	-4.22	0.252
1.983	-4.604	0.2073
1.975	1.239	0.234
1.673	-3.242	0.1306
1.781	2.313	0.1094
1.71	2.648	0.1123
1.813	0.9033	0.1823
1.228	0.5407	-0.03088
1.908	-0.2318	0.2466
1.932	2.112	0.2043
1.998	-0.2289	0.2342
1.937	-0.7829	0.2005
2.039	1.453	0.234
2.017	1.933	0.2354
2.228	1.382	0.2754
2.098	1.94	0.2442
2.009	1.915	0.2438
2.122	-2.778	0.1828
2.003	2.434	0.2436
1.977	-0.2867	0.1661
1.855	-0.7198	0.1965
0.9928	-0.1602	0.05102
1.949	-3.449	0.2111
2.075	2.433	0.2632
1.931	-0.6574	0.1647
2.085	-1.656	0.2688
2.081	1.874	0.2549
1.664	-1.318	0.1092
1.451	-2.455	-0.005481
1.814	-2.511	0.1319
1.909	-1.475	0.1778
1.883	-4.661	0.157
1.803	2.069	0.2185
1.96	2.295	0.2624
1.9	2.964	0.2024
1.961	3.602	0.2196
1.917	-2.581	0.2488
1.989	2.111	0.2442
1.875	-5.498	0.179
1.79	0.1426	0.1449
1.902	0.8489	0.231
1.972	1.726	0.1867
1.878	-3.688	0.1873
1.741	-3.306	0.1523
1.754	1.932	0.2373
1.681	2.482	0.1648
1.812	2.435	0.245
1.833	3.124	0.161
1.743	-1.793	0.1196
1.554	-1.004	0.008317
1.508	-0.3289	0.0225
1.358	1.917	-0.04112
1.818	2.302	0.2334
1.744	2.536	0.1684
1.763	-0.2516	0.1118
1.266	-0.2731	-0.001433
1.618	-2.117	0.09075
1.606	1.327	0.08619
1.155	1.175	-0.06813
1.898	1.293	0.1915
1.891	-2.295	0.1304
1.862	1.81	0.2656
1.859	2.714	0.2326
1.903	2.358	0.2236
1.982	1.562	0.2279
1.917	1.87	0.2209
2.001	1.787	0.2505
2.035	1.096	0.2294
1.94	1.656	0.2686
1.97	2.193	0.2468
1.896	1.568	0.1965
1.962	-4.055	0.2421
2.008	1.858	0.2246
1.855	1.593	0.1711
1.874	-1.42	0.2054
1.895	2.059	0.2275
2.018	-1.361	0.2171
2.016	-3.238	0.2247
2.04	1.756	0.2165
2.025	-0.174	0.2074
2.002	1.357	0.1959
1.986	-1.264	0.2433
1.982	2.251	0.2614
2.036	1.108	0.2256
2.028	0.9304	0.2067
2.034	2.302	0.2745
2.109	2.658	0.2595
2.184	-0.1122	0.2693
2.098	-3.472	0.2608
2.112	0.497	0.2792
2.03	-0.338	0.1987
2.112	-0.7547	0.2042
2.085	-1.938	0.2771
2.089	2.595	0.2536
1.953	4.354	0.1675
1.944	-2.785	0.1583
2.108	2.486	0.1704
2.021	0.6802	0.2218
1.947	1.649	0.2203
2.07	1.706	0.2127
2.077	2.029	0.2202
2.16	1.927	0.2205
1.96	2.362	0.2156
2.085	0.1916	0.1879
2.095	-1.26	0.2356
1.981	-0.6764	0.1723
1.62	0.5915	0.073
1.523	-0.3041	0.1043
1.226	-0.08914	0.05544
1.936	-4.269	0.1738
1.859	-0.6197	0.1729
1.54	-0.56	0.1284
1.756	0.9562	0.1911
1.432	1.235	0.09477
1.935	2.076	0.2367
1.895	-6.164	0.2068
1.956	0.5839	0.2295
2.014	1.146	0.26
2.003	3.24	0.2193
1.955	4.069	0.1992
1.946	-8.285	0.1979
2.024	-0.7366	0.2428
1.978	2.797	0.228
1.91	1.364	0.165
1.938	2.607	0.1482
1.72	3.707	0.0357
2.111	0.8783	0.2616
2.054	2.734	0.1963
2.193	-0.9751	0.2687
2.147	2.751	0.2648
2.016	3.177	0.2623
2.115	0.9731	0.2803
2.191	1.03	0.2822
1.854	-2.036	0.167
2.051	0.1002	0.2661
2.098	1.887	0.2742
2.137	0.5277	0.2284
1.466	0.1702	0.02711
1.768	1.167	0.08272
1.798	2.622	0.1436
1.545	-2.173	0.06651
1.329	1.199	-0.07227
1.8	-0.7205	0.1177
1.795	-3.252	0.1617
1.976	3.776	0.1882
1.796	3.935	0.1224
0.8581	-0.06176	-0.08998
0.763	-0.5874	-0.03583
1.046	0.05613	0.01236
1.826	-5.403	0.144
1.848	-3.695	0.1398
1.838	-3.74	0.1543
1.813	-2.381	0.13
1.87	-2.392	0.1593
1.855	-2.109	0.1402
1.904	-1.804	0.1555
1.956	-2.405	0.1975
1.95	-5.001	0.1768
1.814	2.809	0.1845
1.852	3.247	0.2096
1.865	2.166	0.1815
1.828	-1.858	0.2534
1.945	2.333	0.2687
1.867	-2.469	0.2431
1.902	-2.142	0.2309
1.958	-1.032	0.2559
1.919	-1.494	0.2218
1.963	-0.4015	0.207
1.988	-1.159	0.2216
1.917	1.405	0.1884
1.934	3.747	0.2076
1.926	0.7672	0.2225
1.981	2.279	0.2309
1.991	-0.4536	0.2323
1.923	-4.507	0.2481
1.936	1.189	0.2307
1.956	2.438	0.2417
1.926	-0.9106	0.2545
1.95	2.422	0.2537
1.839	-3.663	0.1629
1.814	-3.929	0.1454
1.922	-3.49	0.2077
1.902	-4.971	0.1901
1.844	-2.384	0.1598
1.779	-1.202	0.1329
1.763	-2.052	0.1286
2.002	3.179	0.239
1.996	3.92	0.2143
1.95	-0.903	0.2156
1.859	0.8024	0.2205
1.881	-0.6098	0.192
1.954	0.6754	0.2067
1.969	3.23	0.1912
1.792	-2.192	0.1473
1.728	-1.235	0.14
1.736	-2.172	0.135
1.777	-3.597	0.1488
1.837	-1.154	0.1669
1.729	-1.448	0.1426
1.716	-3.537	0.148
1.769	3.088	0.1959
1.715	3.136	0.1991
1.74	2.742	0.2019
1.777	2.483	0.2323
1.802	-0.8078	0.2623
1.783	0.4944	0.2551
1.827	1.805	0.2743
1.68	2.452	0.1595
1.731	2.594	0.2231
1.748	2.48	0.2197
1.681	1.687	0.1461
1.783	2.672	0.1899
1.944	2.025	0.1571
1.656	-3.113	0.1167
1.838	0.1522	0.1926
1.896	-2.214	0.1722
1.909	-0.8881	0.1584
1.856	2.942	0.1353
1.84	0.7344	0.1271
1.605	1.803	0.07691
1.592	3.203	0.05566
1.629	0.1635	0.09505
1.619	-2.593	0.06941
1.738	-0.4123	0.07923
1.47	-0.07426	-0.03308
1.572	4.708	0.03426
1.698	-1.042	0.07364
1.565	-0.8029	0.01497
1.39	-2.946	-0.05047
1.283	-1.972	-0.06324
1.246	0.1002	-0.07187
1.836	2.403	0.2324
1.818	2.71	0.2101
1.808	3.45	0.2161
1.766	0.6567	0.1827
1.779	3.712	0.2071
1.806	2.92	0.1847
1.782	3.309	0.1379
1.798	-2.337	0.1441
1.673	-1.461	0.0985
1.741	0.6003	0.136
1.702	0.3445	0.06869
1.631	1.176	0.02017
1.623	-0.3641	0.05417
1.523	0.2059	0.04308
1.087	-0.4257	-0.02197
1.402	-1.689	0.04171
1.693	1.784	0.1282
1.732	0.1691	0.106
1.698	0.1477	0.1327
1.585	-0.3424	0.08674
1.371	-3.9	0.03033
1.605	3.073	0.06338
1.208	1.467	-0.04681
1.397	-1.026	0.02064
1.375	0.9528	-0.02571
1.175	-1.053	-0.09418
1.831	-0.3214	0.1206
1.75	0.3243	0.07611
1.864	0.6179	0.1884
1.872	-2.208	0.1604
1.895	-2.296	0.1699
1.92	1.781	0.2015
1.928	-1.42	0.1789
1.833	2.615	0.24
1.847	2.576	0.2135
1.85	2.225	0.248
1.852	1.982	0.257
1.858	1.384	0.2536
1.88	0.3742	0.2608
1.88	1.563	0.2427
1.904	2.602	0.2096
1.914	2.69	0.2139
1.883	2.403	0.208
1.881	2.764	0.2238
1.896	1.691	0.2314
1.908	2.086	0.2242
1.918	2.893	0.2147
1.933	0.5685	0.2351
1.913	1.764	0.2281
1.945	0.7007	0.2255
1.977	-0.1435	0.2225
1.957	-0.3996	0.2207
2.03	-2.552	0.2283
1.996	-2.216	0.2218
1.953	0.06549	0.251
1.994	-1.181	0.2386
2.035	1.581	0.2372
2.019	-0.811	0.2423
2.018	2.008	0.2334
1.891	2.176	0.2686
1.932	1.328	0.264
1.865	2.159	0.2519
1.919	2.11	0.2584
1.99	3.553	0.2567
1.996	0.8157	0.2552
1.991	1.604	0.2418
1.966	1.908	0.2628
1.97	1.107	0.2623
1.975	2.676	0.2438
1.95	2.654	0.2233
1.941	2.623	0.2231
1.946	-2.298	0.2181
1.91	-0.1221	0.1883
1.847	-1.238	0.1693
2.018	0.7869	0.2265
1.993	-1.119	0.2182
1.959	0.7611	0.2342
2.004	1.579	0.2336
2.028	0.557	0.2393
2.017	-0.2477	0.243
2.035	0.705	0.2329
1.878	2.767	0.1964
1.925	1.658	0.2202
1.839	-1.704	0.1633
1.851	2.823	0.1742
1.86	3.43	0.1855
1.893	2.694	0.1889
1.87	2.973	0.1989
1.939	-0.9036	0.2355
1.958	1.205	0.2378
1.909	-2.677	0.2272
1.883	1.192	0.2162
1.897	-0.473	0.2125
1.934	1.193	0.2317
1.982	2.719	0.2307
1.971	-1.345	0.2117
1.939	-3.087	0.2222
1.997	-4.204	0.2187
2.043	1.78	0.2135
2.056	-0.2645	0.213
2.033	3.253	0.2118
2.034	3.636	0.2084
2.012	3.321	0.2079
2.033	3.096	0.2135
2.042	-0.2492	0.2136
2.028	1.945	0.2306
2.023	1.804	0.221
1.927	1.015	0.1824
1.994	4.281	0.197
1.868	-1.454	0.1658
1.943	-2.274	0.174
1.991	-0.8572	0.1992
2.011	1.968	0.2336
1.997	0.08088	0.2452
2.023	3.039	0.2092
2.006	1.337	0.2231
1.996	-4.209	0.2276
1.994	-0.4543	0.254
2.012	1.881	0.255
1.99	-1.06	0.244
1.995	2.811	0.255
1.947	1.087	0.2626
2.018	-0.4384	0.2051
2.034	2.657	0.2078
2.023	1.835	0.2278
2.015	-0.6623	0.2125
2.026	-4.185	0.2089
2.08	-3.689	0.2285
2.072	-3.622	0.2122
1.997	3.692	0.2635
2.034	2.113	0.2475
1.936	-4.329	0.2677
1.945	-2.237	0.2691
2.08	2.41	0.2733
2.193	-2.075	0.2758
2.226	0.3682	0.2738
2.14	-0.4094	0.2466
2.146	0.1571	0.2576
2.077	2.586	0.2405
2.181	2.749	0.2605
2.218	1.521	0.2755
2.149	2.246	0.2764
2.127	2.365	0.2724
2.181	2.141	0.2704
2.142	-0.1437	0.2719
2.088	-1.907	0.2647
2.046	-0.3201	0.2428
2.061	-3.013	0.256
2.052	2.939	0.2063
2.066	1.867	0.2083
2.073	2.005	0.2177
2.064	-3.385	0.2045
2.072	3.332	0.1998
2.058	1.805	0.1859
2.162	-2.707	0.1925
2.114	2.746	0.2784
2.095	2.728	0.253
2.061	-1.825	0.2544
2.1	-1.72	0.2807
2.105	2.162	0.278
2.078	2.298	0.2747
2.072	2.05	0.2496
1.977	2.235	0.1873
2.015	1.956	0.169
2.053	1.231	0.2235
2.021	-0.8834	0.2144
1.965	3.199	0.1992
2.032	2.793	0.1558
2.118	1.032	0.1762
1.956	2.397	0.1972
1.954	-0.3045	0.1523
2.028	2.277	0.1458
2.017	1.583	0.1497
2.111	0.4176	0.167
1.983	-0.4019	0.2174
1.963	-0.003131	0.2163
2.051	1.325	0.2235
2	1.364	0.2246
1.967	1.057	0.2296
1.997	1.91	0.2338
1.959	2.464	0.2347
2.038	0.8573	0.2187
2.056	-1.737	0.218
2.077	-4.076	0.2108
2.105	-0.9109	0.2077
2.115	2.135	0.2069
2.047	0.5887	0.2167
2.032	2.284	0.2269
2.067	-3.132	0.2098
2.082	0.3922	0.2127
2.122	3.365	0.2056
2.102	3.322	0.223
2.078	2.678	0.2369
2.132	2.873	0.2081
2.153	2.778	0.2
2.16	1.869	0.1925
1.933	1.834	0.2159
1.977	3.141	0.2376
1.937	2.742	0.2202
1.923	3.194	0.2129
1.943	1.54	0.2053
2.103	1.798	0.2346
2.029	2.406	0.2452
2.072	0.9569	0.1767
2.177	-0.868	0.2073
2.163	-0.1041	0.2173
2.065	-2.943	0.19
2.091	-0.9815	0.2057
1.976	0.6263	0.2061
1.947	-0.4088	0.184
2.008	1.445	0.2342
2.048	-0.5745	0.2109
1.932	-2.532	0.1672
1.93	-1.868	0.1441
1.678	-0.8165	0.1234
1.833	-1.843	0.1195
1.831	-0.7174	0.09001
1.702	0.8009	0.04625
1.479	0.2906	0.04125
1.572	0.7153	0.02282
1.744	-1.051	0.1339
1.508	0.6394	0.08893
1.337	0.5419	0.0766
1.299	0.7045	0.08386
0.9597	-0.3744	0.0588
2.005	-3.935	0.1761
1.947	-2.593	0.1648
2.01	0.3137	0.16
2.001	-1.993	0.1697
1.927	-3.817	0.1797
1.899	0.4078	0.1898
1.82	0.3856	0.1786
1.575	-0.5698	0.1154
1.345	0.9414	0.0878
1.734	-0.216	0.1413
1.749	0.3017	0.1504
1.76	0.3616	0.1675
1.419	0.8499	0.109
1.158	0.1771	0.06383
1.84	-1.499	0.2034
1.666	-0.06933	0.1592
1.624	-0.2661	0.1486
1.751	0.7439	0.1829
1.672	0.8555	0.1477
1.843	-1.044	0.2061
1.874	-4.235	0.2022
1.899	-0.8729	0.2291
1.869	2.084	0.2188
1.894	-1.359	0.2208
1.937	-3.076	0.2282
1.899	-4.95	0.2073
1.927	0.3861	0.198
1.907	-1.217	0.2159
1.943	-3.692	0.166
1.948	1.741	0.2001
1.988	0.1741	0.2389
1.973	2	0.249
1.97	-2.036	0.2306
1.954	1.005	0.2476
1.992	0.8731	0.2601
2.017	2.141	0.2674
2.01	-0.5227	0.2368
1.991	-1.149	0.2161
2.053	1.986	0.2689
2.034	1.839	0.2469
2.026	2.725	0.2296
1.913	-1.862	0.1955
1.906	-4.944	0.1976
1.936	2.621	0.2056
1.889	1.887	0.1967
1.924	2.591	0.1942
1.962	-2.075	0.1936
1.951	-2.942	0.1953
1.985	3.439	0.2203
1.979	3.127	0.2161
2.024	2.434	0.2313
1.982	2.531	0.225
1.978	0.8128	0.2397
2.008	5.384	0.2588
2.004	3.218	0.2498
1.965	2.195	0.1896
1.909	-3.062	0.1572
1.982	1.424	0.2137
1.958	2.587	0.2113
1.987	5.028	0.22
1.813	1.019	0.09104
1.818	-1.121	0.09777
2.03	2.746	0.2218
1.907	2.831	0.1455
1.834	1.674	0.05815
1.845	2.164	0.0724
1.704	2.358	0.02729
1.963	1.479	0.1642
1.865	1.521	0.1142
2.12	2.515	0.2672
2.058	2.735	0.2307
2.08	-0.4017	0.2256
2.181	0.1135	0.2636
2.142	2.693	0.2515
2.121	0.6665	0.2594
2.142	1.82	0.2779
2.077	-0.3844	0.2458
2.152	-1.583	0.262
2.209	2.098	0.2689
2.2	0.5341	0.2676
2.109	1.506	0.2653
2.161	0.697	0.2771
2.211	1.405	0.2706
2.209	1.64	0.2712
2.092	-1.625	0.2617
2.064	-2.422	0.2653
2.154	-0.6936	0.2696
2.048	2.824	0.2653
1.924	-4.812	0.2599
1.966	2.1	0.2766
2.06	2.762	0.2744
2.181	0.9778	0.2755
2.171	0.8365	0.2792
2.202	0.7344	0.2809
2.088	3.335	0.271
2.074	1.973	0.27
1.977	1.818	0.2181
2.017	-2.213	0.2271
2.097	2.333	0.2611
1.704	-0.6152	0.1003
1.95	2.593	0.169
2.045	2.089	0.2373
2.045	-3.204	0.2685
2.16	1.883	0.278
2.029	0.9968	0.2682
2.148	1.854	0.2789
2.094	2.083	0.2772
2.055	-1.97	0.2722
1.977	0.652	0.2644
2.037	2.196	0.2665
1.934	-2.393	0.2608
1.937	1.299	0.2782
1.912	0.9259	0.1705
1.95	0.7974	0.237
2.168	-0.6022	0.2704
2.092	1.436	0.2482
1.544	-0.2138	0.03983
1.793	2.443	0.09032
1.295	0.6478	-0.04489
1.364	1.76	-0.00198
1.554	0.3292	0.05728
1.688	-1.143	0.08679
1.693	-0.452	0.09354
2.005	2.257	0.1828
1.998	2.282	0.2061
2.049	2.133	0.1346
1.77	2.195	0.1088
1.681	-0.271	0.1032
1.836	-0.3874	0.1603
1.573	-0.5888	0.1065
1.68	-1.167	0.1206
1.649	-1.277	0.1049
1.638	-0.1379	0.05061
1.209	-0.5203	-0.08529
1.46	-0.5507	-0.01231
1.361	2.249	-0.05316
1.785	-1.629	0.05674
1.663	-2.207	0.016
1.712	-1.743	0.0801
1.686	-1.48	0.12
1.758	-3.091	0.09736
1.891	-4.093	0.1844
1.834	-0.8442	0.1359
1.831	-2.436	0.1764
1.922	-7.047	0.2
1.957	-2.856	0.2017
1.971	4.124	0.1861
1.77	1.949	0.1533
1.61	-0.5331	0.1218
1.903	1.209	0.1626
1.948	3.16	0.1726
1.891	6.189	0.1295
1.594	-0.4106	0.07333
1.746	2.004	0.05332
1.61	-1.74	0.03361
1.097	0.1348	-0.108
0.8728	-0.1183	-0.08621
0.9895	1.259	-0.09863
1.117	2.519	-0.08996
1.051	0.5065	-0.06265
0.8341	-0.668	-0.03466
0.7795	-0.5325	-0.07151
1.245	-0.2432	0.01399
0.791	-0.771	0.006889
0.7955	-0.4721	0.01051
0.8803	-0.1717	-0.0429
1.296	0.9185	-0.007353
0.7624	-0.4117	-0.06954
0.7877	-0.416	-0.01641
0.9183	-0.2784	0.0232
1.443	1.008	0.06918
1.207	0.4773	0.05481
1.624	-1.183	0.1138
