1.617	1.288	0.08208
2.209	-0.8992	0.1618
2.158	-1.9	0.1395
2.211	2.66	0.1707
2.434	0.4049	0.1669
2.212	-2.894	0.1471
2.184	2.015	0.1592
1.964	-0.4961	0.1661
2.259	0.7784	0.1188
2.239	3.95	0.09815
1.78	0.2764	0.04135
2.245	0.7976	0.1598
2.173	-2.508	0.1236
2.386	-4.17	0.1691
2.23	-4.257	0.1408
2.295	0.9065	0.14
2.093	-0.1281	0.111
2.152	2.175	0.07455
2.244	2.648	0.147
2.227	-0.9679	0.121
1.387	0.07435	-0.03411
2.13	-1.949	0.1322
2.295	2.191	0.1907
2.303	-0.4168	0.1802
2.275	2.528	0.1566
2.482	-0.7438	0.1965
2.306	2.306	0.1956
2.449	3.921	0.2133
2.255	2.941	0.2061
2.456	1.931	0.1611
2.226	-4.714	0.105
2.51	3.835	0.2475
2.113	-3.249	0.1596
2.284	0.3385	0.1413
1.41	0.02108	0.0129
2.133	-2.408	0.1373
2.408	2.545	0.1613
2.517	-0.8711	0.1285
2.359	-1.157	0.18
2.475	3.677	0.169
2.263	1.128	0.1336
1.699	-0.7663	0.03719
2.368	-3.152	0.09851
2.201	-1.152	0.1262
2.339	-5.234	0.1077
2.122	3.406	0.1396
2.365	-0.7287	0.1564
2.194	4.526	0.1306
2.399	2.949	0.1653
2.264	-1.079	0.1739
2.36	-0.4079	0.1702
2.24	-3.433	0.1491
2.398	-0.4994	0.1102
2.212	0.4343	0.1586
2.288	3.796	0.1188
2.324	-1.563	0.1264
2.134	-2.247	0.119
2.082	3.327	0.1447
2.122	2.698	0.1147
2.334	-0.4493	0.1631
2.224	0.2229	0.1237
2.041	-2.522	-0.01624
1.995	1.731	0.01004
1.755	-1.775	0.005871
2.112	1.726	0.08644
2.114	0.3533	0.1051
2.057	2.258	0.1043
2.193	1.1	0.1196
1.341	-0.06318	0.01347
2.061	-0.6004	0.09442
1.924	2.85	0.07379
1.31	0.6619	-0.06716
2.302	1.79	0.1378
2.274	1.602	0.1629
2.174	3.337	0.1322
2.13	2.029	0.1117
2.29	3.481	0.1346
2.249	-2.723	0.1415
2.368	1.936	0.1863
2.244	2.371	0.1457
2.253	3.05	0.1493
2.182	-0.5642	0.1524
2.227	4.763	0.1663
2.137	-0.1082	0.1871
2.347	-0.4385	0.1779
2.355	2.934	0.1902
2.068	3.133	0.1572
2.193	-1.04	0.1997
2.404	-2.306	0.1974
2.495	-0.6954	0.1184
2.529	0.462	0.1212
2.264	1.473	0.1351
2.157	-2.227	0.1229
2.313	1.498	0.136
2.234	2.095	0.1881
2.359	4.615	0.196
2.27	0.4033	0.2091
2.234	3.033	0.105
2.407	-4.228	0.2067
2.577	3.461	0.2133
2.325	4.667	0.2182
2.281	-4.698	0.1971
2.219	-4.783	0.1935
2.153	-1.251	0.06849
2.384	-0.000872	0.09589
2.306	2.938	0.1495
2.374	3.814	0.1841
2.051	3.801	0.08276
2.121	-2.84	0.0936
2.231	3.984	0.1107
2.412	-0.9084	0.2328
2.346	-0.1588	0.2288
2.61	0.556	0.1648
2.642	-2.483	0.1813
2.446	3.453	0.1859
2.258	2.858	0.2508
2.283	1.507	0.1642
2.416	0.1958	0.2387
2.238	1.62	0.219
1.797	-0.08876	0.1228
1.922	1.248	0.1086
1.323	-0.02305	0.02077
2.184	-4.804	0.1233
2.177	-4.431	0.1519
1.955	-0.01545	0.1125
2.298	-1.358	0.1647
1.852	1.061	0.09077
2.425	0.4756	0.1727
2.189	-4.774	0.1683
2.388	-0.8786	0.1565
2.374	3.476	0.145
2.191	3.417	0.1443
2.64	2.89	0.1186
2.255	-5.538	0.1582
2.621	-1.924	0.1409
2.699	2.677	0.1446
2.439	1.55	0.1378
2.129	4.712	0.1581
1.982	2.938	0.1332
2.204	-0.7362	0.191
2.251	4.672	0.193
2.472	1.169	0.1811
2.396	2.354	0.1779
2.366	4.526	0.1729
2.582	-1.865	0.1678
2.507	3.358	0.1831
2.251	-2.045	0.1716
2.322	2.511	0.1861
2.343	3.457	0.1821
2.441	1.451	0.1582
2.119	-2.101	0.09604
2.376	1.545	0.1376
2.303	2.16	0.154
2.003	-0.6106	0.1657
1.645	0.2491	0.02498
2.043	0.2791	0.08094
2.023	-2.752	0.1203
2.208	3.203	0.1061
2.125	-3.613	0.1054
1.277	0.2932	-0.06563
1.253	-0.207	-0.0631
1.408	0.1642	-0.02991
2.293	-5.049	0.1091
2.357	-3.751	0.09788
2.24	-3.69	0.1268
2.261	-2.754	0.1076
2.185	-3.426	0.124
2.254	-3.284	0.1008
2.272	-1.662	0.1024
2.224	-0.2158	0.1371
2.285	-4.311	0.1141
2.113	2.055	0.1336
2.158	3.832	0.1346
2.15	1.158	0.1343
2.162	-1.249	0.1481
2.287	0.3198	0.1585
2.221	-1.466	0.145
2.295	-1.588	0.1407
2.469	2.077	0.1608
2.401	0.2828	0.1551
2.29	-0.2854	0.1426
2.291	-3.411	0.1691
2.192	2.698	0.1337
2.339	0.06036	0.1518
2.418	0.8595	0.1589
2.377	2.282	0.1721
2.292	-0.5137	0.1852
2.313	-3.066	0.1712
2.372	4.555	0.1629
2.312	3.477	0.1652
2.216	-0.1875	0.1736
2.269	4.319	0.1689
2.178	-3.404	0.1533
2.304	-3.435	0.116
2.335	-5.747	0.1395
2.392	-6.005	0.1288
2.344	-4.049	0.1219
2.381	-0.9508	0.1046
2.286	-1.343	0.1072
2.219	4.064	0.1461
2.234	4.806	0.1411
2.311	0.4287	0.1366
2.221	-0.04778	0.1551
2.254	-0.4196	0.1468
2.242	-0.6247	0.1468
2.265	1.645	0.1286
2.228	-0.6918	0.05624
2.287	-0.4892	0.08719
2.305	-2.054	0.1049
2.156	-3.335	0.1208
2.402	-0.9871	0.1151
2.313	-0.6847	0.1025
2.105	-1.064	0.1178
2.092	2.748	0.1387
2.09	3.13	0.1317
2.082	3.075	0.1378
2.095	2.76	0.1424
2.137	-1.315	0.1502
2.131	-1.419	0.1484
2.336	3.565	0.1606
2.111	3.407	0.1075
2.097	3.313	0.1295
2.168	2.141	0.143
2.167	2.88	0.1264
2.312	-2.535	0.1645
2.198	-2.635	0.03481
2.084	-0.8197	0.06828
2.196	-0.1395	0.137
2.329	-1.335	0.1218
2.263	-0.5113	0.07507
2.166	0.8689	0.1015
2.091	-1.971	0.02593
2.089	3.78	0.08994
2.055	1.484	0.09149
2.049	4.068	0.08965
2.032	-1.183	-0.009028
1.979	-4.537	-0.01888
2.064	2.386	0.03793
2.116	2.736	0.1246
2.059	-1.128	0.05115
1.766	-1.899	-0.03805
1.659	-1.548	-0.03261
1.503	-2.172	-0.04854
1.918	1.611	0.04628
2.177	-0.888	0.1259
2.087	0.1375	0.1142
2.14	3.828	0.1088
2.173	1.177	0.1125
2.115	2.89	0.1043
2.02	2.763	0.1075
1.961	-2.611	0.09655
2.283	1.383	0.1232
2.132	0.1285	0.1037
2.203	-2.194	0.1173
1.822	0.6678	0.1103
1.463	0.4086	0.05322
1.755	0.5258	0.08544
1.721	0.7699	0.06195
1.316	-0.1453	-0.02344
1.685	-0.126	0.03742
1.975	2.781	0.09769
1.95	-1.551	0.08927
2.09	0.2792	0.1061
1.981	0.1742	0.08319
1.72	-0.8131	0.0288
1.959	0.4947	0.05794
1.387	0.3547	-0.05043
1.671	0.4248	0.02352
1.555	1	-0.03773
1.377	1.241	-0.04406
2.297	-0.1249	0.1447
1.902	0.002219	0.1179
2.273	1.424	0.1244
2.348	-2.252	0.1375
2.372	-2.418	0.1475
2.324	0.7223	0.1607
2.326	-1.215	0.1819
2.102	2.295	0.1074
2.177	2.811	0.1145
2.214	1.515	0.136
2.153	0.3605	0.1154
2.114	-1.581	0.1169
2.113	-2.943	0.1294
2.121	2.549	0.1229
2.266	2.919	0.1371
2.302	3.217	0.1651
2.232	2.366	0.1219
2.188	2.772	0.1198
2.165	0.7063	0.128
2.336	2.27	0.1543
2.273	2.677	0.1923
2.197	-0.8746	0.1368
2.326	-0.6079	0.1352
2.365	2.673	0.158
2.328	1.604	0.1523
2.427	-1.238	0.1786
2.234	0.2363	0.1423
2.316	0.7208	0.1544
2.143	1.864	0.1389
2.198	0.337	0.1396
2.291	2.032	0.1453
2.328	-0.8914	0.1631
2.337	0.05996	0.1583
2.147	4.343	0.1397
2.126	1.185	0.1409
2.216	0.05412	0.1458
2.2	3.311	0.1553
2.214	3.154	0.1545
2.27	-0.7938	0.163
2.263	0.8426	0.1758
2.172	3.144	0.1469
2.224	3.038	0.1594
2.248	3.743	0.1601
2.209	1.756	0.1756
2.216	3.926	0.1925
2.257	-2.119	0.1627
2.126	1.895	0.1701
2.053	0.7621	0.1688
2.353	1.649	0.1652
2.413	3.104	0.1783
2.321	-1.242	0.1717
2.31	2.204	0.1571
2.322	-0.4339	0.1682
2.344	0.6499	0.1946
2.365	2.122	0.1936
2.136	3.936	0.1959
2.206	3.915	0.1994
2.118	0.4523	0.1466
2.005	3.718	0.1811
2.072	3.381	0.1823
2.103	3.775	0.1621
2.166	2.446	0.1866
2.317	-2.452	0.2033
2.451	2.683	0.2013
2.263	-0.2294	0.2004
2.261	2.768	0.198
2.304	-2.956	0.1864
2.456	1.432	0.1756
2.477	0.9226	0.1995
2.512	0.5622	0.1523
2.452	2.423	0.152
2.563	-3.663	0.1268
2.312	1.427	0.1012
2.373	-0.8099	0.1094
2.249	3.665	0.1055
2.169	0.8647	0.08998
2.455	4.281	0.138
2.36	3.312	0.125
2.191	-2.108	0.1151
2.207	4.165	0.1763
2.179	0.1625	0.1682
2.187	2.36	0.1341
2.277	2.171	0.1413
2.208	-2.634	0.1266
2.309	-3.853	0.1226
2.28	-1.677	0.1533
2.233	4.416	0.1709
2.243	2.25	0.1817
2.324	3.195	0.1386
2.299	2.148	0.1645
2.244	-0.8718	0.1869
2.297	-2.413	0.2033
2.363	-0.7483	0.2072
2.285	-3.616	0.1912
2.343	1.592	0.1876
2.285	5.049	0.1724
2.187	-1.673	0.1139
2.213	3.598	0.09596
2.261	3.388	0.2075
2.197	-2.304	0.1819
2.25	-5.22	0.1602
2.34	-2.453	0.2027
2.279	-3.228	0.1529
2.484	3.93	0.2054
2.467	3.901	0.2119
2.238	-1.326	0.1797
2.405	0.2532	0.1995
2.483	-0.7356	0.2099
2.516	-1.168	0.2156
2.552	-0.5695	0.2223
2.416	-2.201	0.2215
2.285	1.816	0.2099
2.489	1.645	0.2156
2.523	3.774	0.2211
2.423	0.2772	0.2203
2.234	-0.09454	0.2114
2.237	-2.519	0.2006
2.342	-1.421	0.21
2.289	-0.7482	0.2168
2.243	-4.888	0.196
2.215	-0.7497	0.168
2.187	-1.833	0.1721
2.274	2.623	0.09208
2.33	0.9351	0.09532
2.371	2.915	0.1419
2.234	2.646	0.1138
2.215	3.001	0.07882
2.087	2.678	0.07536
2.23	-4.096	0.09605
2.255	-1.584	0.192
2.283	1.881	0.1933
2.191	1.995	0.1533
2.239	-3.003	0.1785
2.307	-1.482	0.1777
2.4	3.737	0.1615
2.452	3.56	0.1711
2.127	0.04986	0.07563
2.09	0.3737	0.07709
2.426	2.041	0.1068
2.451	-2.213	0.1154
2.375	3.7	0.1171
2.094	-0.1107	0.08514
2.214	0.5079	0.1132
2.268	3.035	0.1294
2.062	1.229	0.07606
2.108	3.605	0.09537
2.131	2.297	0.1087
2.292	-0.06629	0.1153
2.362	-1.591	0.1967
2.416	0.3959	0.1913
2.427	-2.766	0.2034
2.354	-1.566	0.2008
2.343	1.172	0.2339
2.464	2.224	0.2456
2.325	2.449	0.2497
2.523	-1.083	0.156
2.609	2.544	0.2091
2.527	-6.346	0.1074
2.547	0.3646	0.1206
2.496	3.137	0.1141
2.746	1.341	0.2195
2.64	0.5096	0.2213
2.711	-2.231	0.2163
2.68	1.803	0.1672
2.44	3.353	0.111
2.523	2.702	0.1861
2.476	4.22	0.2189
2.43	4.175	0.1312
2.39	2.426	0.14
2.335	-0.7386	0.1544
2.351	1.923	0.2052
2.349	3.183	0.258
2.286	3.97	0.2339
2.288	3.529	0.214
2.244	2.631	0.2189
2.464	0.004182	0.2258
2.416	1.846	0.2473
2.261	1.953	0.1373
2.413	0.2629	0.1843
2.448	0.9201	0.1992
2.247	-1.772	0.1739
2.215	0.4675	0.201
2.268	-0.3211	0.2503
2.276	-0.4476	0.2145
2.318	1.301	0.2605
2.353	1.927	0.2347
2.071	-3.503	0.1869
2.211	1.351	0.1885
1.98	-2.374	0.1474
1.952	-3.066	0.1616
1.895	-1.346	0.1379
1.661	0.2222	0.09831
1.611	1.215	0.08032
1.453	0.4681	0.05554
2.058	-1.581	0.1483
1.865	1.551	0.109
1.618	1.057	0.05573
1.58	0.5331	0.05455
1.33	-0.1027	-0.0009853
2.193	-2.818	0.1448
2.145	-2.878	0.1499
2.159	0.1984	0.1191
2.177	-0.9564	0.1325
2.188	-4.646	0.1379
2.262	-1.431	0.144
2.178	1.333	0.1464
1.856	1.558	0.1054
1.636	0.5872	0.06954
2.084	-0.6898	0.1458
2.089	0.831	0.1418
2.135	0.7868	0.1259
1.84	0.9038	0.1076
1.53	0.2717	0.0416
2.253	-1.239	0.1584
2.116	0.2037	0.1414
2.134	-0.8666	0.1444
2.215	2.686	0.157
2.134	3.063	0.1364
2.228	1.511	0.1708
2.224	-3.243	0.1709
2.376	-1.248	0.1665
2.396	-0.4952	0.1703
2.184	0.9487	0.174
2.154	-2.384	0.1615
2.154	-3.461	0.1526
2.314	2.306	0.1383
2.349	0.5577	0.1501
2.164	-4.301	0.1117
2.306	2.975	0.1367
2.423	1.5	0.1596
2.403	2.905	0.1586
2.159	0.404	0.1525
2.444	1.518	0.1684
2.457	1.061	0.1631
2.434	2.312	0.1537
2.217	0.4385	0.1418
2.165	0.8726	0.1409
2.37	3.383	0.144
2.243	3.202	0.1443
2.188	4.188	0.1482
2.267	1.891	0.1316
2.214	-1.896	0.1648
2.343	3.265	0.1189
2.288	1.14	0.1247
2.357	-0.1007	0.1327
2.579	-1.3	0.1373
2.321	-3.506	0.1482
2.368	3.993	0.1418
2.413	3.733	0.1368
2.216	1.857	0.1522
2.311	0.7439	0.1453
2.607	-1.217	0.1444
2.568	2.357	0.1496
2.533	2.489	0.1519
2.733	0.8478	0.1413
2.568	-0.8843	0.1343
2.788	-1.386	0.1371
2.579	2.343	0.1476
2.426	3.402	0.1535
2.247	-0.5806	0.1288
2.287	1.76	0.1244
2.245	0.6042	0.1572
2.231	5.84	0.1441
2.071	3.729	0.1332
2.052	3.53	0.1523
1.874	2.149	0.1485
2.167	2.136	0.1721
2.132	3.318	0.1738
2.244	-0.7941	0.1739
2.146	3.126	0.1633
2.205	2.157	0.1954
2.261	0.644	0.182
2.322	2.559	0.1922
2.637	-0.5217	0.1559
2.403	2.181	0.1734
2.293	-4.829	0.1625
2.338	-2.695	0.1813
2.416	3.324	0.188
2.258	-1.556	0.1859
2.3	3.77	0.1771
2.248	-1.067	0.1831
2.374	-0.3566	0.1826
2.554	-0.9701	0.1948
2.485	-4.52	0.1789
2.434	-4.642	0.1783
2.459	3.944	0.1827
2.308	-0.6266	0.1837
2.246	-4.384	0.1826
2.443	2.322	0.1646
2.473	3.153	0.1643
2.486	-1.377	0.17
2.504	-0.3567	0.1798
2.567	-1.236	0.1733
2.588	1.924	0.1715
2.449	2.653	0.1818
2.272	1.428	0.1619
2.295	2.631	0.1812
2.341	1.21	0.1792
2.141	1.963	0.1784
2.339	3.218	0.1878
2.369	1.822	0.193
2.352	3.201	0.1871
2.381	1.146	0.1869
2.318	2.816	0.1887
2.377	2.952	0.1848
2.333	-4.091	0.1826
2.396	1.244	0.1809
2.287	-0.04457	0.1869
2.373	2.812	0.1765
2.269	-1.158	0.184
2.497	2.175	0.1681
2.438	2.335	0.1657
2.434	2.208	0.1683
2.48	1.05	0.163
2.484	0.005252	0.1637
2.337	1.132	0.1254
2.451	-0.1832	0.154
2.162	-1.08	0.08035
2.209	-3.636	0.1015
2.256	2.227	0.1094
2.19	1.614	0.1129
2.371	-3.06	0.1345
2.428	1.723	0.1578
2.391	2.418	0.1578
2.432	2.31	0.1543
2.382	-2.388	0.1515
2.29	-0.4773	0.1507
2.256	1.762	0.155
2.067	-1.749	0.1474
2.221	0.3694	0.1523
2.199	-3.342	0.1714
2.009	2.564	0.168
1.804	-0.9017	0.03832
2.037	-1.061	0.07205
1.586	0.5777	0.02395
1.909	0.2877	0.073
1.941	-2.189	0.06784
2.093	-4.184	0.08757
2.115	-5.261	0.1001
1.847	-2.57	0.07949
2.077	-1.351	0.11
1.975	0.5008	0.08942
2.148	-1.27	0.1405
2.199	-5.984	0.1579
2.236	-2.005	0.1425
2.375	4.193	0.1153
2.07	-0.01034	0.08858
2.07	0.6614	0.1419
2.025	1.178	0.0822
2.156	4.029	0.09519
2.321	2.175	0.1152
1.948	1.942	0.1517
2.063	-2.038	0.118
1.885	2.715	0.1469
1.362	1.326	-0.02612
1.267	-0.01475	-0.08044
1.266	0.7558	-0.07082
1.351	2.378	-0.02708
1.387	1.013	-0.02627
1.237	-0.2478	-0.04546
1.246	-0.1819	-0.06591
1.266	-0.1867	0.001751
1.25	-0.236	-0.04217
1.31	-0.1555	-0.03496
1.324	0.157	-0.05053
1.529	0.922	-9.735e-05
1.257	-0.03811	-0.07309
1.305	-0.09248	-0.05142
1.383	-0.01489	-0.01268
1.69	-0.3089	0.04426
1.543	0.3764	0.02127
1.906	-0.2993	0.09787
2.068	0.5202	0.05944
2.157	-2.172	0.1631
2.223	-1.713	0.1383
2.221	0.2086	0.1737
2.241	0.02899	0.1552
2.142	0.7723	0.1395
2.085	-1.169	0.1693
2.378	2.001	0.1455
2.389	2.365	0.1152
2.276	1.741	0.124
1.516	0.8075	0.002088
2.059	1.156	0.1387
2.105	-2.071	0.1246
2.14	-3.544	0.1744
2.371	-6.086	0.1355
2.114	0.6084	0.1382
2.056	-2.009	0.08744
2.225	2.013	0.1015
2.092	3.64	0.1008
2.305	-0.077	0.134
1.724	-0.3188	-0.0002818
2.235	-1.012	0.1322
2.393	-0.4515	0.1766
2.391	3.041	0.1486
2.224	0.7146	0.1451
2.446	-1.273	0.2194
1.935	2.991	0.1691
2.959	1.92	0.2179
2.604	4.147	0.1443
2.397	3.441	0.1276
2.413	-2.964	0.1211
2.513	0.8768	0.2282
2.49	-1.534	0.1478
2.377	-1.293	0.1392
1.171	0.3577	0.01897
2.094	-4.247	0.1333
2.409	-0.9108	0.1397
2.359	-1.555	0.1212
2.506	3.504	0.1659
2.214	3.569	0.1765
2.158	-4.322	0.1019
1.778	-1.123	0.02395
2.143	-1.718	0.1013
2.259	-0.4093	0.1112
2.169	-4.734	0.1111
2.03	-0.3814	0.1208
2.105	2.15	0.1706
2.083	3.512	0.1436
2.141	4.656	0.151
2.241	-0.4768	0.1532
2.033	3.659	0.1809
2.234	-4.237	0.1472
2.322	-0.5703	0.1132
2.175	1.821	0.1465
2.222	1.065	0.1485
2.268	-4.351	0.1336
2.09	-2.306	0.1126
1.936	1.348	0.1147
1.925	4.455	0.08971
2.095	0.8739	0.1316
2.167	-1.868	0.1284
2.272	-1.808	0.1052
1.994	-2.199	0.01591
2.006	-0.5949	0.05078
2.127	1.167	0.03593
2.055	2.7	0.1144
2.336	2.094	0.1033
2.422	-0.4283	0.1464
1.757	1.03	0.006803
2.273	-2.319	0.1155
2.349	0.8707	0.0784
1.464	2.259	-0.03176
2.41	1.553	0.1496
2.397	-3.6	0.1706
2.047	0.6175	0.1288
2.291	4.114	0.1312
2.384	2.553	0.1419
2.252	-1.897	0.1384
2.303	1.886	0.1531
2.361	2.721	0.1316
2.214	1.866	0.1447
2.268	1.266	0.1319
2.158	3.284	0.1377
2.083	1.626	0.1528
2.512	-4.116	0.1854
2.409	0.4016	0.1774
2.203	2.256	0.146
2.409	-0.9019	0.1721
2.192	3.59	0.1794
2.099	0.4775	0.1318
2.191	-3.432	0.1865
2.371	1.426	0.1232
2.266	2.397	0.1165
2.221	-0.3339	0.1349
2.218	-2.311	0.1714
2.091	2.886	0.1857
2.261	-0.4916	0.1689
2.127	2.681	0.1103
2.359	-1.547	0.198
2.656	1.197	0.1909
2.432	0.1334	0.2069
2.189	-4.892	0.1953
2.188	-3.053	0.1844
2.82	-1.747	0.06377
2.4	0.006599	0.1285
2.205	0.7794	0.1702
2.633	3.028	0.126
2.419	3.041	0.06202
2.256	-2.647	0.09097
2.61	3.614	0.1255
2.574	-2.451	0.2109
2.289	0.952	0.2037
2.248	0.6415	0.1714
2.274	1.938	0.1941
2.44	2.011	0.1969
2.343	2.043	0.2178
2.323	-0.09691	0.1352
2.554	-0.4914	0.2144
2.444	-1.331	0.2086
2.138	-0.4585	0.1025
2.133	-0.2133	0.06574
1.418	0.4663	-0.01532
2.118	-3.81	0.113
2.147	-2.281	0.1336
2.119	-1.467	0.1038
2.284	-0.8996	0.1387
1.794	2.3	0.09082
2.33	2.037	0.1552
2.252	-4.309	0.1502
2.378	0.0428	0.1409
2.234	3.587	0.1617
2.155	3.717	0.1502
2.574	3.902	0.1075
2.309	-5.013	0.1194
2.14	0.6251	0.147
2.66	2.532	0.1265
2.71	2.478	0.141
2.383	4.579	0.1465
2.1	5.406	0.1189
2.4	1.227	0.1679
2.472	3.281	0.1826
2.403	0.4192	0.1743
2.702	-0.2906	0.1963
2.502	-0.2114	0.1703
2.449	-2.458	0.1828
2.437	-1.44	0.1899
2.389	0.5653	0.1602
2.36	-3.025	0.1786
2.569	0.01898	0.1765
2.483	1.016	0.1765
2.143	-0.5899	0.06895
2.56	0.6488	0.1294
2.185	-1.077	0.1588
2.195	0.5074	0.1256
1.643	0.6578	-0.002868
2.245	0.9634	0.07098
2.078	-2.845	0.1431
2.136	3.419	0.09023
2.07	-0.2487	0.09661
0.8722	0.4209	-0.05157
0.696	-0.1349	-0.04543
1.072	0.4423	0.008407
2.234	-4.984	0.1171
2.145	-3.577	0.1019
2.221	-4.166	0.1238
1.98	-2.534	0.1069
2.148	-1.225	0.1201
1.976	-2.21	0.1018
2.058	-1.413	0.09911
2.351	-3.128	0.1214
2.175	-4.348	0.1064
2.173	2.813	0.13
2.079	2.274	0.1314
2.254	2.005	0.1375
1.986	-1.848	0.1261
2.121	3.612	0.1595
2.015	0.7988	0.1354
2.009	-1.766	0.1595
2.122	-1.041	0.1816
2.047	-0.996	0.1543
2.378	0.1977	0.1395
2.369	-1.271	0.1451
2.315	-1.792	0.1362
2.122	3.528	0.1422
2.09	-0.8783	0.1448
2.123	1.186	0.1515
2.137	-1.559	0.1726
2.182	-4.726	0.1612
2.12	1.379	0.144
2.114	3.101	0.1583
2.234	-0.17	0.1616
2.135	3.052	0.1735
2.23	-4.774	0.1406
2.291	-2.455	0.1128
2.177	-4.433	0.1427
2.231	-5.246	0.133
2.317	-2.38	0.1182
2.205	-0.1659	0.1057
2.085	-2.946	0.11
2.128	3.294	0.1421
2.142	3.681	0.1443
2.146	0.3503	0.1396
2.155	0.8065	0.1431
2.172	-2.415	0.1489
2.193	-1.3	0.1514
2.18	2.455	0.146
2.292	-2.296	0.1304
2.271	-0.7015	0.1085
2.188	-1.612	0.1102
2.081	-3.041	0.1195
2.317	-0.9826	0.1216
2.252	-1.137	0.1104
2.081	-1.802	0.09931
2.089	3.015	0.1228
1.978	3.051	0.1056
2.028	3.051	0.1167
1.984	2.23	0.1179
1.967	-2.923	0.1271
1.982	-2.75	0.1246
2.065	-0.6823	0.1385
1.947	3.009	0.07815
1.918	3.153	0.1093
1.974	-1.611	0.111
1.98	1.027	0.08964
2.081	1.463	0.1209
2.285	3.211	0.133
2.11	-3.062	0.09188
2.149	0.6348	0.1376
2.19	-4.028	0.1481
2.281	0.234	0.1366
2.23	0.9869	0.114
2.313	2.131	0.1161
1.952	1.852	0.05232
1.986	4.846	0.06278
1.985	0.1001	0.05122
2.082	-3.238	0.06953
2.243	1.269	0.0849
1.963	-0.6332	-0.0009516
2.056	-0.8207	0.07698
2.143	-2.639	0.08634
1.999	-1.835	0.05073
1.814	-3.623	-0.005316
1.548	0.4949	-0.0201
1.64	-0.3894	0.01985
2.097	1.57	0.1234
2.103	1.454	0.1142
2.247	4.329	0.1182
2.33	1.432	0.1144
2.239	-0.05612	0.1081
2.159	2.806	0.1061
2.228	3.111	0.09844
2.273	-3.303	0.1424
2.282	-2.206	0.1365
2.308	0.146	0.125
2.297	1.538	0.1126
2.075	0.7844	0.03206
2.372	2.459	0.1047
2.26	0.6189	0.08819
1.642	0.8187	-0.007114
2.169	-0.6922	0.07213
2.385	1.595	0.0989
2.237	-0.5262	0.09294
2.387	0.2429	0.1086
2.332	0.7411	0.09188
2.087	-2.338	0.06109
2.183	2.282	0.06743
1.649	0.7405	-0.008688
2.06	-0.1339	0.04841
1.836	0.9287	0.01595
1.337	0.09094	-0.03542
2.437	-2.727	0.1576
2.225	0.4231	0.1249
2.332	2.597	0.1444
2.397	-2.764	0.1582
2.479	1.348	0.1648
2.443	-0.3927	0.163
2.409	0.1001	0.1781
2.212	2.61	0.1217
2.327	3.279	0.1313
2.11	1.286	0.1297
2.031	0.9995	0.1248
2.099	-1.829	0.1266
2.064	-1.293	0.1274
2.222	2.522	0.134
2.424	2.953	0.1445
2.419	2.625	0.1531
2.383	1.041	0.1378
2.327	2.042	0.1372
2.267	3.825	0.1375
2.37	3.24	0.1487
2.367	3.139	0.1618
2.259	-0.5595	0.136
2.288	2.533	0.1399
2.276	1.164	0.1492
2.198	-1.845	0.1448
2.246	2.602	0.1535
2.209	1.172	0.1424
2.204	-3.455	0.1492
2.271	1.131	0.1311
2.262	-3.835	0.1341
2.362	1.617	0.1324
2.387	-2.985	0.1412
2.438	0.6511	0.1442
2.17	2.55	0.1323
2.214	3.217	0.1283
2.157	0.5811	0.1362
2.197	3.418	0.141
2.146	4.006	0.1396
2.294	-0.6384	0.1375
2.265	2.421	0.1376
2.322	-0.8801	0.1323
2.212	1.887	0.1408
2.121	0.5965	0.1386
2.095	3.446	0.145
2.184	3.387	0.1516
2.103	-0.7004	0.1465
2.085	2.588	0.1457
2.166	-2.976	0.1486
2.307	0.8691	0.157
2.316	0.3679	0.1615
2.565	2.287	0.167
2.386	-0.2246	0.1613
2.426	0.3968	0.1849
2.438	1.963	0.1893
2.582	-1.103	0.1887
2.246	3.418	0.162
2.451	2.128	0.1639
2.218	-0.5799	0.1451
2.135	0.346	0.1588
2.178	3.771	0.1592
2.22	1.186	0.1405
2.161	4.373	0.1639
2.535	-1.312	0.1905
2.403	-3.187	0.2044
2.585	2.423	0.1826
2.333	-0.9277	0.1766
2.119	-0.008292	0.1615
2.156	-1.07	0.1806
2.266	3.514	0.2141
2.129	-2.874	0.1329
2.069	-3.081	0.1563
2.084	-4.41	0.1497
2.179	1.15	0.1332
2.131	-2.618	0.1398
2.308	3.549	0.1293
2.389	3.304	0.1338
2.297	1.838	0.1261
2.331	3.242	0.1226
2.38	3.359	0.1192
2.267	2.73	0.1448
2.037	2.88	0.1397
2.175	0.9878	0.1346
2.24	3.555	0.1384
2.188	-1.857	0.1305
2.178	-1.296	0.1248
2.273	-1.296	0.1355
2.335	0.1138	0.1442
2.06	-0.1726	0.1664
2.287	0.4026	0.1331
2.32	-0.4369	0.1407
2.29	-4.511	0.1643
2.03	-0.8439	0.1861
2.046	2.189	0.1807
2.06	-2.257	0.1829
2.015	4.409	0.1846
2.172	1.009	0.1806
2.155	3.609	0.1158
2.401	1.161	0.1282
1.897	4.161	0.1682
1.976	-0.3987	0.1265
2.243	-3.427	0.1102
2.572	-3.001	0.1415
2.569	-3.298	0.1048
2.349	3.155	0.188
2.402	-0.6013	0.1766
2.353	-4.422	0.1836
2.326	-2.943	0.1911
2.379	1.918	0.2047
2.815	0.7286	0.2069
2.679	2.327	0.2179
2.769	3.074	0.1881
2.583	-0.6545	0.1937
2.588	2.697	0.1735
2.694	-1.2	0.2085
2.513	0.04189	0.212
2.244	0.528	0.1886
2.489	2.998	0.1742
2.629	1.27	0.209
2.308	0.1581	0.1992
2.146	-4.379	0.1893
2.097	-1.634	0.1736
2.107	-1.976	0.1827
2.505	1.858	0.1224
2.286	3.491	0.1182
2.718	-2.703	0.08913
2.8	-0.7215	0.08782
2.577	2.591	0.1138
2.622	3.074	0.09469
2.437	-0.9566	0.1282
2.447	3.591	0.1709
2.671	1.422	0.1305
2.116	-0.2442	0.1719
2.219	-2.508	0.1789
2.407	0.671	0.1611
2.34	1.894	0.1566
2.52	3.286	0.1252
2.531	3.035	0.05667
2.629	1.401	0.09302
2.752	2.856	0.08309
2.673	-1.646	0.07848
2.541	1.995	0.09252
2.604	2.074	0.07544
2.546	2.894	0.1283
2.564	1.129	0.1109
2.2	-2.559	0.06686
2.413	2.436	0.08315
2.196	0.08085	0.09298
2.457	2.206	0.1281
2.337	1.921	0.1911
2.269	2.776	0.1706
2.601	2.791	0.2148
2.521	0.2604	0.2084
2.489	2.056	0.215
2.531	2.339	0.2215
2.445	2.13	0.2277
2.237	3.058	0.1853
2.35	1.628	0.2024
2.215	1.115	0.1451
2.299	0.4778	0.154
2.218	3.679	0.1495
2.347	1.626	0.202
2.408	0.1114	0.2124
2.345	-2.672	0.1938
2.252	1.246	0.1742
2.254	-2.143	0.1595
2.34	3.16	0.1946
2.481	3.223	0.2128
2.375	3.817	0.1667
2.446	3.301	0.1797
2.466	-0.5684	0.1571
2.265	-1.234	0.1755
2.448	2.338	0.2317
2.312	3.198	0.216
2.311	2.884	0.1763
2.335	1.855	0.191
2.523	2.23	0.2042
2.523	2.894	0.225
2.289	1.778	0.1203
2.446	-0.7867	0.1844
2.462	-0.4025	0.1821
2.376	-2.71	0.1548
2.531	-2.96	0.1995
2.379	-0.8468	0.219
2.343	-0.549	0.2008
2.479	0.5172	0.2293
2.575	-1.463	0.2188
2.582	-2.161	0.1913
2.374	-3.255	0.1896
2.535	1.26	0.1474
2.523	-1.538	0.1707
2.397	0.9994	0.1463
2.198	-0.3854	0.07876
1.931	0.4315	0.04053
1.98	0.8802	0.005443
2.438	1.846	0.1095
2.277	-1.551	0.07631
1.869	1.538	0.01857
1.695	1.415	0.03088
1.078	0.1828	-0.002145
2.17	-3.088	0.1168
2.238	-4.178	0.131
2.155	-1.133	0.1033
2.138	-1.912	0.1137
2.096	-3.542	0.127
2.319	2.239	0.1365
2.212	1.266	0.1354
2.126	0.6561	0.08926
1.829	1.549	0.05495
2.189	-1.233	0.1191
2.169	1.164	0.1134
2.284	-0.3594	0.1304
1.973	0.3366	0.09145
1.474	0.9239	0.0465
2.339	-2.064	0.1513
2.275	1.731	0.137
2.143	1.034	0.1224
2.141	1.81	0.1477
2.057	1.453	0.1377
2.251	-0.3147	0.1552
2.238	-3.774	0.1531
2.297	-1.625	0.1556
2.376	2.14	0.1482
2.288	-0.1973	0.1538
2.27	-3.108	0.1557
2.13	-4.97	0.1254
2.435	-1.381	0.1267
2.394	-0.8407	0.1407
2.177	-3.782	0.1011
2.537	2.432	0.1218
2.442	1.501	0.1369
2.289	4.024	0.1574
2.159	-0.7369	0.1553
2.24	-0.6837	0.1578
2.209	0.1128	0.1583
2.264	1.647	0.1573
2.134	-1.397	0.1566
2.186	-2.576	0.1429
2.19	1.626	0.165
2.121	-0.6022	0.1619
2.097	2.727	0.1595
2.294	-5.207	0.1299
2.304	-6.141	0.1648
2.269	1.997	0.1119
2.187	3.046	0.1089
2.263	1.947	0.1057
2.497	-0.7636	0.1218
2.256	-0.6304	0.1123
2.354	3.718	0.131
2.373	3.298	0.1272
2.075	2.509	0.1601
2.196	3.319	0.1486
2.337	0.7053	0.1316
2.253	1.94	0.1349
2.651	1.25	0.1268
2.78	-0.7501	0.129
2.474	-3.719	0.1387
2.665	1.629	0.129
2.857	1.839	0.1304
2.655	4.035	0.1329
2.382	0.1242	0.1287
2.259	1.839	0.1189
2.438	4.289	0.1411
2.46	-0.5254	0.1408
2.33	-0.3675	0.1298
2.393	4.803	0.1369
2.237	3.183	0.1241
2.382	1.094	0.165
2.456	3.246	0.1683
2.412	1.441	0.1452
2.397	3.062	0.1512
2.376	0.2124	0.1822
2.469	2.18	0.1747
2.528	-1.666	0.1811
2.215	-0.5343	0.1538
2.367	2.7	0.1472
2.126	-2.101	0.1655
2.409	1.269	0.1963
2.714	3.816	0.2011
2.478	-0.3502	0.1814
2.487	2.472	0.1761
2.401	-0.4893	0.1673
2.49	2.392	0.1966
2.896	2.462	0.2162
2.441	-4.672	0.1804
2.504	-0.2294	0.1666
2.594	-1.653	0.2017
2.438	-2.209	0.1915
2.359	-4.83	0.1754
2.186	2.286	0.1573
2.302	1.681	0.1849
2.425	-0.7035	0.188
2.39	1.773	0.1839
2.435	-1.97	0.1957
2.374	2.812	0.1908
2.247	3.043	0.1872
2.248	3.025	0.1669
2.414	2.814	0.1758
2.307	1.123	0.1711
2.426	-1.468	0.1658
2.605	0.6203	0.1757
2.535	2.38	0.1854
2.423	0.05427	0.1761
2.455	2.362	0.18
2.207	3.061	0.1771
2.422	1.371	0.1729
2.402	1.604	0.1775
2.509	-0.4478	0.1681
2.348	-0.495	0.1768
2.572	2.806	0.1714
2.381	-2.924	0.1746
2.244	0.4652	0.1518
2.336	0.2689	0.1507
2.259	-2.381	0.1563
2.503	-0.4235	0.176
2.348	-2.733	0.1758
2.608	3.2	0.09573
2.437	3.387	0.1248
1.825	0.5556	0.04967
2.268	1.211	0.06231
2.384	2.535	0.09665
2.215	-0.3523	0.09658
2.189	1.504	0.1224
2.332	-1.239	0.1696
2.244	-2.126	0.1732
2.526	3.214	0.1578
2.217	1.698	0.152
2.16	-0.7245	0.1274
2.225	2.22	0.1575
2.167	1.364	0.1075
2.402	-7.693	0.1403
2.455	-1.117	0.1418
2.255	-1.372	0.138
1.586	0.3811	5.512e-05
1.945	-0.1329	0.04062
1.646	2.534	0.002882
2.147	-0.7322	0.05177
2.036	-0.638	0.04221
2.181	-3.344	0.07941
2.184	-4.426	0.09079
2.025	-4.672	0.07661
2.08	-7.222	0.1169
2.107	-0.5047	0.08164
2.154	-2.014	0.1558
2.257	-7.077	0.1421
2.249	-2.848	0.1215
2.197	4.315	0.09612
2.224	1.756	0.08444
2.086	0.9339	0.09488
2.299	-1.711	0.07999
2.261	0.3346	0.09488
2.279	4.915	0.1083
1.943	2.62	0.1168
2.068	4.099	0.1061
1.987	3.896	0.1185
1.258	2	-0.03585
1.008	0.1616	-0.06205
1.075	2.13	-0.05734
1.234	2.513	-0.03583
1.204	1.236	-0.01733
0.7963	-0.1469	-0.05468
0.7789	-0.1005	-0.06045
1.284	0.2759	-0.03404
0.7394	-0.1531	-0.0348
0.8126	-0.0457	-0.01614
0.9321	0.3684	-0.02442
1.402	1.589	0.01729
0.7603	0.05883	-0.05083
0.8031	0.07794	-0.02383
1.038	0.2433	0.01067
1.601	1.478	0.08025
1.353	1.044	0.05205
1.93	-0.09567	0.1167
