2.233	1.008	0.06833
2.855	-3.414	0.1952
2.35	-2.681	0.09501
2.57	-2.467	0.1557
2.373	-4.198	0.09368
2.064	-2.447	0.095
2.147	2.562	0.1055
2.821	-2.48	0.08111
2.764	-0.4703	0.04183
2.661	1.726	0.06013
1.439	-1.539	-0.1612
2.473	1.781	0.1083
2.074	-3.199	0.08956
2.394	-3.792	0.138
2.382	-5.304	0.1255
2.802	2.236	0.08274
1.691	0.1464	0.04636
1.693	1.069	0.01723
1.59	0.3286	0.07725
2.285	-3.282	0.05365
1.671	0.2113	-0.1507
2.312	-3.699	0.08243
2.294	-0.6798	0.06984
2.8	3.014	0.0828
2.365	3.717	0.06181
2.603	1.746	0.1057
2.647	3.151	0.1117
2.243	3.788	0.1542
2.34	-3.787	0.1018
2.698	3.645	0.05889
2.587	-4.11	0.04138
2.385	2.859	0.1156
2.564	-2.78	0.09583
2.585	-0.232	0.08818
1.501	-0.4174	0.009256
2.71	-3.061	0.1031
2.901	5.229	0.04185
2.923	-2.086	0.12
2.785	0.7326	0.1707
2.713	1.277	0.1906
2.326	-6.146	0.1298
1.874	-1.476	-0.03856
2.349	-1.575	0.07152
2.32	-3.285	0.1017
2.473	-5.138	0.07536
1.921	4.107	0.09028
2.428	-3.848	0.128
2.222	4.087	0.0938
2.492	4.118	0.1052
2.424	-2.855	0.147
2.552	1.11	0.134
2.586	-4.885	0.09993
2.269	-1.401	0.06818
2.338	-0.7594	0.09803
1.907	1.805	0.07161
2.287	-3.445	0.06499
1.845	-3.967	0.07007
1.835	3.895	0.07177
1.666	3.369	0.042
2.247	0.781	0.1022
1.623	0.2726	0.06891
1.666	-2.006	0.04915
1.603	-0.3752	-0.01636
1.661	-0.5163	-0.08237
1.612	1.221	-0.04756
1.59	3.949	0.06337
1.951	3.202	0.04457
2.402	-0.6211	0.07053
1.824	0.04785	-0.09206
2.334	-3.146	0.03037
2.079	2.298	0.0115
1.527	2.387	-0.1633
2.315	0.2567	0.05734
2.414	-4.314	0.08074
1.932	2.774	0.09315
1.936	3.394	0.07419
2.184	4.434	0.0665
2.317	2.899	0.0763
2.225	2.114	0.07981
2.287	0.2731	0.0801
2.407	3.141	0.08898
2.395	2.334	0.0857
2.739	3.163	0.08053
2.509	2.747	0.09753
2.834	-0.03731	0.1085
2.57	-1.952	0.1169
2.216	1.512	0.09308
2.69	0.8424	0.09522
2.531	-2.085	0.08279
2.918	-0.3991	0.05542
2.806	-1.978	0.06799
2.632	0.5285	0.0591
2.582	-2.239	0.06221
2.484	0.264	0.07963
2.402	-1.344	0.135
2.787	3.456	0.1444
2.538	1.901	0.1203
2.47	-4.729	0.06321
2.862	-2.336	0.1642
2.872	2.83	0.1454
2.252	3.153	0.1418
2.162	-5.049	0.1426
2.189	-2.478	0.1088
2.275	-1.718	0.05001
2.553	-2.59	0.04966
2.427	3.207	0.07878
2.493	6.488	0.0708
2.355	4.354	0.05301
2.631	-3.173	0.05302
2.733	3.079	0.04757
2.68	0.4894	0.1168
2.43	0.4732	0.1123
2.467	4.236	0.07457
2.553	-2.512	0.08166
2.643	1.812	0.0786
2.39	2.598	0.1031
2.652	-1.428	0.05436
2.495	0.5298	0.1036
2.532	0.6098	0.1011
2.309	-0.4809	0.1005
2.252	0.05932	0.06056
1.536	-0.444	-0.06683
2.826	-0.3761	0.04925
2.75	-6.37	0.07644
2.317	-0.7557	0.08639
2.576	-1.11	0.1155
2.009	0.1111	0.08485
2.865	2.153	0.09703
2.871	-4.934	0.1959
2.68	-1.883	0.07272
2.719	4.55	0.075
2.35	4.419	0.07804
3.251	1.947	0.1089
3.066	-3.793	0.2954
2.263	-0.852	0.07137
2.723	5.126	0.0216
3.198	3.276	0.02118
3.037	5.038	0.06028
2.895	5.091	0.05559
2.798	-0.07996	0.1054
2.773	2.01	0.1188
2.429	3.548	0.1108
2.567	1.805	0.1528
2.842	2.825	0.1703
2.785	-0.2357	0.1651
2.903	-3.386	0.1859
2.629	3.575	0.1532
3.005	-0.9718	0.187
2.864	1.021	0.1834
2.304	1.76	0.1538
1.696	-0.1659	0.01335
1.789	2.469	0.09243
2.376	2.485	0.1634
2.609	-2.78	0.102
1.645	1.241	-0.1061
2.056	-0.8539	0.07679
2.611	-1.959	0.1624
2.759	2.452	0.1766
2.434	3.543	0.09853
1.468	0.3818	-0.172
1.326	-0.4995	-0.1189
1.551	0.1404	-0.02941
2.366	-5.383	0.0804
2.426	-4.105	0.07067
2.37	-3.959	0.08409
2.203	-2.873	0.07834
2.214	-3.881	0.09508
2.3	-3.084	0.0805
2.366	-3.626	0.08204
2.384	-3.027	0.1147
2.4	-5.481	0.09052
1.912	2.71	0.09443
2.088	3.983	0.09356
2.141	1.455	0.09887
2.255	2.291	0.09276
2.472	1.229	0.119
2.259	-1.543	0.09889
2.273	-2.418	0.1006
2.395	-4.662	0.1341
2.28	0.05447	0.09843
2.455	-0.3935	0.1123
2.468	-1.196	0.1235
2.341	1.157	0.1039
2.381	4.191	0.09528
2.336	1.524	0.09972
2.529	0.2237	0.1182
2.433	-4.076	0.1412
2.393	-5.093	0.1429
2.395	1.389	0.1094
2.489	4.391	0.1248
2.495	-2.324	0.1527
2.6	3.105	0.1412
2.418	-3.949	0.09963
2.386	-4.629	0.08363
2.767	-5.432	0.09196
2.639	-5.308	0.08207
2.493	-4.064	0.08452
2.273	-0.8846	0.06933
2.103	-2.604	0.07044
2.557	3.749	0.08875
2.333	3.596	0.08733
2.563	0.2777	0.07851
2.284	-2.606	0.1016
2.215	-4.564	0.09388
2.278	1.968	0.09516
2.074	1.74	0.07005
1.83	-3.077	0.03294
1.957	-1.411	0.03961
2.04	-1.108	0.05796
1.923	-3.968	0.08258
2.363	-1.44	0.06667
2.039	-0.7817	0.04476
1.762	-2.299	0.05773
1.766	2.803	0.08741
1.649	3.7	0.06448
1.687	3.131	0.07654
1.868	4.227	0.08241
2.194	-0.07203	0.08559
2.083	-0.7734	0.07487
2.423	-1.412	0.1093
1.637	2.742	0.04274
1.793	2.414	0.05674
1.848	-1.952	0.06419
1.631	2.717	0.06313
1.912	2.249	0.09162
1.772	-3.045	0.009141
1.643	-0.03172	0.03845
1.859	-1.465	0.08318
1.791	-0.5718	0.07418
1.674	0.4302	0.02618
1.611	2.085	0.04933
1.667	-4.345	-0.005021
1.551	4.08	0.03081
1.547	4.552	0.0289
1.589	3.12	0.02145
1.609	-0.6964	0.03046
1.623	-3.396	-0.03897
1.61	0.3274	-0.05208
1.577	4.552	0.03762
1.715	-3.039	-0.01014
1.583	-4.936	-0.07004
1.506	-2.432	-0.1107
1.496	-1.591	-0.1595
1.458	-1.405	-0.1482
1.687	1.019	0.081
1.528	1.334	0.06526
1.927	3.014	0.05632
2.19	1.47	0.0483
1.72	4.461	0.0535
1.601	2.874	0.053
1.708	-0.05259	0.04191
2.414	-3.305	0.0599
2.367	0.9171	0.05203
2.376	-1.775	0.04985
2.368	1.175	0.0746
2.082	0.6617	0.008688
2.271	0.8601	0.03133
2.134	-0.3981	-0.02139
1.664	-0.06395	-0.1395
2.087	0.9616	-0.03806
2.093	2.621	0.03598
1.806	-1.441	0.03288
2.272	-0.6874	0.04076
2.256	-0.008759	0.01674
2.029	0.5617	-0.04894
1.871	1.119	-0.00593
1.644	0.6552	-0.1563
1.947	-0.09951	-0.06316
1.73	1.363	-0.102
1.445	2.183	-0.1943
2.423	-4.687	0.08152
2.389	0.5939	0.09718
2.308	-0.4601	0.0585
2.423	-2.646	0.06066
2.4	-2.453	0.06189
2.281	0.3416	0.05979
2.376	-0.2873	0.06846
1.762	3.614	0.07061
2.017	2.811	0.06171
1.917	0.4549	0.09472
1.682	2.588	0.08253
1.9	-2.541	0.08033
2.159	-1.766	0.08969
2.113	1.735	0.07832
2.186	1.754	0.06168
2.204	2.566	0.06253
2.127	2.328	0.06362
2.094	3.692	0.07135
2.282	-0.191	0.07201
2.197	3.434	0.06769
2.231	3.074	0.07358
2.385	-0.9925	0.07658
2.264	1.385	0.0672
2.259	0.8046	0.0728
2.336	-1.975	0.08252
2.293	0.01614	0.08684
2.287	-0.3723	0.08407
2.383	-3.361	0.09437
2.348	-0.9109	0.08369
2.265	1.887	0.08019
2.241	3.026	0.08018
2.348	-3.848	0.07883
2.482	0.09725	0.08349
2.158	4.472	0.09517
2.249	0.533	0.08926
2.192	2.076	0.1002
2.349	3.264	0.09159
2.621	3.502	0.08337
2.469	2.821	0.07699
2.729	-0.6633	0.07922
2.365	4.058	0.08299
2.55	0.5394	0.07871
2.809	-1.934	0.08198
2.745	2.089	0.08857
2.682	2.565	0.0869
2.809	-2.188	0.0926
2.617	-1.241	0.102
2.408	0.2977	0.1029
2.488	-0.7563	0.1036
2.48	-5.149	0.1081
2.873	-3.117	0.09436
2.622	3.282	0.09603
2.649	1.264	0.111
2.759	3.631	0.1128
2.673	4.859	0.1157
2.409	-1.575	0.09717
2.86	2.824	0.09402
2.306	-0.798	0.09606
2.295	0.7762	0.1003
2.274	2.527	0.09313
2.18	4.397	0.07705
2.492	-0.2118	0.08234
2.811	-1.039	0.1026
2.576	0.536	0.09501
2.975	-0.8541	0.1024
2.805	2.551	0.09047
2.504	-0.1376	0.07211
2.757	-2.333	0.07711
2.635	2.425	0.08545
2.73	-2.46	0.05295
2.837	-2.038	0.06278
2.92	-4.598	0.06001
2.794	-1.85	0.05927
2.796	-4.717	0.05915
2.823	2.739	0.05677
2.678	4.174	0.0598
2.592	4.302	0.0551
2.897	3.491	0.05106
2.73	0.882	0.05946
2.542	5.109	0.09013
2.554	-2.397	0.09142
2.354	1.094	0.0791
2.369	2.594	0.06995
2.371	-2.898	0.08295
2.49	-4.107	0.08043
2.405	-3.774	0.1043
2.464	1.004	0.1006
2.492	0.8888	0.1183
2.513	0.9047	0.06771
2.415	-3.652	0.1085
2.373	-4.371	0.1415
2.533	-3.813	0.1442
2.713	-0.3362	0.134
2.46	-4.407	0.1497
2.627	-0.5587	0.1424
2.672	2.629	0.1503
2.486	0.06527	0.06475
2.557	4.637	0.05965
2.616	1.833	0.1142
2.473	0.8071	0.09619
2.438	1.282	0.08656
2.377	-4.788	0.115
2.409	2.795	0.08524
2.938	0.989	0.1449
2.849	1.583	0.1311
2.72	-1.836	0.1641
2.811	2.048	0.155
2.876	1.201	0.1566
2.615	-0.2368	0.1581
2.554	-0.8633	0.1556
2.354	-3.572	0.1406
2.263	-5.326	0.127
2.674	2.036	0.1353
2.46	3.733	0.146
2.223	4.406	0.1534
2.205	-1.134	0.1321
2.3	0.5672	0.1057
2.185	1.396	0.1502
2.16	-1.718	0.1484
2.13	-6.012	0.1367
2.121	-0.799	0.1193
2.133	-1.403	0.1111
2.473	4.063	0.05304
2.565	-1.875	0.05719
2.282	4.409	0.07703
2.342	-2.709	0.05505
2.397	5.302	0.04635
2.424	5.435	0.04249
2.581	-4.332	0.04232
2.399	-3.614	0.08714
2.38	1.436	0.08297
2.19	0.8363	0.09639
2.273	-3.469	0.08932
2.537	-1.936	0.0754
2.797	6.053	0.06591
2.645	2.512	0.06394
2.27	-0.3975	0.05112
2.554	-0.4348	0.04556
2.301	0.157	0.0681
2.374	-0.7075	0.06385
2.399	2.866	0.06311
2.645	1.012	0.04689
2.626	0.2198	0.04561
2.534	3.139	0.06681
2.537	1.766	0.05175
2.796	2.363	0.04607
2.814	0.8507	0.04263
2.755	0.9433	0.04651
2.562	-1.93	0.115
2.437	2.134	0.1016
2.694	-4.703	0.1104
2.675	-1.351	0.1187
2.591	-2.328	0.1199
2.511	1.93	0.1179
2.405	1.444	0.1185
2.6	-0.9083	0.06965
2.566	-1.421	0.09271
2.752	-4.22	0.0535
2.59	-0.1941	0.05025
2.511	1.35	0.05004
2.599	1.391	0.1055
2.468	2.437	0.1073
2.61	-3.42	0.09945
2.523	-1.893	0.07656
2.552	3.162	0.05414
2.571	-0.9045	0.08271
2.457	4.373	0.1035
2.611	2.122	0.05754
2.679	1.933	0.05902
2.726	-1.9	0.05573
2.318	3.625	0.09552
2.339	3.651	0.1143
2.352	3.659	0.1086
2.284	2.905	0.09076
2.388	1.218	0.08718
2.542	0.5025	0.09758
2.401	2.255	0.1089
2.734	1.939	0.04207
2.649	1.592	0.07059
2.593	0.009311	0.08782
2.61	-3.798	0.07539
2.555	-4.759	0.1002
2.498	-0.7923	0.09911
2.468	-3.409	0.08195
2.42	0.9733	0.1096
2.479	0.8329	0.1041
2.478	-3.666	0.1079
2.492	-0.6371	0.08977
2.414	0.0549	0.1066
2.457	-5.05	0.1105
2.378	-3.128	0.1076
2.23	-0.3779	0.08425
1.996	0.768	0.04795
1.853	0.1444	0.01119
2.482	2.411	0.08617
2.197	-0.5467	0.0753
1.825	0.1397	0.01457
1.795	0.0138	0.02426
1.431	-0.5334	-0.02718
2.705	-3.072	0.04984
2.607	-2.275	0.08222
2.826	1.297	0.02391
2.785	-2.848	0.02664
2.792	-3.427	0.05912
2.801	-1.39	0.07971
2.779	-1.452	0.08162
2.361	1.7	0.06792
1.903	0.08961	0.05374
2.609	-4.519	0.07918
2.664	-0.02783	0.07941
2.534	0.06001	0.09138
2.116	0.3394	0.08357
1.652	-0.1997	0.03996
2.506	-5.489	0.1015
2.422	-2.143	0.1044
2.386	-2.011	0.1092
2.754	2.529	0.1441
2.528	1.613	0.1383
2.921	1.516	0.1511
2.921	-5.139	0.2094
2.625	-3.278	0.09151
2.756	1.491	0.109
2.908	-0.5085	0.138
2.816	-2.833	0.121
2.816	-4.282	0.1552
2.716	1.013	0.07597
2.611	-1.498	0.08038
2.733	-3.661	0.05048
2.629	1.691	0.07165
2.741	-0.9793	0.06477
2.92	4.318	0.0841
2.674	-0.5939	0.09805
2.707	-0.5885	0.07928
2.811	2.221	0.06975
2.856	3.986	0.06414
2.491	-0.69	0.0863
2.526	0.4294	0.07567
2.544	7.855	0.07341
2.327	1.058	0.08602
2.238	6.334	0.09426
2.99	-2.477	0.2406
2.966	0.2031	0.2632
3.011	3.951	0.1016
3.022	2.87	0.1724
3.153	-0.02646	0.2042
3.11	-0.3626	0.1185
3.025	-2.082	0.2274
2.455	3.865	0.04734
2.812	3.43	0.04863
2.168	3.159	0.09586
2.279	3.427	0.0726
2.395	3.133	0.04104
2.471	-1.864	0.05432
2.62	2.992	0.0226
3.231	2.009	0.0409
3.061	-3.27	0.06048
3.134	3.305	0.03064
2.996	1.986	0.008152
2.99	4.634	0.02219
3.069	0.691	0.04846
2.821	5.147	0.06498
3.002	2.402	0.04739
3.077	4.116	0.03482
3.082	6.061	0.06124
2.934	3.456	0.06975
2.876	3.375	0.06829
2.871	2.42	0.08358
2.804	3.862	0.08859
2.926	-0.918	0.06801
2.92	4.188	0.07286
2.773	-3.183	0.1099
2.71	-0.8141	0.1453
2.748	3.255	0.1528
2.33	-2.007	0.08923
2.698	2.91	0.07334
2.181	-2.158	0.1082
2.241	-3.866	0.1293
2.306	3.915	0.1425
2.663	-2.289	0.1386
2.714	3.002	0.1628
2.733	-1.344	0.1062
2.516	2.782	0.1353
2.373	-1.647	0.1511
2.761	-0.5884	0.1624
2.845	-3.814	0.1722
2.663	2.715	0.158
2.844	-1.182	0.1664
2.656	-5.11	0.1706
2.61	2.586	0.1358
2.664	3.416	0.1448
2.858	-0.07613	0.1876
2.838	-1.738	0.1962
2.874	1.395	0.1765
2.631	3.679	0.158
2.648	3.57	0.1648
2.672	2.963	0.181
2.824	3.346	0.1698
2.889	0.9922	0.1927
2.75	-1.605	0.1039
2.789	2.425	0.1293
2.846	1.55	0.1582
2.862	-2.064	0.1776
2.964	1.657	0.1871
2.587	1.752	0.1743
2.976	-2.667	0.1985
2.946	2.975	0.1908
2.885	-5.638	0.1813
2.565	-1.468	0.1779
2.81	3.74	0.1771
2.6	-3.406	0.1757
2.527	-2.393	0.138
1.909	0.7937	0.1132
2.301	1.163	0.1314
2.68	-1.001	0.1682
2.645	2.639	0.1824
1.638	2.005	0.05022
1.636	-2.268	0.08916
1.476	0.08533	-0.1148
1.579	1.312	-0.03322
1.766	-0.9262	0.05868
1.905	-2.196	0.07298
1.979	-0.3103	0.1006
2.42	-1.973	0.1618
2.538	-2.014	0.177
1.955	0.685	0.1274
2.247	-0.09313	0.1311
2.255	1.308	0.1488
2.462	2.413	0.1679
2.556	-3.218	0.1363
2.547	0.01706	0.152
2.635	2.065	0.1249
2.786	4.771	0.08793
1.481	1.139	-0.1482
1.633	-0.07052	-0.03046
1.803	2.344	-0.08427
2.032	-0.5523	0.02694
1.831	-1.324	-0.01973
1.869	-2.629	0.04761
2.214	-4.492	0.1067
2.157	-2.332	0.06507
2.756	-2.212	0.1982
2.339	0.1041	0.1086
2.832	-1.809	0.2002
2.981	-4.937	0.2761
3.043	-2.476	0.2573
2.967	3.044	0.1839
2.328	2.009	0.1136
2.434	0.232	0.1246
2.284	-1.459	0.1174
2.565	-0.02665	0.1245
2.652	0.8869	0.0984
2.556	1.651	0.09425
2.644	2.241	0.06499
2.734	5.498	0.07155
1.497	0.9979	-0.1921
1.444	0.1971	-0.2098
1.461	1.168	-0.2128
1.582	2.564	-0.1553
1.571	0.9779	-0.1087
1.405	-0.4834	-0.1808
1.405	-0.2832	-0.2163
1.515	-0.4978	-0.1037
1.337	-0.5932	-0.09342
1.351	-0.5316	-0.04449
1.434	-0.08285	-0.1034
1.706	1.202	-0.06205
1.367	-0.2513	-0.1435
1.365	-0.3981	-0.0663
1.46	-0.3255	-0.01258
1.941	-0.2576	0.03927
1.721	0.4619	0.03584
2.271	-0.1974	0.1092
1.832	0.6783	0.07023
2.443	-1.8	0.09521
2.015	-1.588	0.0865
1.887	-1.837	0.1306
2.302	-1.597	0.07802
1.551	-0.6108	0.09141
1.959	2.185	0.08844
2.394	0.5435	0.04951
2.464	1.11	0.04422
2.114	0.728	0.0839
0.9722	-0.7635	-0.171
2.283	-0.04241	0.1127
2.239	-3.162	0.09623
2.071	-4.719	0.1414
2.187	-5.072	0.09672
1.842	-1.564	0.07871
1.481	-1.411	0.04683
1.554	-2.133	-0.006806
1.355	1.272	0.06098
2.965	0.2865	0.04683
1.613	3.385	-0.06099
2.242	-2.778	0.07458
2.621	1.16	0.08954
2.344	-1.996	0.08925
2.324	-0.00901	0.08947
2.152	2.791	0.09908
2.085	0.808	0.1043
2.084	1.899	0.1232
2.07	-1.314	0.07423
2.177	-2.497	0.05653
2.095	-4.17	0.0601
2.312	1.148	0.1262
2.428	-0.6911	0.08101
2.32	-4.315	0.06731
0.9533	0.08988	0.02585
2.282	-3.236	0.05316
2.716	0.6037	0.0285
3.059	-0.9987	0.04936
2.192	-2.768	0.1336
2.138	3.052	0.151
1.629	-5.844	0.0864
1.77	-2.578	-0.0372
2.014	-1.737	0.07352
2.332	-2.779	0.08472
2.024	-4.847	0.07414
2.137	2.596	0.103
2.479	1.649	0.1315
2.548	2.948	0.1025
2.565	4.429	0.1128
1.929	-3.19	0.1329
2.149	2.694	0.1253
2.029	-6.321	0.08498
1.932	0.2314	0.07319
1.747	-1.603	0.09643
1.65	1.551	0.07188
1.777	-4.349	0.06663
1.89	-3.105	0.08473
1.549	2.015	0.08926
1.16	4.225	0.0343
1.954	1.24	0.1031
1.438	0.2439	0.06168
1.364	-2.648	0.001204
1.221	-0.8259	-0.06492
1.36	0.4622	-0.1012
1.097	0.8615	-0.08656
1.781	3.345	0.06497
2.37	2.414	0.03872
2.431	-0.7958	0.07659
1.261	0.5459	-0.04032
2.669	-1.884	0.05018
2.165	1.196	0.02329
1.069	0.9248	-0.1143
2.855	-2.024	0.06142
2.373	-4.593	0.1093
1.803	2.26	0.09063
2.354	3.459	0.06093
2.552	2.422	0.06137
2.571	-1.537	0.07055
2.261	1.633	0.07957
2.395	3.091	0.08891
2.415	-1.846	0.08292
2.026	3.933	0.09749
1.893	4.352	0.08897
2.099	2.161	0.08842
2.165	-1.554	0.0888
2.319	1.134	0.09236
2.128	2.034	0.08824
2.129	-2.665	0.08246
2.068	2.63	0.1011
2.26	-1.825	0.08751
2.144	-2.625	0.09394
2.509	2.305	0.07901
2.032	-3.906	0.07381
2.209	2.244	0.07995
2.038	-3.255	0.1123
1.882	4.445	0.1261
1.902	-4.798	0.098
2.26	1.481	0.06531
2.006	-1.328	0.1351
2.052	2.964	0.1248
1.949	-3.328	0.1214
1.936	-2.908	0.1156
2.05	-2.175	0.09997
2.28	-13.93	0.04845
2.029	-2.125	0.07454
2.355	-5.09	0.0773
2.262	2.789	0.06363
2.387	3.809	0.04147
2.393	-2.242	0.0386
2.439	2.877	0.05121
2.248	-1.922	0.1084
2.139	0.3697	0.1037
2.113	2.445	0.08724
2.349	-2.508	0.0799
2.348	-0.07621	0.0777
2.416	1.553	0.1134
2.45	-0.3258	0.04888
2.367	-1.076	0.1175
2.4	0.4111	0.1122
1.937	-0.03204	0.0855
1.845	-0.6833	0.05103
1.117	0.3873	-0.04542
2.346	-5.296	0.0438
2.352	-2.899	0.06722
1.947	-1.012	0.07292
2.398	0.4158	0.08745
1.74	2.341	0.08722
2.471	2.633	0.07878
2.365	-3.227	0.07467
2.33	0.5573	0.05971
2.468	4.887	0.06794
2.359	-0.2698	0.06539
2.588	1.149	0.01654
2.424	-5.005	0.07195
2.279	-1.393	0.0578
2.795	3.48	0.02065
3.015	1.775	0.01329
2.764	5.704	0.03738
2.936	3.22	0.02427
2.228	-1.239	0.07602
2.203	0.8791	0.09625
2.166	0.04336	0.08847
1.986	-4.473	0.1244
2.155	2.321	0.1475
2.536	-4.533	0.1513
2.605	-3.131	0.1672
1.947	2.138	0.09708
2.311	-3.435	0.1474
2.414	1.626	0.1604
1.998	1.558	0.1405
1.376	-1.658	0.01517
1.421	2.048	0.09668
1.519	0.7305	0.1178
2.168	0.8082	0.04298
1.409	1.213	-0.1046
1.762	-1.782	0.06904
2.226	-2.993	0.09425
2.833	4.531	0.0717
2.585	2.275	0.04177
0.7994	0.203	-0.1572
0.5576	-0.2947	-0.1283
1.079	0.502	-0.0138
1.993	-4.805	0.07753
2.013	-3.814	0.07217
2.005	-3.038	0.08159
2.18	-3.574	0.08219
2.33	-3.034	0.09064
2.166	-2.645	0.07829
2.131	-3.031	0.07502
2.294	-2.254	0.08886
2.112	-5.407	0.07573
2.161	3.603	0.107
2.426	3.472	0.1036
2.397	2.354	0.1033
2.155	0.5866	0.1054
2.444	1.679	0.1239
2.444	-0.6827	0.11
2.443	-1.86	0.1128
2.316	-1.44	0.1382
2.308	-2.521	0.1127
2.582	-1.752	0.09973
2.48	-2.98	0.1098
2.552	2.323	0.09616
2.589	2.684	0.1053
2.258	-0.7298	0.1135
2.433	3.649	0.1182
2.265	-1.902	0.119
1.959	-5.51	0.1384
2.24	1.38	0.1172
2.187	3.491	0.1231
1.91	-1.618	0.1319
1.981	-0.7446	0.1258
2.029	-4.093	0.08797
1.991	-4.087	0.0784
1.958	-4.026	0.07843
1.918	-5.571	0.07539
1.977	-2.405	0.0778
1.991	-1.701	0.07547
2.11	-2.909	0.07957
1.683	2.98	0.08806
1.706	2.269	0.08513
1.81	-0.1664	0.07537
1.692	-0.08066	0.09735
1.698	-3.872	0.08795
1.774	-2.605	0.09128
1.641	2.133	0.07087
1.562	-1.715	0.03223
1.697	-1.106	0.04065
1.989	-2.25	0.06961
2.067	-4.009	0.09471
1.85	-2.091	0.06903
1.863	-1.296	0.0526
1.681	-1.499	0.0594
1.875	2.865	0.107
1.352	3.608	0.07419
1.601	3.024	0.09486
1.82	3.844	0.1013
1.84	-0.7594	0.099
1.668	-2.31	0.08574
2.086	-1.829	0.1098
1.227	2.305	0.03644
1.304	3.599	0.06957
1.396	0.9158	0.072
1.185	4.763	0.04161
1.668	1.564	0.09057
1.462	1.367	0.01783
1.41	-2.963	0.03374
1.494	-0.2424	0.07986
1.62	-3.508	0.07239
1.453	-0.01205	0.02525
1.505	0.687	0.03467
1.387	1.196	-0.03161
1.171	1.32	-0.007255
1.162	4.063	-0.01074
1.234	-1.253	0.007921
1.283	-2.911	-0.02585
1.296	-1.349	-0.08335
1.16	1.235	-0.0836
1.208	2.379	-0.001078
1.515	-0.7077	-0.03188
1.188	-2.393	-0.1098
1.085	-2.629	-0.1364
1.039	-0.5692	-0.1689
1.003	-1.815	-0.174
1.431	2.087	0.08035
1.452	2.053	0.06495
2.574	4.128	0.04876
2.8	0.9929	0.04336
2.022	3.823	0.05163
1.65	2.87	0.04991
1.879	1.733	0.02959
2.83	-3.656	0.05857
2.622	-0.9674	0.06175
2.923	0.8741	0.0507
1.99	-0.5628	0.07918
1.801	1.985	0.02468
2.063	-1.278	0.04456
2.097	-1.334	0.02287
1.411	1.046	-0.06602
2.09	-1.509	0.02124
2.332	2.364	0.03256
1.818	2.005	0.01904
2.671	-1.21	0.0431
2.457	-0.7383	0.03777
1.918	-1.781	0.004944
1.73	2.816	-0.005623
1.473	4.138	-0.08489
1.832	-0.7431	-0.01766
1.368	0.6309	-0.09942
0.9396	2.643	-0.1617
2.384	-3.274	0.09664
2.07	0.236	0.1033
2.924	-0.831	0.05262
2.704	-0.9755	0.06798
2.548	-2.086	0.08195
2.711	-0.7906	0.07488
2.504	-0.5092	0.09473
2.168	3.651	0.06189
2.747	1.339	0.05126
1.535	2.505	0.09286
1.732	1.31	0.07949
1.982	-1.58	0.06951
2.059	-3.944	0.08305
2.214	3.185	0.06634
2.787	2.329	0.06156
2.65	2.925	0.06998
2.812	3.382	0.05518
2.505	3.458	0.06091
2.416	3.17	0.06316
2.43	4.278	0.06661
2.507	2.958	0.08444
2.488	0.5251	0.07069
2.477	-1.628	0.06265
2.382	-1.489	0.06864
2.41	-3.274	0.07278
2.232	0.3956	0.07801
2.544	2.985	0.07852
2.427	1.231	0.07818
2.461	-3.748	0.08473
2.554	-4.737	0.08003
2.44	2.868	0.08512
2.348	-4.627	0.08814
2.405	0.5777	0.08494
1.868	3.417	0.09857
2.177	2.027	0.09113
1.647	2.366	0.1007
1.736	2.444	0.09778
1.692	4.062	0.09007
2.139	-1.615	0.09094
2.146	2.605	0.09097
2.245	0.1859	0.09289
1.914	-1.682	0.09233
1.872	2.753	0.08268
1.999	3.019	0.08734
2.181	1.825	0.09117
2.012	-1.418	0.08288
2.05	-3.906	0.08781
2.056	-0.4193	0.09036
2.383	2.608	0.08181
2.279	-0.2292	0.08305
2.339	-0.08799	0.08524
2.427	-0.3024	0.08361
2.453	-1.85	0.09034
2.136	-0.9298	0.09449
2.384	1.398	0.09779
2.14	-1.893	0.08717
2.272	2.479	0.08765
2.039	0.06487	0.08852
2.09	2.905	0.0888
2.138	4.105	0.08373
2.229	3.84	0.08897
2.154	3.854	0.08865
2.061	-3.005	0.08892
2.078	1.606	0.1006
2.149	-4.26	0.08286
2.074	0.1272	0.0863
2.182	0.4202	0.09753
2.134	-0.6952	0.1024
2.121	2.521	0.0984
2.331	-2.535	0.08947
2.206	-3.521	0.09932
2.185	-5.63	0.08956
2.152	-1.988	0.0846
2.105	-4.022	0.0834
2.234	3.02	0.08021
2.109	3.076	0.08135
2.514	4.383	0.08501
2.454	3.422	0.08351
2.209	-1.15	0.07624
2.224	3.661	0.08844
2.039	1.25	0.08828
2.182	-0.09672	0.08409
2.399	4.054	0.08488
2.059	-0.7105	0.08341
2.061	-2.945	0.07731
2.107	-2.585	0.0845
2.222	-0.1559	0.08682
2.052	-0.9292	0.107
2.399	2.965	0.0809
2.136	-3.329	0.0882
2.116	-5.013	0.1079
2.001	-1.832	0.1275
2.038	2.634	0.1228
2.073	-2.75	0.1261
1.986	2.163	0.1283
1.892	-0.1499	0.1275
2.05	-2.466	0.07097
2.123	2.264	0.0817
2.098	3.461	0.1025
2.059	-0.4627	0.08015
2.096	-1.16	0.06043
1.861	-4.804	0.08092
2.171	-2.595	0.05003
1.913	4.069	0.1234
1.997	0.1139	0.1198
1.893	-1.345	0.135
1.891	2.46	0.1293
2.053	-4.276	0.1291
2.052	2.101	0.1281
2.078	-1.367	0.124
1.897	2.542	0.1135
1.946	2.692	0.09995
1.91	0.4232	0.1168
2.006	-0.7917	0.1227
2.016	-0.8106	0.1226
1.956	2.739	0.1123
2.107	-1.407	0.09488
2.028	4.243	0.1201
1.954	-5.993	0.1194
1.96	-5.745	0.1136
1.926	-1.594	0.09788
2.026	-5.007	0.09744
2.168	4.078	0.07514
2.078	0.1148	0.08165
2.337	2.106	0.04522
2.356	-3.432	0.05732
2.139	2.997	0.06587
2.139	2.432	0.05719
2.015	-4.127	0.06539
2.212	3.676	0.08723
2.271	3.286	0.06638
2.178	2.382	0.08536
2.152	3.2	0.08865
2.197	2.762	0.07759
2.273	2.518	0.06729
2.164	1.952	0.06174
2.202	-2.948	0.04493
2.225	0.3715	0.05022
2.282	-1.587	0.04623
2.215	0.8519	0.04642
2.221	2.293	0.04635
2.494	4.376	0.04574
2.295	2.159	0.05538
2.258	-0.2485	0.04924
2.467	1.968	0.03704
2.557	-0.6165	0.04035
2.458	-1.648	0.03858
2.472	0.8724	0.04727
2.201	-3.735	0.09652
2.213	-3.361	0.08684
2.181	-4.349	0.0989
2.284	-3.293	0.1031
2.213	1.926	0.113
2.367	1.403	0.1194
2.266	3.286	0.1202
2.075	0.7401	0.09104
2.107	-3.575	0.09397
2.072	-5.195	0.08013
2.025	-2.322	0.07745
2.048	1.953	0.0737
2.333	1.641	0.1039
2.333	1.691	0.1103
2.133	-3.551	0.09367
2.255	1.995	0.08181
2.18	2.231	0.0678
2.274	2.944	0.08086
2.274	3.489	0.1133
2.275	1.413	0.0636
2.359	2.872	0.05949
2.427	0.9937	0.05747
2.157	2.184	0.09169
2.308	3.057	0.1245
2.241	3.343	0.1097
2.312	3.976	0.09668
2.495	0.7274	0.1009
2.352	0.2442	0.1067
2.331	2.037	0.1254
2.438	1.054	0.04692
2.44	-3.59	0.06729
2.48	0.2014	0.08728
2.455	-3.156	0.06157
2.42	-1.42	0.09877
2.492	-1.811	0.1137
2.503	0.3638	0.1061
2.414	-1.479	0.1231
2.362	-0.1072	0.1145
2.319	-5.315	0.1049
2.362	-3.88	0.1112
2.208	-0.389	0.08979
2.25	-4.541	0.1095
2.208	-1.812	0.1142
1.861	-0.5151	0.0801
1.649	1.217	0.03654
1.608	1.599	0.01854
2.285	-2.708	0.06774
1.849	-0.2725	0.05528
1.443	0.9197	0.008027
1.378	0.9012	0.02894
0.8602	-0.08837	-0.0171
2.412	-4.763	0.04441
2.423	-5.234	0.06917
2.406	-0.9966	0.03785
2.388	-2.622	0.037
2.344	-4.639	0.05434
2.345	-0.1436	0.06314
2.314	0.9764	0.0672
1.848	-0.3075	0.06014
1.558	1.474	0.05491
2.255	-1.094	0.06455
2.215	0.6344	0.0632
2.228	-1.922	0.07386
1.751	0.931	0.08094
1.22	0.5905	0.05616
2.337	-5.931	0.0835
2.147	-1.111	0.0899
2.102	-0.9128	0.09696
2.44	0.5617	0.09383
2.279	-0.2616	0.09168
2.539	-0.9035	0.09145
2.415	-2.602	0.08651
2.327	-4.387	0.07313
2.483	2.153	0.08224
2.457	-2.382	0.08665
2.361	-0.08904	0.08255
2.279	-4.656	0.05869
2.35	-0.1028	0.05802
2.316	-2.913	0.06254
2.377	-2.755	0.04041
2.327	2.77	0.05513
2.288	0.6177	0.05831
2.468	3.298	0.07233
2.347	-1.147	0.07302
2.345	-4.145	0.06724
2.415	-0.4584	0.06348
2.401	4.723	0.06051
2.343	-2.431	0.06957
2.386	0.793	0.0565
2.405	3.176	0.06858
2.37	4.391	0.07631
2.068	3.153	0.07846
2.342	-0.4996	0.05582
2.349	-4.083	0.08581
2.343	1.985	0.02515
2.302	4.396	0.0358
2.522	-1.208	0.04157
2.869	-2.424	0.03127
2.669	-3.108	0.06516
2.579	2.795	0.04286
2.481	7.235	0.02954
1.968	0.6843	0.07868
2.466	4.169	0.06202
2.659	2.513	0.03511
2.499	1.879	0.04147
2.884	0.7597	0.01922
2.91	0.7771	0.0125
2.984	-2.643	0.02699
2.693	1.947	0.006943
2.957	3.138	0.005715
3.034	4.171	0.01709
3.028	0.6746	0.02474
3.056	0.2402	0.03223
2.776	3.488	0.02853
3.002	1.931	0.02175
2.937	2.888	0.03138
2.582	5.259	0.04182
2.608	3.904	0.03158
2.442	2.088	0.06426
2.254	3.932	0.06923
2.554	0.7554	0.0483
2.475	-0.4984	0.05416
2.31	-0.09183	0.08453
2.098	3.168	0.1138
2.295	-0.1052	0.1221
2.175	-3.054	0.06849
2.366	2.326	0.05298
1.978	-3.8	0.08557
1.99	-0.8577	0.1046
2.067	3.094	0.1144
2.024	-3.442	0.1078
2.023	1.132	0.1287
2.223	-2.638	0.07861
2.054	-1.401	0.1082
2.05	2.433	0.1243
2.005	-5.94	0.1369
2.17	-3.046	0.1419
1.996	2.337	0.1331
2.01	-3.01	0.1397
1.889	-5.347	0.1413
2.387	-3.527	0.1312
2.57	1.944	0.1431
2.605	1.868	0.1598
2.495	-2.785	0.164
2.678	1.443	0.1618
2.459	4.255	0.1533
2.292	1.489	0.1586
1.729	1.26	0.1307
2.125	-1.335	0.1267
2.133	3.123	0.1521
2.238	-2.971	0.06766
2.105	2.288	0.09723
2.281	1.056	0.1244
2.349	-0.56	0.1396
2.53	0.814	0.1643
2.103	0.7729	0.1594
2.498	0.9829	0.1633
2.492	-0.3665	0.1594
2.396	-4.898	0.1506
1.987	-0.782	0.1565
2.224	3.987	0.1536
1.916	-3.234	0.1508
2.349	0.1482	0.1335
1.706	-0.144	0.108
2.177	2.871	0.1274
2.407	2.916	0.1505
2.24	0.3132	0.1489
1.263	0.8163	0.01334
1.382	2.245	0.07923
1.088	-0.9768	-0.1449
1.15	0.4967	-0.08322
1.367	-0.3444	0.05409
1.522	-1.973	0.09374
1.492	1.291	0.1061
1.792	-1.811	0.1317
1.718	0.7688	0.134
1.635	-0.6001	0.1179
1.567	-3.154	0.1157
1.597	-0.1691	0.09851
1.696	2.688	0.1068
1.868	-4.366	0.06223
1.806	-0.6947	0.08284
2.148	-1.635	0.06826
2.294	-0.7209	0.04403
1.075	-0.194	-0.1574
1.448	-0.1172	-0.02958
1.591	2.825	-0.07548
1.936	-0.07396	0.02323
1.686	-1.46	0.002368
1.59	-3.056	0.06863
1.649	-5.225	0.07739
2.121	-3.922	0.05844
2.297	-5.272	0.07929
2.238	0.3432	0.06436
2.363	-1.366	0.09756
2.336	-1.754	0.09143
2.616	-2.496	0.08635
3.135	2.19	0.06454
1.937	0.8487	0.06397
1.873	-3.786	0.05595
2.235	1.219	0.06934
2.763	3.602	0.0581
3.134	5.147	0.03528
2.278	2.507	0.03446
2.802	3.077	0.01842
2.487	1.652	0.02665
0.9874	0.7394	-0.17
0.7066	0.04054	-0.148
0.854	0.9391	-0.1578
1.168	2.139	-0.1441
1.127	0.9954	-0.1054
0.5394	-0.3546	-0.1296
0.547	-0.1684	-0.157
0.965	0.1601	-0.06747
0.5897	-0.3738	-0.1013
0.6895	-0.2117	-0.03215
0.8288	0.1015	-0.09156
1.435	2.318	-0.03406
0.6425	-0.1649	-0.1504
0.7117	-0.1808	-0.06519
0.8924	0.06967	0.003687
1.7	1.905	0.05108
1.335	1.064	0.05165
1.982	1.013	0.08466
