1.814	1.192	0.1134
2.232	0.1575	0.1719
2.048	-2.753	0.174
2.137	1.723	0.2263
2.194	-2.971	0.1874
2.098	-0.577	0.2017
2.197	1.189	0.2138
2.28	1.601	0.268
2.197	-0.7729	0.1862
2.163	3.983	0.1925
1.465	-1.192	-0.04675
2.092	2.515	0.2632
2.054	-2.579	0.1971
2.134	-3.798	0.2485
2.14	-1.569	0.1955
2.048	-2.276	0.1764
1.943	-1.938	0.1417
1.937	0.5736	0.1521
2.107	0.5281	0.2055
2.007	1.569	0.167
1.578	0.1566	0.02252
2.01	-1.268	0.1852
2.074	1.467	0.1803
2.178	1.273	0.1809
2.09	3.161	0.195
2.063	2.678	0.1876
2.275	1.581	0.2121
2.422	2.107	0.2273
2.574	-2.673	0.2042
2.078	0.711	0.1967
2.076	-2.379	0.1988
2.067	3.306	0.2017
2.075	1.494	0.1893
2.049	1.708	0.1793
1.325	-0.1241	0.02452
2.158	-0.8099	0.1983
2.363	2.858	0.2357
2.23	-0.9642	0.2063
2.248	0.6543	0.2386
2.25	3.39	0.2598
2.158	-2.144	0.2028
1.6	-0.7898	-0.002646
2.075	-2.681	0.1685
2.109	-1.392	0.1963
2.067	-4.633	0.1629
2.102	3.72	0.248
2.112	0.11	0.2626
2.188	1.277	0.2355
2.211	1.859	0.2342
2.106	-2.169	0.2337
2.213	3.958	0.2289
2.063	-2.929	0.1724
2.072	0.8622	0.1726
2.13	-2.346	0.1917
2.115	3.384	0.1879
2.046	-3.966	0.1773
1.974	-2.382	0.1874
2.064	3.39	0.2511
2.022	3.022	0.1812
2.133	1.675	0.27
2.11	-0.6117	0.1942
1.945	-1.211	0.07702
1.993	3.992	-0.009575
1.694	0.8664	0.05765
2.018	2.55	0.02492
1.95	3.148	0.1988
1.99	2.524	0.1819
1.865	-1.027	0.136
1.407	0.1052	0.04609
1.852	-0.3424	0.1234
1.886	2.403	0.1227
1.525	1.347	-0.05674
2.052	1.503	0.1675
1.977	-3.375	0.1545
1.982	2.757	0.2019
1.973	1.871	0.1848
2.043	3.216	0.1867
2.153	-0.2551	0.184
2.133	1.101	0.1979
2.123	0.6431	0.1682
2.131	2.916	0.1681
2.084	2.579	0.1884
2.099	3.873	0.1776
2.089	1.926	0.1795
2.122	1.644	0.1689
2.202	0.6058	0.1704
2.086	1.11	0.1884
2.101	2.755	0.1836
2.02	-2.064	0.1835
2.142	-1.909	0.1859
2.017	-2.635	0.1999
2.218	3.416	0.1901
2.328	1.965	0.1694
2.121	-1.564	0.1844
2.165	0.02127	0.2034
2.241	1.71	0.2276
2.564	-1.217	0.2162
2.25	0.2998	0.1631
2.184	-2.758	0.2228
2.248	-1.212	0.2216
2.331	0.5495	0.2217
2.298	-3.949	0.229
2.322	-2.275	0.2399
2.484	-1.642	0.191
2.03	-1.536	0.1848
2.311	0.235	0.2329
2.303	1.95	0.1837
2.413	3.569	0.1755
2.181	-2.845	0.1673
2.141	3.941	0.1972
2.227	-1.77	0.1846
2.186	0.9938	0.197
2.082	2.939	0.2144
2.071	1.352	0.2113
2.158	1.9	0.21
2.074	1.392	0.1938
2.177	-2.443	0.1972
2.085	2.081	0.2089
2.034	0.311	0.1798
1.861	0.5592	0.1489
1.823	-0.1833	0.1311
1.288	-0.1111	0.05462
2.117	-4.239	0.1721
2.017	-3.386	0.1727
1.883	0.2721	0.1275
2.062	-1.19	0.1785
1.658	0.5709	0.05475
2.269	1.079	0.2094
2.257	-5.397	0.1999
2.122	-2.526	0.1955
2.323	2.238	0.2228
2.104	-1.041	0.1946
2.206	2.774	0.168
2.536	-6.431	0.2165
2.325	-2.859	0.1949
2.342	2.094	0.1926
2.417	-1.232	0.2257
2.299	3.438	0.2603
2.308	3.485	0.2235
2.098	0.5697	0.2636
2.093	2.216	0.26
2.308	-1.244	0.2442
2.191	-1.417	0.2255
2.282	3.236	0.2453
2.187	-0.7857	0.2664
2.239	-0.8088	0.2714
2.313	-2.147	0.2539
2.329	2.004	0.2665
2.335	0.1439	0.2711
2.222	1.916	0.2526
1.966	-1.649	0.1245
2.177	-0.1277	0.1992
2.245	-2.488	0.2375
2.292	3.702	0.2335
1.539	0.8195	-0.03547
2.108	-1.361	0.1337
2.262	-2.48	0.1333
2.421	4.918	0.1751
2.212	2.219	0.1804
1.242	0.5221	-0.05876
1.18	-0.1898	-0.02009
1.27	0.09324	-0.02981
2.04	-4.566	0.1641
2.072	-3.763	0.1594
2.046	-3.641	0.1719
2.084	-1.633	0.1697
2.088	-3.589	0.1968
2.089	-2.861	0.1677
2.09	-3.353	0.1682
2.131	0.3198	0.2012
2.088	-4.632	0.1699
2.05	2.965	0.2306
2.151	2.942	0.2438
2.106	2.224	0.2238
2.123	0.9795	0.2564
2.095	2.168	0.2636
2.147	-1.165	0.2549
2.186	2.531	0.2511
2.128	-0.4816	0.2597
2.196	1.967	0.2359
2.185	0.1266	0.22
2.197	-0.7652	0.2224
2.151	2.149	0.2206
2.219	3.395	0.2348
2.175	2.058	0.232
2.207	3.22	0.2314
2.193	-2.589	0.2184
2.108	-3.278	0.246
2.149	2.507	0.2312
2.156	2.734	0.2259
2.132	0.8727	0.2281
2.181	4.116	0.2256
2.049	-3.154	0.175
2.046	-2.526	0.1694
2.067	-4.032	0.1722
2.057	-2.635	0.1745
2.07	-2.423	0.1723
2.072	0.7739	0.1712
2.055	-1.274	0.1725
2.074	3.966	0.1853
2.104	3.283	0.1878
2.05	-0.07619	0.1807
2.149	-2.87	0.197
2.191	1.068	0.2003
2.175	-0.3195	0.1944
2.074	1.102	0.1846
1.958	-2.931	0.1479
1.981	-1.437	0.1508
2.04	-0.6821	0.1731
2.021	-2.964	0.1944
2.057	0.8879	0.1743
2.015	-0.05807	0.1633
1.946	-2.356	0.166
2.009	3.467	0.2318
1.964	4.159	0.1993
1.982	3.397	0.227
2.082	3.639	0.2535
2.108	1.724	0.2639
2.093	0.2254	0.261
2.096	2.747	0.2703
1.957	3.558	0.1792
2.052	2.991	0.2028
2.079	-0.2621	0.2507
2.066	-0.4982	0.1979
2.172	-0.7521	0.2521
1.972	-1.548	0.1453
1.944	-0.7694	0.09202
2.088	-1.948	0.2028
2.19	1.256	0.1935
2.078	1.021	0.1621
2.071	-0.2048	0.1778
1.983	-0.9511	0.1292
1.991	3.78	0.1095
2.014	3.293	0.1121
1.987	4.476	0.1121
1.953	0.4005	0.03037
1.963	-1.962	0.09813
2.013	3.491	-0.02296
2.039	3.105	0.142
1.91	0.6782	0.116
1.97	0.8706	0.01839
1.948	0.5022	-0.03366
1.544	-1.77	-0.05958
1.635	-2.481	-0.03963
2.029	1.044	0.204
1.986	0.2837	0.1989
1.992	3.496	0.1867
1.999	0.09096	0.1737
1.973	4.76	0.1939
1.954	3.107	0.1918
1.917	-1.384	0.1762
1.946	-0.955	0.151
1.871	0.5736	0.1265
1.94	-2.649	0.1494
1.846	2.019	0.12
1.631	0.6975	0.08417
1.791	1.391	0.09715
1.756	-0.1193	0.08447
1.321	-0.08726	0.02793
1.709	0.1147	0.08171
1.939	2.459	0.1612
1.889	-2.142	0.1492
1.95	-0.3222	0.1536
1.85	-0.2441	0.1241
1.737	-1.647	0.06982
1.824	0.1729	0.1009
1.455	0.4635	-0.009784
1.712	1.087	0.0602
1.663	2.249	0.02482
1.428	0.4323	-0.07475
1.926	-0.1253	0.1453
1.863	1.351	0.1346
2.026	0.3449	0.1647
1.98	0.9117	0.1573
2.022	-1.332	0.1621
2.071	1.333	0.1738
2.052	0.9639	0.1708
1.952	3.152	0.1893
2.014	2.928	0.1767
2.057	1.967	0.2029
1.97	0.2125	0.2026
1.933	-1.465	0.195
1.965	-0.7072	0.1997
1.951	2.772	0.1888
2.051	2.47	0.1764
2.084	2.879	0.1866
2.026	2.726	0.1733
1.995	3.624	0.1818
1.993	2.682	0.1873
2.102	3.187	0.1953
2.091	3.224	0.1933
2.05	1.773	0.1821
2.079	2.348	0.1911
2.131	2.123	0.1956
2.174	-1.999	0.1871
2.173	0.7856	0.1953
2.159	1.626	0.1762
2.2	-2.679	0.1779
2.068	-1.019	0.1779
2.127	2.219	0.1727
2.118	2.559	0.1668
2.148	-0.9174	0.1767
2.13	0.6985	0.1676
2.005	3.783	0.1976
2.042	0.1047	0.1809
2.073	2.248	0.1968
2.064	2.226	0.1879
2.069	3.483	0.1815
2.155	2.1	0.1771
2.168	2.324	0.1809
2.093	3.08	0.175
2.12	2.266	0.1812
2.068	2.228	0.1761
2.097	-0.4145	0.1772
2.129	3.074	0.1813
2.082	-1.938	0.1736
2.082	1.931	0.1775
2.064	0.2125	0.1807
2.201	-1.804	0.1717
2.205	-2.764	0.1811
2.164	0.4915	0.1766
2.119	2.542	0.1697
2.172	2.218	0.1699
2.115	-2.029	0.1765
2.128	3.024	0.1794
2.087	3.138	0.1778
2.152	2.77	0.1831
2.057	-1.303	0.1805
2.082	3.972	0.1831
2.075	2.074	0.1835
2.115	3.571	0.1891
2.034	3.264	0.1867
2.096	-2.515	0.1781
1.995	1.25	0.1896
2.142	-1.248	0.1818
2.055	2.13	0.1872
2.017	1.926	0.1899
2.003	-2.649	0.1927
2.02	2.118	0.1984
2.135	-2.027	0.1893
2.029	-1.637	0.1868
2.024	-5.219	0.1874
2.121	0.8185	0.1865
2.058	0.9105	0.1902
2.355	2.991	0.1937
2.309	2.875	0.1967
2.258	4.262	0.1964
2.345	2.072	0.1921
2.237	0.6607	0.1795
2.174	3.887	0.202
2.258	1.328	0.1984
2.113	-1.817	0.1867
2.202	2.754	0.1922
2.07	-1.926	0.1784
2.083	-1.948	0.1761
2.091	-2.189	0.1877
2.148	1.364	0.2046
2.205	0.8405	0.2125
2.186	0.2434	0.1918
2.126	0.4502	0.1983
2.136	-1.281	0.2042
2.241	-3.798	0.2175
2.329	-0.2789	0.2207
2.202	-2.155	0.2182
2.257	0.4567	0.2211
2.164	4.178	0.2248
2.261	0.1193	0.1621
2.258	3.449	0.1958
2.337	2.582	0.2118
2.313	1.905	0.1919
2.274	1.722	0.1584
2.725	-1.886	0.2142
2.385	3.189	0.1589
2.243	2.486	0.2269
2.456	0.3462	0.2253
2.133	1.63	0.2253
2.185	-0.3551	0.2263
2.224	-3.328	0.2242
2.292	0.6033	0.2154
2.381	-0.1286	0.2201
2.418	-2.103	0.211
2.444	-1.607	0.2139
2.385	0.9824	0.2221
2.28	1.534	0.2144
2.369	1.222	0.2278
2.326	-2.76	0.2282
2.395	1.354	0.221
2.352	-2.656	0.2327
2.318	-2.146	0.2324
2.275	-3.449	0.2258
2.236	-0.4011	0.217
2.227	0.0531	0.2279
2.157	3.155	0.1824
2.115	2.497	0.1894
2.321	1.871	0.1608
2.461	-2.018	0.1838
2.178	2.291	0.1828
2.245	2.959	0.1858
2.03	-3.045	0.1852
2.397	1.341	0.2221
2.454	0.46	0.1819
2.22	2.16	0.2276
2.334	-1.49	0.2396
2.357	2.925	0.2105
2.274	1.79	0.2114
2.14	4.08	0.1894
2.42	1.657	0.1891
2.242	-2.312	0.1894
2.327	2.793	0.1619
2.378	2.117	0.1621
2.124	2.151	0.1554
2.213	3.172	0.1913
2.088	2.758	0.2045
2.08	1.735	0.1858
2.332	2.932	0.1694
2.248	1.634	0.1866
2.214	2.345	0.1769
2.185	-1.271	0.1981
2.211	-3.516	0.1885
2.19	1.393	0.1924
2.14	2.629	0.1814
2.226	-3.641	0.181
2.212	-0.284	0.189
2.16	2.597	0.1909
2.143	2.683	0.1985
2.053	2.487	0.2122
2.073	-2.17	0.2065
2.031	-0.9719	0.2003
2.008	3.062	0.2068
2.029	1.718	0.2035
2.084	-2.236	0.2033
2.076	2.613	0.2071
2.081	-2.121	0.2036
2.09	0.3504	0.2157
2.03	0.1601	0.206
2.09	1.82	0.2096
2.09	2.621	0.2097
2.054	0.528	0.2039
2.145	2.625	0.2053
2.193	-1.588	0.2099
2.146	-0.3258	0.2009
2.072	2.559	0.1999
2.095	3.59	0.1984
2.102	3.457	0.198
2.074	-0.4168	0.1877
2.145	0.3023	0.2117
2.077	1.148	0.2059
2.195	-0.5292	0.1908
2.184	-0.5128	0.2067
2.186	-0.5272	0.2075
2.145	0.9072	0.2021
2.093	-4.009	0.2041
2.066	1.284	0.188
2.063	-0.4978	0.1807
2.071	-0.7862	0.1992
2.071	1.795	0.1968
2.028	-3.742	0.1868
2	-2.168	0.1662
1.959	-1.078	0.1729
1.957	-3.548	0.1679
1.902	-0.8573	0.1487
1.823	0.66	0.127
1.784	0.8654	0.1158
1.622	0.8705	0.08614
1.937	0.2389	0.1677
1.835	1.249	0.1385
1.595	0.3948	0.0799
1.531	0.6394	0.06896
1.23	-0.2493	0.0304
2.079	-2.753	0.1842
1.986	-2.667	0.1811
2.191	1.759	0.1777
2.135	-1.645	0.1815
2.084	-5.137	0.1771
2.061	-0.9656	0.1827
2.021	-2.054	0.1752
1.818	-0.4009	0.1277
1.6	0.6239	0.06614
1.897	1.32	0.1631
1.966	-0.1389	0.1615
1.974	1.704	0.1608
1.765	-0.3476	0.08838
1.434	0.03319	0.03183
2.091	-4.227	0.1873
1.986	-1.383	0.1553
1.907	-0.1128	0.1343
2.112	2.144	0.1647
2.014	1.541	0.1249
2.209	1.107	0.1955
2.315	-3.35	0.1921
2.162	-1.403	0.2001
2.179	-1.879	0.1979
2.222	1.044	0.2062
2.208	-1.706	0.2138
2.192	-4.186	0.1958
2.079	0.9786	0.1905
2.096	-0.5235	0.1902
2.147	-3.551	0.1703
2.09	1.046	0.1902
2.118	-2.352	0.1956
2.327	1.161	0.2152
2.183	-3.182	0.2169
2.239	1.134	0.2098
2.281	1.888	0.2115
2.227	2.048	0.2096
2.179	-1.776	0.2191
2.125	1.865	0.19
2.336	2.44	0.2247
2.147	0.7512	0.223
2.124	2.334	0.2054
2.333	-0.0556	0.1888
2.41	-3.72	0.1953
2.208	1.258	0.1721
2.22	2.872	0.1766
2.226	-1.334	0.1798
2.186	-0.1669	0.1795
2.359	-2.633	0.2021
2.216	4.543	0.1867
2.243	3.456	0.1837
2.171	2.966	0.2038
2.179	2.961	0.1948
2.353	-0.7766	0.1904
2.387	-1.209	0.2211
2.42	2.089	0.2123
2.309	0.562	0.1986
2.252	-0.4783	0.2191
2.347	1.815	0.1814
2.472	1.949	0.2082
2.39	3.972	0.2351
2.375	-0.1179	0.2273
2.256	1.532	0.2157
2.274	0.02441	0.2537
2.414	3.227	0.2466
2.423	3.699	0.2429
2.262	1.889	0.2686
2.361	3.638	0.2449
2.077	-1.505	0.2738
2.189	2.278	0.2662
2.295	2.162	0.2572
2.155	1.735	0.2695
2.068	-0.8032	0.2665
2.126	0.7253	0.2535
2.18	2.429	0.2466
2.358	0.5729	0.223
2.355	2.367	0.2464
2.264	-1.081	0.2199
2.354	-3.316	0.2368
2.34	0.435	0.2317
2.148	-2.744	0.2449
2.216	2.589	0.2379
2.206	1.199	0.2514
2.236	2.232	0.2302
2.288	1.029	0.2131
2.291	0.6559	0.2276
2.306	-2.359	0.2313
2.286	-3.473	0.2106
2.206	-3.49	0.2229
2.131	-2.528	0.2334
2.123	2.203	0.2629
2.11	2.931	0.264
2.256	1.996	0.2752
2.28	3.118	0.2764
2.217	-2.408	0.2732
2.169	2.069	0.2602
2.161	1.739	0.2639
2.294	-2.38	0.2407
2.3	0.8124	0.2438
2.316	-0.08219	0.2666
2.256	-0.1597	0.2702
2.295	0.9824	0.244
2.31	1.983	0.2454
2.307	0.6428	0.2529
2.313	0.7466	0.2775
2.148	1.412	0.2598
2.34	1.633	0.28
2.363	-3.007	0.2734
2.357	-1.039	0.2517
2.129	1.423	0.2565
2.317	3.274	0.2613
2.116	-3.236	0.2497
2.146	2.193	0.2705
2.196	-1.107	0.2455
2.188	1.597	0.2713
2.205	1.935	0.2627
2.211	2.233	0.2537
2.149	3.545	0.1614
2.19	-0.2371	0.1999
1.555	-0.4334	0.01014
2.034	0.3037	0.07701
1.977	1.113	0.1743
2.083	1.444	0.1895
2.051	-0.8956	0.2093
2.19	-1.728	0.235
2.232	2.536	0.2331
2.195	1.993	0.2267
2.206	2.15	0.2211
2.275	1.866	0.2357
2.287	-2.778	0.2497
2.234	-2.481	0.2048
2.32	2.101	0.2446
2.321	1.804	0.2572
2.296	2.351	0.2563
1.488	0.3731	-0.03848
1.785	-0.5691	0.05403
1.534	1.749	-0.04316
1.971	-0.3573	0.08294
1.947	-0.02465	0.06705
2.005	-3.236	0.1358
2.126	-3.82	0.1662
1.853	-1.743	0.08957
2.438	-4.942	0.1717
2.168	-0.7439	0.1457
2.238	-0.3908	0.1499
2.473	-2.324	0.1853
2.482	0.9435	0.1916
2.362	3.443	0.1985
2.209	-0.6912	0.1636
2.197	-0.2951	0.1849
2.226	2.554	0.1582
2.316	0.5707	0.1667
2.275	2.75	0.1848
2.219	0.7904	0.2015
2.226	-0.5195	0.1834
2.205	3.857	0.2356
1.355	0.9316	-0.06031
1.31	0.2114	-0.0401
1.283	0.988	-0.06781
1.352	2.806	-0.05741
1.335	1.169	-0.05482
1.204	-0.2576	0.00999
1.247	-0.1253	-0.01366
1.245	-0.2175	0.03997
1.164	-0.3022	0.008023
1.208	-0.2356	-0.00696
1.244	0.2234	-0.04998
1.415	1.291	-0.03287
1.208	0.1306	-0.03989
1.21	-0.08186	-0.02993
1.259	-0.1383	-0.005824
1.534	1.336	0.02831
1.38	0.2073	0.01257
1.734	0.1236	0.07716
1.821	1.608	0.09262
2.074	-1.225	0.1572
2.047	-1.387	0.1513
2.001	0.9502	0.2179
2.221	-2.691	0.1621
2.137	2.101	0.1663
2.058	0.2591	0.2542
2.331	3.096	0.2104
2.16	2.241	0.1873
1.919	2.333	0.175
1.293	-1.157	-0.06213
2.111	2.23	0.1854
2.096	-2.504	0.1619
2.062	-3.759	0.2125
2.118	-4.31	0.2009
2.074	0.721	0.1602
2.031	-3.625	0.1045
2.064	0.8193	0.1425
2.133	2.036	0.1325
2.247	1.135	0.1578
1.414	-0.2379	0.01841
2.116	-0.9896	0.1636
2.179	-0.2048	0.1689
2.09	-0.8127	0.1679
2.102	0.3353	0.1617
2.045	1.002	0.1833
2.164	1.679	0.2168
2.455	1.811	0.2499
2.245	-0.08842	0.2363
2.366	0.7668	0.2316
2.032	-3.389	0.1683
2.116	0.7935	0.1875
2.262	0.9631	0.1726
2.429	-2.185	0.2064
1.062	0.03382	0.01905
2.027	-4.037	0.2385
2.195	3.573	0.2359
2.104	-0.997	0.2195
2.335	0.8317	0.2649
2.345	-0.7015	0.2475
2.036	-1.555	0.2099
1.669	-1.649	-0.02083
2.09	-2.77	0.154
2.133	-0.5357	0.1777
2.051	-3.204	0.1625
2.012	2.171	0.1575
2.09	1.873	0.2103
2.093	3.512	0.1636
2.234	3.498	0.1868
2.002	-3.218	0.2009
2.266	1.641	0.2073
2.01	-3.949	0.1538
2.136	-0.1801	0.1579
2.012	1.908	0.1676
2.066	1.849	0.1644
2.067	-3.123	0.1546
2.066	-2.273	0.1349
2.065	2.696	0.1488
2.104	2.275	0.1071
2.121	2.363	0.1915
2.153	-1.355	0.1671
2.081	-3.469	0.1356
1.858	-3.693	0.003238
1.852	-0.9505	0.06662
1.689	1.744	0.001583
2.167	1.537	0.1693
2.143	2.099	0.1621
2.045	-1.573	0.1388
1.543	-1.729	0.07264
2.004	-3.12	0.1179
1.876	1.033	0.1095
1.285	2.139	-0.04607
2.281	1.897	0.1612
2.038	-3.491	0.1475
2.168	1.424	0.1689
2.206	3.212	0.1661
2.219	3.853	0.1636
2.256	3.122	0.1484
2.183	1.895	0.1739
2.132	2.458	0.1664
2.295	0.4344	0.1479
2.1	3.363	0.1749
2.107	2.774	0.1681
2.037	3.035	0.1533
2.075	-5.181	0.1795
2.313	-2.293	0.1867
2.036	-0.2438	0.1544
1.972	-1.364	0.1598
2.044	2.76	0.1836
1.945	0.4804	0.1683
1.906	-1.79	0.1941
2.039	3.567	0.167
2.032	-2.512	0.1626
2	3.036	0.1752
2.068	-3.346	0.213
2.136	3.022	0.2269
2.252	2.578	0.2146
1.977	-0.8055	0.1661
2.215	0.05107	0.2362
2.176	1.96	0.2367
2.191	2.596	0.2522
2.162	-5.098	0.2498
2.167	1.806	0.2501
1.926	-3.386	0.1658
1.931	0.7071	0.1718
2.144	-0.9943	0.2409
2.305	1.773	0.2284
1.963	4.849	0.1847
2.162	-0.311	0.2089
2.195	2.399	0.1722
2.141	-2.934	0.1814
2.134	2.271	0.1898
2.091	3.1	0.189
2.21	-1.26	0.1702
2.209	0.2227	0.1834
2.15	2.518	0.1913
2.144	-1.523	0.1878
2.174	-0.2254	0.1963
2	-0.2923	0.1796
1.518	0.02289	0.1022
1.87	0.55	0.1087
1.182	0.5847	0.005369
2.125	-4.309	0.21
2.088	-1.02	0.2038
1.941	0.01342	0.1368
2.152	-1.645	0.1909
1.572	1.249	0.06303
2.179	2.122	0.232
2.016	-4.545	0.2007
2.457	-1.011	0.2266
2.122	3.258	0.2372
2.032	3.994	0.2575
2.076	2.718	0.1998
2.265	-4.048	0.1883
2.035	0.6536	0.2548
2.133	3.553	0.218
2.039	0.9293	0.2095
2.477	4.153	0.2315
1.99	3.178	0.2083
2.231	-0.4345	0.2681
2.659	2.794	0.2608
2.091	-2.493	0.2501
2.384	-0.4049	0.2505
2.144	2.925	0.2441
2.075	-1.732	0.234
2.223	-0.9848	0.2494
2.435	0.799	0.2641
2.455	0.7885	0.2633
2.174	0.8579	0.251
2.164	-1.416	0.2324
1.837	-1.04	0.1247
2.188	2.004	0.1901
2.268	1.382	0.2398
2.062	2.857	0.2271
1.468	0.5935	-0.05426
1.972	-2.141	0.1424
1.92	-0.1708	0.09842
2.174	-0.6002	0.1613
2.018	-0.3166	0.1808
0.9012	0.4067	-0.09141
0.6882	-0.2312	-0.05467
0.9081	0.1708	-0.0589
2.103	-3.994	0.1484
2.067	-4.89	0.152
2.065	-3.626	0.1508
2.062	-2.65	0.1593
2.117	-1.168	0.1701
2.047	-2.401	0.1615
2.048	-2.857	0.1674
2.138	-3.296	0.1859
2.054	-5.24	0.1823
2.052	3.055	0.1591
2.02	3.796	0.1634
2.122	2.945	0.1653
2.071	-2.129	0.1695
2.106	3.557	0.2045
2.042	-2.358	0.1787
2.041	-1.416	0.1765
2.083	-1.758	0.2136
2.083	-2.198	0.1779
2.223	-0.2678	0.1844
2.24	1.179	0.1986
2.186	0.4193	0.174
2.174	2.754	0.173
2.125	-2.008	0.1775
2.245	2.916	0.1933
2.254	-2.745	0.202
2.02	-4.632	0.2044
2.107	1.513	0.1851
2.085	1.772	0.2005
2.001	0.8678	0.2115
2.05	0.5712	0.2086
2.035	-1.221	0.1484
2.126	-3.865	0.1493
2.022	-3.327	0.1557
2.032	-4.414	0.1552
2.081	-0.408	0.1534
2.151	-1.803	0.1543
2.106	-2.361	0.1535
2.063	3.832	0.1653
2.067	2.59	0.1596
2.061	-0.03164	0.1576
2.059	-0.3739	0.1654
2.021	1.902	0.1646
2.014	-2.338	0.1621
2.088	2.751	0.1564
2.07	-0.343	0.1487
2.097	0.09016	0.129
2.153	-1.914	0.1518
2.088	-3.431	0.1494
2.074	-0.1696	0.1556
2.133	-0.5505	0.1456
2.055	-2.898	0.1189
2.016	3.782	0.1507
2.028	3.499	0.1255
2.018	3.564	0.1419
2.032	1.906	0.1625
2.076	-1.396	0.1736
2.116	0.4868	0.1608
2.118	2.328	0.1903
2.029	3.453	0.08685
2.076	2.957	0.1315
2.135	2.497	0.1388
2.134	-0.04552	0.1129
2.138	1.995	0.171
2.116	1.994	0.1499
2.005	-3.546	0.1228
2.14	1.747	0.1655
2.082	0.432	0.166
2.148	-0.9835	0.1579
2.171	0.7045	0.1611
2.088	0.9934	0.1451
1.977	1.994	0.04757
1.976	3.053	0.04816
1.978	-0.7601	0.05012
1.948	-3.026	0.07248
2.03	0.717	0.1129
1.729	-0.7506	-0.02469
1.945	3.851	0.07986
1.974	-3.384	0.118
1.793	-1.041	0.04653
1.635	-2.658	-0.02241
1.451	-1.936	-0.06039
1.385	-1.086	-0.04204
2.166	1.137	0.1646
2.167	2.851	0.1683
2.208	3.406	0.1675
2.202	2.756	0.16
2.173	4.493	0.17
2.149	3.431	0.1692
2.072	1.631	0.1556
2.206	-3.219	0.1486
2.036	0.8487	0.1266
2.169	0.09646	0.1439
1.896	1.025	0.1119
1.812	1.42	0.08274
1.923	1.63	0.09817
1.885	0.4783	0.08988
1.458	0.01026	0.04568
1.779	-2.327	0.0757
2.089	2.609	0.1449
2.004	0.3626	0.1366
2.127	1.49	0.1434
1.936	1.179	0.1156
1.662	-2.665	0.06338
1.844	3.437	0.09698
1.357	0.452	-0.006144
1.645	0.8759	0.05149
1.656	3.602	0.01878
1.261	1.174	-0.09103
2.034	-2.035	0.1397
1.869	0.987	0.1233
2.279	-0.3836	0.159
2.201	0.1936	0.151
2.155	-0.5708	0.1549
2.244	0.5966	0.1633
2.11	-1.572	0.1625
2.195	3.095	0.1705
2.265	3.067	0.1674
2.161	2.457	0.1701
2.157	3.206	0.1657
2.125	-1.266	0.1648
2.149	1.31	0.1663
2.125	2.096	0.161
2.255	2.713	0.1647
2.222	2.766	0.1662
2.276	2.841	0.1653
2.214	1.985	0.1625
2.174	2.641	0.1575
2.202	2.206	0.1643
2.18	3.438	0.1706
2.169	3.764	0.156
2.219	-0.4368	0.1525
2.227	1.273	0.1519
2.247	-3.369	0.148
2.212	-2.213	0.1694
2.242	-1.526	0.1519
2.268	-3.261	0.1615
2.138	-0.1501	0.1723
2.194	-0.9335	0.1624
2.192	2.321	0.1554
2.104	-3.077	0.1681
2.111	1.41	0.155
2.162	3.276	0.1761
2.14	-0.2259	0.1767
2.127	3.255	0.1702
2.044	3.408	0.1715
2.084	3.807	0.1666
2.096	-2.014	0.1725
2.105	2.516	0.1687
2.113	3.661	0.1763
2.098	0.5604	0.1723
2.088	1.785	0.1643
2.095	1.109	0.1621
2.103	2.666	0.1578
2.06	-1.983	0.1589
2.009	0.01116	0.1547
2.005	0.026	0.155
2.356	0.3794	0.169
2.271	-3.147	0.1727
2.034	-2.503	0.1741
2.202	0.7614	0.1701
2.319	1.089	0.1898
2.133	-3.039	0.1838
2.308	1.167	0.1894
2.065	0.6717	0.1591
2.057	1.472	0.1697
2.043	-0.8557	0.1531
2.015	3.945	0.1561
2.061	4.607	0.1585
2.072	2.8	0.1535
2.054	3.457	0.1725
2.039	-1.802	0.1799
2.054	1.415	0.1872
1.968	-1.201	0.1698
1.979	1.711	0.1744
2.091	1.334	0.1768
2.007	0.1731	0.1926
1.967	3.749	0.1995
2.063	-1.678	0.1669
2.039	-1.678	0.1849
1.944	-4.691	0.1791
1.907	1.102	0.1746
1.893	-1.97	0.1783
1.953	4.213	0.1599
1.952	4.206	0.1673
2.067	3.813	0.1608
2.013	4.236	0.1624
2.029	-1.482	0.1605
2.072	2.158	0.2018
2.123	2.82	0.2091
2.026	2.172	0.1615
2.05	3.927	0.1595
2.042	-1.125	0.1578
2.022	-2.39	0.1762
2.031	-1.096	0.1885
2.032	2.42	0.1981
2.099	-1.041	0.215
2.016	2.338	0.1721
2.019	0.2998	0.2043
2.088	-5.177	0.213
2.19	0.04737	0.2282
2.242	3.076	0.2287
2.2	-1.391	0.2231
2.274	1.78	0.2222
2.024	1.321	0.2179
1.999	0.2171	0.1642
1.964	4.389	0.1725
2.232	2.004	0.2224
2.079	-0.3356	0.2015
2.005	-5.32	0.1824
2.173	2.789	0.2283
1.994	-2.524	0.1814
2.131	2.924	0.2239
2.316	-2.128	0.226
2.014	-4.51	0.223
2.011	-2.691	0.2194
2.276	-2.942	0.2354
2.476	2.263	0.2472
2.367	1.63	0.248
2.139	1.066	0.2423
2.177	-3.197	0.2488
2.183	-1.947	0.2316
2.142	3.403	0.2468
2.272	2.556	0.2532
2.184	3.166	0.2569
2.315	2.525	0.2435
2.292	-1.9	0.2513
2.235	0.7778	0.2534
2.151	-3.97	0.2519
2.097	-0.5838	0.2558
2.085	-2.975	0.246
1.97	4.357	0.1689
1.913	1.201	0.1758
2.039	1.296	0.2037
1.932	-3.995	0.1681
1.957	4.416	0.1656
1.94	3.613	0.1695
1.993	-2.791	0.1684
2.313	2.363	0.2417
2.273	0.7038	0.2298
2.064	-1.163	0.2418
2.164	0.9768	0.242
2.247	0.5929	0.2403
2.252	3.735	0.2388
2.296	2.22	0.2247
1.938	0.1341	0.173
1.968	2.606	0.172
2.085	0.7973	0.2023
2.086	-1.851	0.2009
2.173	3.564	0.2017
2.069	3.136	0.1778
2.102	2.141	0.1701
2.314	1.291	0.2117
2.067	-0.1191	0.1868
2.087	3.28	0.1792
2.072	1.28	0.1848
2.19	0.4314	0.1759
2.228	-1.321	0.1834
2.191	-0.7648	0.177
2.125	0.3372	0.1806
2.272	-0.009496	0.1896
2.121	-1.516	0.1871
2.111	2.835	0.1823
2.106	2.54	0.193
1.934	2.515	0.1987
2.038	-2.541	0.1859
1.892	-5.187	0.1815
1.93	-1.045	0.1905
2.073	3.345	0.1847
2.15	2.245	0.1781
2.128	2.804	0.177
2.123	-2.753	0.1796
2.203	0.408	0.1808
2.154	3.166	0.1811
2.163	3.207	0.1752
2.151	3.165	0.1818
2.191	3.671	0.1752
2.227	2.018	0.174
2.256	2.469	0.1845
2.158	2.048	0.1802
2.136	3.168	0.1958
2.143	0.7131	0.1929
2.155	3.172	0.1808
2.141	0.8921	0.1808
2.172	1.527	0.1922
2.17	2.937	0.1939
2.117	0.4325	0.1895
2.261	-0.2413	0.186
2.261	-2.683	0.1901
2.181	-2.895	0.186
2.288	-1.096	0.1886
2.114	1.418	0.1922
2.088	0.7415	0.172
2.184	-1.042	0.1984
2.129	2.247	0.1933
2.129	-2.792	0.1783
2.014	-3.187	0.1563
1.905	-1.883	0.1412
1.819	-3.845	0.1507
1.878	-1.142	0.1285
1.766	1.053	0.08476
1.393	0.4958	0.04245
1.703	1.052	0.04096
2.054	-0.9885	0.1506
1.72	-0.6274	0.08669
1.416	0.7058	0.04172
1.532	0.9425	0.05994
0.9346	-0.09168	0.01185
2.108	-3.811	0.1964
2.133	-3.233	0.1924
2.081	0.8463	0.1932
2.089	-1.14	0.1988
2.114	-4.174	0.2141
2.272	0.9777	0.2169
2.163	1.363	0.2096
1.929	-1.253	0.1341
1.647	1.005	0.07325
2.043	1.312	0.1724
2.065	0.1019	0.1846
2.274	0.1585	0.1893
1.834	-0.1249	0.09546
1.243	0.3508	0.02679
2.369	1.842	0.201
2.202	-1.23	0.1695
1.974	0.2208	0.1348
2.063	1.926	0.1804
1.955	0.9166	0.1188
2.094	-1.007	0.2096
2.074	-3.532	0.1858
2.399	-1.142	0.2218
2.197	2.03	0.2165
2.061	0.0931	0.2267
2.07	-1.634	0.2353
1.958	-4.851	0.2136
2.329	1.269	0.2189
2.464	-0.1927	0.2165
2.164	-3.756	0.2107
2.354	0.947	0.2174
2.411	-1.483	0.229
2.145	2.658	0.2365
2.078	-3.385	0.245
2.374	-2.367	0.2322
2.326	0.6326	0.235
2.317	2.04	0.2367
2.049	-1.375	0.2472
2.052	0.3797	0.2545
2.156	0.05967	0.2379
2.039	3.14	0.2462
2.022	3.13	0.2553
2.008	0.8138	0.1779
2.102	-5.108	0.1629
2.045	2.159	0.2112
1.966	1.901	0.1873
2.134	-1.561	0.191
2.049	-2.318	0.2134
2.338	-7.282	0.2181
2.044	3.363	0.2451
2.087	4.036	0.2273
2.036	2.144	0.2549
2.025	2.362	0.2572
2.039	1.878	0.2422
2.035	3.396	0.2449
2.166	3.688	0.2149
2.04	2.437	0.2083
1.958	-4.055	0.2211
2.137	0.006808	0.2089
2.132	0.364	0.2004
2.199	4.864	0.2113
2.03	0.03593	0.2229
1.94	-1.005	0.2209
2.454	3.148	0.235
2.216	3.789	0.2183
2.199	0.5417	0.2152
2.539	3.417	0.2254
2.193	-1.753	0.2019
2.595	1.827	0.2639
2.528	1.771	0.2315
2.262	2.386	0.2526
2.567	0.9758	0.2603
2.611	1.99	0.2715
2.348	1.874	0.2673
2.749	-2.072	0.2778
2.065	-0.6503	0.2524
2.069	-0.93	0.245
2.086	-1.459	0.2549
2.201	1.128	0.2503
2.255	3.598	0.2476
2.195	-0.9925	0.2576
2.339	1.801	0.2582
2.087	-0.8362	0.2537
2.137	1.404	0.2493
2.343	2.159	0.2454
2.368	-3.829	0.2498
2.326	-3.101	0.2546
2.475	3.129	0.2466
2.287	1.391	0.2372
1.998	-4.487	0.2207
2.105	2.531	0.2131
2.1	3.284	0.2259
2.21	2.859	0.2398
2.298	1.503	0.2503
2.214	0.4337	0.2423
2.1	3.028	0.227
2.103	-0.2883	0.232
2.419	1.778	0.251
2.481	-1.135	0.2725
2.419	0.2152	0.2529
2.222	-0.2904	0.2239
2.591	0.8215	0.2551
2.646	1.133	0.2717
2.412	0.6486	0.2719
2.221	2.342	0.2572
2.055	0.6127	0.2369
2.335	-0.7188	0.2587
2.367	-0.8322	0.2601
2.315	-2.456	0.2596
2.014	-0.1942	0.2369
2.123	4.411	0.2467
1.994	-3.64	0.2343
2.075	-0.175	0.224
2.021	-0.9911	0.1985
2.047	-1.569	0.2217
2.09	-2.319	0.2348
2.257	2.18	0.2397
1.977	-2.718	0.1309
2.002	2.489	0.1793
1.483	-0.4379	0.02866
1.802	1.8	0.08405
2	1.779	0.1629
1.985	-1.02	0.1808
2.079	1.278	0.1981
2.249	2.015	0.2234
2.272	-2.703	0.2298
2.192	2.371	0.2145
2.236	-1.358	0.2176
2.275	-1.602	0.234
2.353	2.886	0.2599
2.085	-2.539	0.2232
2.254	1.03	0.2572
2.17	-1.939	0.2438
2.161	-1.965	0.2172
1.346	0.07784	-0.05371
1.703	0.1341	0.07021
1.537	2.403	-0.05259
1.938	0.04082	0.08052
1.84	-0.7633	0.07094
1.94	-4.12	0.1482
2	-4.455	0.1779
1.925	-2.18	0.04727
2.132	-6.65	0.1342
2.053	0.02515	0.1314
2.064	-0.4178	0.1141
2.115	-2.631	0.1237
2.311	-3.677	0.1757
2.293	2.382	0.1924
2.017	0.1556	0.1685
1.975	0.09574	0.1948
2.012	1.691	0.1578
2.156	1.795	0.1714
2.161	3.706	0.1947
1.928	1.93	0.213
1.952	4.6	0.1875
1.949	1.5	0.2079
1.143	0.788	-0.09778
0.9894	0.2585	-0.07369
1.052	1.016	-0.09463
1.22	2.861	-0.08901
1.178	1.54	-0.07313
0.9557	0.1585	-0.03544
0.8043	-0.1047	-0.05796
1.438	0.8341	0.002039
0.7121	-0.2548	-0.02967
0.7634	-0.2241	-0.02594
0.911	0.3367	-0.07318
1.264	2.26	-0.05545
0.7784	0.002904	-0.07432
0.7644	-0.07069	-0.05492
0.8887	-0.01647	-0.02146
1.385	0.4767	-0.02044
1.238	0.7241	-0.004859
1.673	-0.2607	0.05185
