1.908	1.37	0.05498
2.127	-0.2842	0.1127
2.111	-2.928	0.135
2.223	-0.4156	0.1646
2.342	-2.562	0.1556
2.22	-1.315	0.1803
2.088	1.021	0.1469
2.571	1.743	0.1305
2.511	-2.099	0.1241
2.249	6.087	0.08993
1.582	-1.605	-0.03396
2.03	-1.228	0.1794
2.192	-2.718	0.1343
1.847	-7.528	0.1665
2.226	-4.59	0.1744
2.157	1.487	0.1445
1.969	-1.707	0.0635
1.952	2.008	0.1178
2.114	-0.6431	0.1853
2.117	0.1939	0.1403
1.655	0.8979	0.002149
2.171	-1.759	0.1322
2.171	-0.6038	0.1472
2.219	-1.184	0.1644
2.442	0.4285	0.1305
2.341	0.9469	0.1473
2.384	1.89	0.196
2.282	3.358	0.1882
2.3	-5.012	0.1682
2.223	-1.609	0.192
2.452	-3.545	0.129
2.29	3.588	0.1512
2.38	-0.4728	0.1129
2.179	-0.7326	0.1312
1.342	0.2084	0.001421
2.265	-3.131	0.1331
2.317	3.89	0.1725
2.216	3.002	0.1197
2.52	-3.522	0.1748
2.227	-0.02471	0.1989
2.374	-1.888	0.1594
1.709	-0.5501	0.02056
2.201	-2.579	0.1241
2.271	-0.5866	0.1646
2.175	-4.881	0.1352
2.258	3.247	0.1333
1.943	-5.999	0.1844
2.324	4.421	0.146
2.325	1.773	0.1479
2.143	-3.147	0.1493
2.245	2.012	0.1632
2.123	-2.32	0.1462
2.141	-1.056	0.1234
2.201	-0.8877	0.1544
2.105	3.968	0.1429
2.155	-3.815	0.1336
2.086	-2.9	0.09854
2.144	2.238	0.1046
2.001	2.893	0.08978
2.115	1.032	0.1976
2.208	1.402	0.1505
1.96	-1.854	0.08233
1.862	4.73	0.01381
1.843	-4.802	0.03768
1.954	3.496	0.002494
2.074	2.963	0.1844
1.972	2.299	0.1627
2.151	1.285	0.1165
1.493	0.3621	0.01458
2.027	-0.4238	0.1153
1.887	2.266	0.1017
1.608	0.8796	-0.04924
2.199	1.446	0.1126
2.24	-2.493	0.1324
2.205	3.277	0.1813
2.068	4.811	0.1292
2.056	3.487	0.1116
2.336	1.814	0.1417
2.16	0.9821	0.15
2.271	2.408	0.1537
2.434	0.8938	0.1585
2.102	3.305	0.1783
2.101	1.221	0.1687
2.101	3.434	0.1582
2.433	0.7718	0.1436
2.338	-5.197	0.1554
2.113	-0.8201	0.1351
2.235	-1.561	0.1488
2.374	2.778	0.1383
2.625	0.8753	0.1311
2.402	-4.276	0.1485
2.377	0.9333	0.1379
2.446	0.8518	0.1154
2.137	2.742	0.1365
2.099	0.4536	0.1774
2.355	3.468	0.1915
2.473	1.747	0.1933
2.215	3.6	0.0827
2.438	1.911	0.1839
2.664	3.033	0.208
2.259	2.754	0.1897
2.121	-3.592	0.1764
2.249	-2.605	0.1761
2.305	-1.799	0.1058
2.258	-1.5	0.08869
2.251	-0.7849	0.1895
2.261	-0.7336	0.1951
2.349	1.065	0.1388
2.429	0.6161	0.1411
2.507	4.701	0.1248
2.244	-1.027	0.1576
2.226	1.771	0.1616
2.345	4.614	0.1641
2.591	-0.2845	0.1481
2.571	2.797	0.1385
2.124	3.358	0.1725
2.55	-2.441	0.1249
2.368	-1.193	0.1507
2.191	0.2851	0.1529
1.865	0.3796	0.0738
1.923	0.602	0.05119
1.371	0.1156	-0.007579
2.321	-4.802	0.1318
2.147	-3.419	0.1101
1.91	1.043	0.08079
2.224	-1.208	0.1198
1.833	1.451	0.07627
2.253	2.932	0.1597
2.158	-3.425	0.1202
2.249	0.9695	0.1716
2.236	4.27	0.1915
2.187	1.895	0.1373
2.246	2.811	0.1408
2.098	-2.831	0.1045
2.222	-1.117	0.1638
2.322	5.243	0.1559
2.305	2.039	0.124
2.429	2.343	0.1485
2.428	4.056	0.119
2.335	-3.159	0.1769
2.596	2.198	0.1533
2.334	2.16	0.1849
2.492	-0.772	0.1768
2.241	3.675	0.1798
2.133	1.734	0.2051
2.114	0.3773	0.207
2.609	1.128	0.1807
2.246	2.434	0.1975
2.183	2.118	0.1929
2.376	4.008	0.2114
1.81	0.6876	0.07681
2.202	2.204	0.15
2.332	1.459	0.1767
2.573	2.333	0.1525
1.487	1.145	-0.04036
2.084	-0.5479	0.1169
2.027	-3.061	0.1216
2.166	4.93	0.1046
2.36	2.179	0.138
1.265	0.4288	-0.05287
1.21	0.02963	-0.05425
1.345	0.503	-0.005315
2.142	-4.702	0.1273
2.204	-2.676	0.1275
2.126	-2.713	0.1306
2.21	-1.233	0.1292
2.244	-2.28	0.1511
2.24	-2.342	0.1385
2.251	-2.861	0.1444
2.279	-0.9225	0.1733
2.217	-4.984	0.1549
2.21	1.914	0.1322
2.309	4.046	0.1429
2.274	2.14	0.1476
2.1	-2.922	0.1496
1.995	-5.196	0.1838
2.059	-3.409	0.1558
2.048	-2.705	0.1541
1.851	-6.533	0.178
2.098	-0.2287	0.144
2.308	-1.948	0.1658
2.287	-2.087	0.1653
2.303	0.227	0.1605
2.34	3.723	0.1453
2.158	2.296	0.1347
2.264	0.5056	0.1528
2.178	-1.689	0.1735
2.124	-0.8162	0.1538
2.219	1.899	0.1342
2.247	4.193	0.1434
2.192	-1.448	0.156
2.276	5.13	0.16
2.111	-1.642	0.14
2.146	-2.556	0.1286
2.155	-4.577	0.1495
2.17	-4.301	0.1383
2.147	-2.601	0.1334
2.171	-0.6013	0.1207
2.156	-1.501	0.1193
2.135	3.328	0.1415
2.164	2.824	0.1386
2.172	-2.007	0.1347
2.233	-0.2133	0.1707
2.239	-1.999	0.1568
2.219	0.5613	0.1503
2.122	2.213	0.1378
2.008	-3.074	0.1063
2.04	-1.559	0.1105
2.111	-0.6835	0.1144
2.138	-3.241	0.1168
2.146	-0.906	0.1292
2.086	-0.5593	0.1131
2.011	-2.44	0.08041
2.139	2.537	0.1127
1.996	3.273	0.07679
2.062	3.635	0.09294
2.199	2.711	0.1188
2.131	-1.51	0.1436
2.143	-1.611	0.1449
2.036	-0.07526	0.1867
1.929	2.734	0.05899
2.09	1.516	0.09241
2.141	-1.74	0.1469
2.113	1.009	0.1534
2.19	0.7562	0.2017
2.024	-1.986	0.1174
1.945	-1.242	0.05662
2.215	1.006	0.1693
2.21	-0.4871	0.1454
2.063	2.95	0.1362
2.058	0.2654	0.1308
2.037	-3.358	0.1174
1.917	4.669	0.0836
1.904	4.608	0.09381
1.885	4.751	0.06324
1.922	-0.9788	0.05639
2.016	-2.173	0.08388
1.855	4.916	-0.006484
1.88	3.502	0.09586
1.902	1.76	0.0865
1.929	-1.521	0.02881
1.792	-0.6555	-0.03144
1.673	-1.194	-0.04285
1.657	-3.483	-0.03337
2.189	1.12	0.1893
2.122	0.7166	0.1836
2.043	3.764	0.1575
2.052	1.678	0.1581
2.005	4.302	0.1766
2.003	3.509	0.1703
1.907	0.196	0.14
2.188	-0.5715	0.1341
2.115	1.921	0.1148
2.109	-2.794	0.1433
2.023	1.247	0.08607
1.67	0.6136	0.03477
1.971	-0.3253	0.07505
1.896	0.4378	0.06512
1.41	0.2743	0.003834
1.832	0.2201	0.06074
1.928	2.676	0.1389
1.884	-0.7627	0.1122
2.022	0.6936	0.1458
1.92	-0.7417	0.1125
1.83	-2.382	0.0597
1.859	1.637	0.07892
1.559	0.9058	-0.01853
1.786	1.08	0.03477
1.783	2.934	-0.001402
1.571	-0.06209	-0.04361
2.187	-4.546	0.1186
2.007	1.149	0.09663
2.166	2.556	0.1236
2.305	-1.553	0.1218
2.346	-1.801	0.124
2.179	-2.318	0.1164
2.26	-1.561	0.1485
2.06	3.963	0.1502
2.085	3.724	0.1331
2.21	0.3418	0.192
2.165	3.482	0.1801
2.14	0.02873	0.1474
2.22	-1.38	0.1573
2.101	2.573	0.1273
2.12	4.374	0.1071
2.129	2.359	0.115
2.115	3.997	0.1168
2.07	5.565	0.1152
2.071	3.361	0.1167
2.071	3.996	0.1248
2.112	4.347	0.1469
2.116	2.094	0.1262
2.062	1.504	0.1221
2.13	-1.4	0.1385
2.342	2.294	0.1525
2.32	3.318	0.1546
2.448	5.483	0.1528
2.364	-3.823	0.1585
2.212	4.7	0.1426
2.327	-0.3145	0.1403
2.39	4.434	0.1535
2.267	0.1468	0.1603
2.354	1.579	0.1576
2.232	3.383	0.1868
2.239	2.852	0.1627
2.211	2.782	0.1894
2.103	4.979	0.1696
2.106	2.976	0.1579
2.144	-3.451	0.1659
2.148	4.385	0.1693
2.193	3.511	0.1639
2.102	-0.3167	0.1693
2.125	-0.5778	0.1583
2.104	1.116	0.1665
2.122	2.89	0.1679
2.117	-1.039	0.1593
2.102	2.223	0.1538
2.102	0.2179	0.1437
2.359	-3.235	0.156
2.346	-3.547	0.1555
2.273	0.5395	0.1519
2.402	1.023	0.1522
2.426	1.101	0.1471
2.449	1.838	0.143
2.39	2.06	0.1523
2.105	3.464	0.1554
2.159	3.001	0.1588
2.104	-2.724	0.1356
2.115	2.86	0.1448
2.217	2.017	0.1457
2.24	4.101	0.1307
2.401	1.714	0.1417
2.505	-3.865	0.1366
2.369	3.349	0.1396
2.313	-3.12	0.146
2.411	0.2814	0.1394
2.456	-2.808	0.1388
2.427	0.3496	0.1461
2.348	0.7331	0.1508
2.615	0.6351	0.1342
2.515	-1.114	0.1376
2.516	-4.451	0.1324
2.429	-1.69	0.1077
2.372	-1.862	0.1111
2.661	2.387	0.1151
2.339	2.763	0.09248
2.462	4.441	0.13
2.657	3.431	0.1331
2.476	0.5857	0.1383
2.225	4.299	0.1679
2.432	1.591	0.1758
2.132	2.247	0.1279
2.261	3.845	0.1269
2.115	-0.2274	0.1305
2.142	-2.96	0.1396
2.11	0.4669	0.1635
2.157	3.541	0.1606
2.218	3.16	0.1798
2.254	4.24	0.1318
2.147	1.793	0.1607
2.075	-2.36	0.1804
2.184	-2.421	0.1891
2.405	-1.354	0.2009
2.128	-4.59	0.1799
2.291	1.759	0.1761
2.277	3.866	0.1731
2.426	-3.308	0.09638
2.224	3.903	0.0779
2.476	3.978	0.1986
2.418	-2.04	0.1668
2.469	-10.6	0.125
2.378	-4.706	0.1677
2.272	-3.333	0.1271
2.663	1.216	0.2039
2.664	1.512	0.2185
2.226	-1.051	0.1769
2.467	-3.641	0.1875
2.534	-0.5549	0.1926
2.433	-3.277	0.1865
2.383	-0.8574	0.1906
2.587	1.985	0.2026
2.405	-2.434	0.1906
2.659	3.319	0.2139
2.564	2.147	0.2009
2.174	3.768	0.185
2.266	-3.239	0.1781
2.367	1.025	0.1838
2.156	1.47	0.1853
2.143	0.1449	0.1796
2.139	-3.363	0.1699
2.096	0.1802	0.1546
2.125	0.4814	0.161
2.189	4.476	0.06975
2.22	4.299	0.08406
2.255	0.4886	0.1461
2.264	-0.4072	0.08478
2.227	4.439	0.0836
2.322	-2.489	0.1087
2.339	-4.361	0.1097
2.344	2.4	0.1848
2.274	-1.735	0.1824
2.14	2.088	0.1607
2.279	-1.477	0.1832
2.293	1.884	0.1911
2.219	3.549	0.196
2.239	2.997	0.2004
2.299	-0.7322	0.132
2.382	-0.2279	0.124
2.277	0.7324	0.1738
2.315	1.081	0.1853
2.358	1.366	0.1842
2.433	0.3858	0.1249
2.513	3.104	0.1295
2.367	2.657	0.1793
2.477	0.08789	0.1373
2.492	3.943	0.1231
2.482	1.11	0.1263
2.53	-0.5739	0.1226
2.311	-3.714	0.1577
2.307	-0.7587	0.1568
2.364	1.351	0.1532
2.287	-2.37	0.1594
2.227	2.5	0.1613
2.222	1.087	0.1545
2.175	1.856	0.1618
2.32	-1.375	0.1563
2.322	-1.528	0.1587
2.354	-4.587	0.1226
2.327	2.919	0.1404
2.416	2.503	0.1487
2.434	0.2751	0.1551
2.458	2.701	0.1481
2.424	-3.74	0.1619
2.488	2.553	0.1606
2.559	1.751	0.1434
2.617	-0.8175	0.1417
2.532	3.62	0.1438
2.558	3.345	0.1342
2.544	3.269	0.1296
2.521	-2.146	0.1292
2.176	0.9106	0.1615
2.152	3.613	0.1631
2.135	2.957	0.1672
2.106	3.051	0.1677
2.141	2.423	0.1731
2.586	1.107	0.1448
2.253	3.303	0.1509
2.509	-2.299	0.125
2.566	1.423	0.136
2.604	-4.891	0.139
2.552	-1.362	0.1228
2.342	0.4342	0.1378
2.137	1.686	0.172
2.196	1.482	0.1704
2.165	2.912	0.1632
2.309	-1.798	0.1532
2.157	-0.9359	0.1296
2.236	2.073	0.1482
1.981	-0.6152	0.09593
2.042	-3.037	0.1159
2.031	-0.642	0.1045
1.868	0.9756	0.05867
1.727	0.7757	0.02265
1.624	0.5508	0.01731
2.141	0.4695	0.08609
1.826	-0.1494	0.05583
1.605	0.3396	0.01726
1.539	0.5252	0.02294
1.294	0.03617	-0.01207
2.344	-1.354	0.1151
2.239	-3.142	0.1037
2.462	0.1996	0.121
2.376	1.369	0.1177
2.229	-5.245	0.1258
2.225	2.234	0.1404
2.128	-0.5049	0.1219
1.865	1.293	0.06009
1.601	0.7743	0.04423
2.035	-0.7475	0.08625
2.04	1.029	0.0958
2.081	1.626	0.109
1.788	1.15	0.07316
1.451	0.4639	0.03131
2.205	-1.085	0.1318
2.057	1.141	0.1061
2.087	0.6819	0.09932
2.183	3.345	0.1097
2.129	2.733	0.1019
2.212	2.235	0.1231
2.116	-3.828	0.1176
2.258	-0.2104	0.1544
2.264	2.174	0.1388
2.242	1.607	0.1369
2.247	-0.6281	0.1481
2.24	-4.411	0.124
2.266	1.803	0.1545
2.234	0.5294	0.1513
2.362	-2.951	0.1377
2.291	2.529	0.1691
2.234	-2.29	0.1865
2.241	4.642	0.1764
2.248	-2.624	0.1523
2.256	-0.1437	0.1763
2.236	1.632	0.1934
2.205	4.232	0.2008
2.213	1.157	0.1593
2.251	-0.4904	0.1379
2.236	4.172	0.1933
2.14	3.794	0.1613
2.107	4.046	0.14
2.123	-0.1925	0.108
2.065	-0.5162	0.1134
2.277	3.518	0.1379
2.218	2.908	0.1213
2.174	0.3278	0.1199
2.21	-2.757	0.1351
2.117	-6.373	0.105
2.255	4.604	0.1445
2.303	4.809	0.1501
2.104	2.207	0.146
2.161	2.45	0.1442
2.288	1.897	0.1608
2.304	3.829	0.1748
2.344	0.9575	0.1616
2.266	1.67	0.1349
2.235	-2.147	0.1246
2.306	2.882	0.1544
2.334	2.737	0.1394
2.358	3.672	0.1479
2.315	-0.1261	0.1195
2.273	6.411	0.1183
2.309	-1.075	0.163
2.423	3.918	0.1338
2.449	1.896	0.1276
2.53	3.299	0.1294
2.542	1.982	0.1245
2.487	3.296	0.1501
2.543	3.844	0.1325
2.284	0.4142	0.1766
2.331	-0.3603	0.1683
2.484	1.911	0.1681
2.462	0.421	0.1724
2.561	2.933	0.1695
2.269	-1.385	0.1786
2.314	2.834	0.1834
2.156	-2.03	0.1632
2.19	-2.077	0.1835
2.314	2.583	0.1896
2.425	-1.566	0.1732
2.482	3.257	0.1724
2.307	-0.7446	0.182
2.452	0.5412	0.1825
2.399	4.338	0.1864
2.355	-2.698	0.1776
2.332	-1.901	0.1791
2.402	1.56	0.1834
2.319	2.514	0.1801
2.147	-5.598	0.1728
2.053	1.488	0.1981
1.99	0.9026	0.1977
2.198	-1.159	0.2005
2.156	0.472	0.206
2.112	1.698	0.2041
1.968	1.993	0.1971
1.959	2	0.1957
2.473	0.4453	0.1991
2.66	-2.574	0.19
2.22	2.511	0.2069
2.593	1.157	0.1439
2.671	-4.99	0.1573
2.543	-2.434	0.1739
2.459	0.3888	0.1825
2.124	2.372	0.204
2.021	1.175	0.1904
2.164	1.213	0.2089
2.197	-2.626	0.1971
2.288	3.304	0.1852
2.126	-2.588	0.1815
2.232	4.734	0.1851
2.108	-8.174	0.176
2.104	1.405	0.2049
2.161	0.6715	0.2126
2.241	1.323	0.2166
2.26	1.927	0.209
2.267	0.9468	0.1925
1.99	1.911	0.102
2.094	0.3541	0.172
1.479	-0.5259	0.02554
1.855	2.057	0.05864
2.006	0.5876	0.1186
2.271	-0.1807	0.1247
2.291	0.905	0.1488
2.277	2.233	0.1843
2.287	0.6035	0.1864
2.284	-0.8079	0.1959
2.319	-1.507	0.167
2.408	1.988	0.1698
2.41	-1.044	0.1862
2.451	1.713	0.1644
2.498	0.4187	0.1739
2.604	0.516	0.1643
2.591	2.133	0.1387
1.43	-0.6593	-0.02624
1.634	0.6035	0.02712
1.628	2.102	-0.03986
1.954	0.8412	0.07459
1.889	-0.6005	0.03483
2.047	-2.632	0.09946
2.183	-2.422	0.1427
1.882	-0.7554	0.09659
2.057	-2.314	0.1164
2.02	0.9749	0.1087
2.082	-3.44	0.1177
2.038	-6.89	0.1201
2.118	-2.316	0.1089
2.178	4.084	0.1025
2.22	1.449	0.1348
2.37	-0.7602	0.1563
2.142	2.091	0.1139
2.216	2.865	0.112
2.253	1.609	0.1169
2.468	-0.06156	0.1483
2.365	2.041	0.1233
2.478	4.006	0.1315
1.381	0.6628	-0.04549
1.365	0.554	-0.04116
1.362	0.9548	-0.04076
1.372	2.29	-0.04658
1.37	1.129	-0.05454
1.274	0.03786	-0.02797
1.284	0.1438	-0.03778
1.336	0.1417	0.001459
1.218	-0.03732	-0.03428
1.243	0.0631	-0.03872
1.275	0.3723	-0.06103
1.526	0.5065	-0.005417
1.226	0.07618	-0.05747
1.247	0.1635	-0.04614
1.291	0.223	-0.009468
1.679	0.59	0.07007
1.475	1.051	0.04605
1.878	-0.8606	0.0981
1.796	1.28	0.08484
2.087	-0.5427	0.1411
2.056	-1.687	0.1389
2.151	-3.539	0.1387
1.94	-6.353	0.1102
2.457	0.4516	0.1645
2.019	0.2146	0.1866
2.216	1.421	0.1648
2.506	1.563	0.1155
2.368	2.676	0.1036
1.463	-0.1989	-0.0451
1.819	1.068	0.2095
2.09	-1.56	0.1461
1.782	-5.215	0.1976
2.081	-5.272	0.1436
2.21	2.89	0.08123
1.858	-2.208	0.09406
2.251	2.492	0.1297
1.74	0.8655	0.1338
2.132	1.207	0.1917
1.401	0.4812	0.008177
2.623	-3.921	0.1593
2.319	0.3126	0.1253
1.981	-4.93	0.1291
2.288	1.264	0.1178
2.473	-3.079	0.1356
2.521	0.7271	0.124
2.193	4.957	0.2108
2.001	3.516	0.1637
2.533	0.2158	0.168
2.486	-0.739	0.1197
2.195	4.037	0.1458
2.404	0.1033	0.1213
2.224	-0.5938	0.1333
0.9652	0.4849	0.02235
2.189	-4.982	0.1796
2.412	2.793	0.1703
2.43	-0.9996	0.1729
2.438	1.623	0.2002
2.239	1.976	0.2055
1.973	-0.6141	0.1444
1.903	-2.341	0.01877
2.102	-1.218	0.1254
2.168	-1.075	0.1437
2.098	-3.277	0.1294
1.789	1.998	0.174
1.816	1.251	0.2232
1.969	3.411	0.17
2.192	4.621	0.1523
2.101	-1.654	0.1481
2.237	0.9616	0.1335
2.105	-4.971	0.1265
2.093	1.137	0.1176
2.43	-0.1032	0.1358
2.517	2.362	0.1135
2.227	-3.012	0.09373
1.951	-1.786	0.1328
1.72	1.489	0.1711
1.699	3.686	0.1056
1.781	-1.313	0.1889
2.464	1.125	0.1459
2.108	-1.707	0.07448
1.805	-2.021	-0.003187
2.008	-0.1011	0.06315
1.703	2.902	-0.00485
2.364	2.35	0.1869
2.163	2.971	0.1915
2.031	0.1531	0.1652
1.487	1.462	0.0096
1.912	-3.498	0.1436
1.975	0.5484	0.1335
1.397	-0.2171	-0.01331
2.209	-1.048	0.1832
2.145	-3.327	0.1597
2.395	3.283	0.1862
2.262	3.413	0.1707
2.322	2.587	0.1407
2.252	1.303	0.115
2.016	2.576	0.08888
2.364	1.336	0.1661
2.098	-0.7154	0.1486
2.394	2.794	0.1801
2.047	3.95	0.08455
2.074	2.205	0.1178
2.421	-0.1114	0.1529
2.157	0.6775	0.1396
2.049	2.714	0.1263
2.178	1.542	0.12
2.359	-6.802	0.1137
2.377	0.7538	0.1132
2.515	2.786	0.1184
2.393	4.367	0.1162
2.601	-1.938	0.09736
2.135	0.8203	0.1275
2.107	-2.478	0.1385
2.307	1.781	0.1333
2.236	-0.9534	0.1439
2.597	0.401	0.1039
2.408	-6.415	0.1901
2.374	1.144	0.1732
2.089	2.913	0.2074
1.945	-4.531	0.1941
2	-2.506	0.2062
2.901	-2.903	0.118
2.367	-1.7	0.1189
2.161	-0.2009	0.21
2.252	-2.793	0.1826
2.813	6.821	0.1117
2.476	-3.215	0.1145
2.483	3.315	0.1074
2.288	-3.97	0.1399
1.975	-4.516	0.1387
2.451	1.454	0.1474
2.307	-1.334	0.1358
2.505	3.337	0.1257
2.22	1.957	0.155
2.464	-0.8462	0.1258
2.316	2.148	0.1495
2.192	-0.9483	0.1507
1.742	0.909	0.09451
1.781	0.4432	0.0683
1.291	0.9553	5.487e-05
2.3	-4.91	0.1358
2.135	0.1264	0.1343
1.785	0.5594	0.08478
2.213	0.1209	0.1165
1.82	2.203	0.08258
2.34	3.403	0.1477
2.109	-3.497	0.1592
2.446	1.669	0.1522
2.377	4.881	0.1791
2.3	3.757	0.1908
2.475	3.24	0.1489
2.023	-4.62	0.1415
2.138	-0.3284	0.1834
2.533	3.68	0.172
2.505	1.214	0.1602
2.522	3.852	0.1681
2.36	3.635	0.1732
2.462	-1.149	0.2141
2.435	3.228	0.2006
2.16	1.655	0.1851
2.229	-2.332	0.1924
2.349	1.763	0.1905
2.239	1.052	0.2457
2.353	0.04656	0.2415
2.715	-8.714	0.1652
2.296	2	0.1833
2.34	1.932	0.2132
2.204	4.467	0.2069
1.647	0.7863	0.08854
1.908	1.49	0.141
2.136	-2.374	0.1623
2.1	2.447	0.167
1.468	1.055	-0.02493
2.049	0.5337	0.1107
2.017	-2.658	0.1305
2.237	4.76	0.1243
2.313	-1.443	0.1509
0.9097	0.6897	-0.05174
0.7849	0.4435	-0.03277
1.116	0.9051	0.01807
2.075	-4.249	0.1346
2.107	-4.651	0.1259
2.065	-2.143	0.1355
2.108	-2.489	0.1254
2.151	-1.555	0.1457
2.123	-2.229	0.1278
2.124	-2.31	0.1304
2.14	-1.658	0.1445
2.101	-5.364	0.1347
1.977	4.029	0.166
1.886	3.371	0.1731
2.113	2.354	0.1638
1.713	-2.879	0.1895
1.896	3.407	0.2191
1.686	-4.67	0.1912
1.719	-2.709	0.1886
1.739	-2.382	0.2161
1.771	-3.252	0.176
2.245	-0.5259	0.1541
2.206	-1.307	0.1469
2.201	2.321	0.1589
2.081	4.433	0.1627
1.835	-3.111	0.1563
2.239	4.133	0.1402
2.167	-1.356	0.1424
1.822	-6.384	0.1708
2.02	0.9409	0.1388
2.187	2.805	0.1295
2.138	-4.529	0.1382
2.213	1.449	0.1256
2.064	-2.855	0.139
2.082	-3.414	0.133
2.13	-3.864	0.09909
2.162	-2.648	0.104
2.11	-1.052	0.1249
2.084	-0.3688	0.1235
2.062	-1.286	0.1197
2.385	2.24	0.097
2.457	-1.5	0.1057
2.252	1.099	0.08977
2.455	-0.1082	0.1582
2.491	-1.166	0.1373
2.493	-1.938	0.1267
2.408	1.895	0.1008
2.222	-2.187	0.09468
2.045	-0.9286	0.08755
2.039	-2.135	0.1099
2.027	-3.224	0.1419
2.16	0.01135	0.1024
2.043	-0.4049	0.09354
1.891	-2.207	0.114
1.867	4.217	0.1689
1.772	4.278	0.148
1.806	3.932	0.163
1.761	2.037	0.1769
1.716	-0.6702	0.1864
1.714	-2.571	0.174
1.783	-1.617	0.2085
1.736	3.881	0.1038
1.718	3.159	0.1525
1.713	-0.565	0.1542
1.685	2.199	0.1143
1.757	0.7632	0.1677
2.447	0.3899	0.09742
1.9	-2.763	0.0775
2.466	1.083	0.1543
2.504	-1.383	0.1311
2.496	-3.921	0.1126
2.422	0.4764	0.1417
2.326	1.386	0.09106
1.72	1.966	0.04694
1.677	4.346	0.0547
1.784	-0.304	0.05651
1.872	-2.503	0.03857
2.269	1.86	0.05484
1.754	-0.6139	-0.01902
1.693	3.725	0.06666
2.166	-0.7181	0.1069
1.978	-1.035	0.01311
1.801	-2.437	-0.03365
1.709	0.1105	-0.02933
1.538	0.1617	-0.0451
2.445	2.524	0.1715
2.427	3.447	0.1709
2.22	4.628	0.1969
2.128	-0.2134	0.1968
2.277	4.051	0.1954
2.369	3.591	0.1725
2.266	2.705	0.1614
2.074	-1.868	0.1879
1.946	-0.9274	0.1525
2.062	2.895	0.1844
1.925	2.538	0.1227
1.832	1.406	0.04995
1.882	2.513	0.1047
1.782	0.4909	0.08631
1.104	0.5874	0.0009554
1.709	0.7031	0.07988
2.096	2.015	0.171
2.196	2.693	0.1446
2.076	-1.269	0.1803
1.921	2.556	0.1395
1.662	0.7556	0.07257
2.061	3.845	0.1138
1.395	1.57	0.003588
1.761	1.362	0.06352
1.827	3.09	0.04311
1.439	1.667	-0.04751
2.095	-1.557	0.1695
1.906	1.078	0.1279
2.159	2.817	0.1862
2.149	-1.563	0.1916
2.183	-1.217	0.1802
2.276	2.163	0.1557
2.236	-1.111	0.1515
2.26	3.244	0.18
2.174	3.23	0.1841
2.431	2.648	0.1818
2.365	2.354	0.1782
2.363	1.701	0.1668
2.475	0.7907	0.1753
2.505	-1.598	0.1591
2.246	1.514	0.1652
2.284	0.4637	0.1293
2.205	3.193	0.1772
2.281	4	0.1636
2.511	1.807	0.1502
2.191	2.185	0.09932
2.241	2.655	0.1045
2.86	-11.78	0.1445
2.485	2.001	0.1201
1.991	2.843	0.09056
1.938	-3.749	0.09803
1.918	2.227	0.0945
2.077	2.95	0.1311
1.987	-3.83	0.1271
2.58	-3.004	0.1744
2.452	0.873	0.1548
2.172	3.063	0.1532
1.978	-6.892	0.14
2.133	1.499	0.1464
2.453	2.647	0.2043
2.551	-0.7553	0.1923
2.422	2.706	0.1886
2.361	4.365	0.1489
2.257	2.541	0.09816
2.113	1.877	0.1282
2.019	0.5614	0.1073
2.444	2.266	0.1796
2.234	3.679	0.11
2.137	0.906	0.077
2.045	2.29	0.09644
2.066	0.6799	0.1171
2.08	-0.4341	0.0938
2.089	-2.221	0.1202
2.055	-0.06407	0.1345
2.141	-1.902	0.1463
2.049	-2.384	0.1353
2.189	-0.9797	0.1489
2.227	-0.8985	0.1517
2.43	-1.354	0.1528
2.536	-0.1121	0.1481
2.312	2.052	0.1438
2.095	0.7717	0.1227
2.197	3.234	0.135
2.05	-1.077	0.1353
2.05	3.345	0.1264
2.068	3.16	0.1148
2.117	5.412	0.1191
2.119	5.236	0.1096
2.391	-4.632	0.1341
2.405	1.515	0.1209
2.341	-2.327	0.1387
2.277	0.04166	0.1165
2.254	0.5788	0.1123
2.444	0.3124	0.1126
2.468	0.6931	0.1198
2.472	0.5016	0.1179
2.48	0.5091	0.1136
2.421	-2.596	0.115
2.341	-0.2351	0.1073
2.328	-2.823	0.115
2.373	4.111	0.1035
2.46	4.948	0.09784
2.376	2.712	0.1209
2.423	-0.4122	0.116
2.488	1.128	0.1072
2.433	0.9407	0.1152
2.605	2.358	0.1159
2.099	2.022	0.1258
2.247	3.143	0.1227
2.067	-1.516	0.1308
2.1	-2.78	0.1293
2.068	-1.59	0.1407
2.186	1.609	0.1203
2.396	-0.1626	0.1264
2.202	-0.0518	0.1227
2.074	-0.4574	0.1345
2.045	-6.466	0.1447
2.278	-0.1838	0.1369
2.427	1.797	0.1346
2.128	-2.623	0.1399
2.264	1.376	0.131
2.203	-1.256	0.134
2.586	-3.327	0.095
2.486	5.245	0.1007
2.505	2.627	0.1342
2.528	1.42	0.1147
2.335	-3.194	0.1144
2.097	-4.995	0.1492
2.153	-3.958	0.1263
2.424	1.399	0.1515
2.523	-1.966	0.1457
2.28	1.158	0.1605
2.328	1.093	0.1584
2.482	-7.825	0.1851
2.35	-3.002	0.2072
2.26	4.508	0.2133
2.092	1.845	0.1742
2.023	4.719	0.1809
2.275	2.234	0.1591
2.243	1.858	0.1927
2.169	2.062	0.2217
2.002	5.047	0.2083
2.019	3.103	0.1945
2.062	1.87	0.2022
1.992	2.69	0.2117
1.95	-3.003	0.1997
1.965	-2.497	0.1862
1.994	-1.536	0.1947
2.469	6.259	0.1103
2.37	2.561	0.1105
2.185	-2.259	0.1374
2.465	2.941	0.1145
2.583	1.701	0.1185
2.64	3.212	0.1199
2.486	-1.85	0.1208
2.133	3.852	0.2063
2.121	0.9166	0.1763
2.041	0.06194	0.1948
2.076	0.2232	0.2123
2.205	4.126	0.2118
2.351	5.433	0.2045
2.375	2.88	0.179
3.027	0.7002	0.1166
2.563	3.042	0.1174
2.472	4.24	0.1445
2.808	1.399	0.135
2.799	3.747	0.1223
2.531	3.395	0.1127
2.454	2.946	0.1131
2.602	3.238	0.1262
2.562	1.799	0.1073
2.52	0.6683	0.1088
2.437	1.411	0.1159
2.52	2.293	0.1075
2.026	-3.081	0.132
1.944	-1.768	0.1225
2.371	-0.5584	0.145
2.181	1.569	0.1344
2.1	-1.374	0.1354
2.211	2.414	0.1394
2.153	1.537	0.149
2.602	-0.832	0.129
2.43	-0.3788	0.1412
2.386	-4.585	0.1221
2.589	2.174	0.1283
2.497	-0.3403	0.1329
2.262	4.201	0.1467
2.242	2.712	0.1383
2.287	-6.433	0.155
2.331	-0.01365	0.1488
2.375	3.729	0.1262
2.375	2.275	0.1285
2.317	2.777	0.1372
2.405	3.58	0.1178
2.465	3.455	0.1115
2.534	-0.5283	0.1146
1.986	0.7987	0.1145
2.189	3.383	0.1624
2.111	3.144	0.1464
2.165	3.475	0.1167
2.262	1.68	0.1283
2.346	0.9382	0.1391
2.231	1.877	0.1508
2.458	2.353	0.1235
2.559	1.343	0.1249
2.564	-0.3618	0.1339
2.444	-1.943	0.1259
2.414	-2.09	0.1377
2.24	1.494	0.1568
2.255	-0.3336	0.1463
2.23	0.3774	0.1645
2.259	0.6832	0.1544
2.231	-3.195	0.1375
2.173	-1.189	0.1492
1.989	0.7769	0.1117
2.063	-1.733	0.1314
2.05	-1.547	0.1277
1.84	1.747	0.08387
1.623	0.949	0.0459
1.72	1.545	0.03021
2.123	-0.5862	0.09862
1.747	-0.001061	0.07265
1.535	1.062	0.0305
1.395	1.258	0.0337
0.9582	0.4066	0.005763
2.346	-2.323	0.131
2.264	-0.4909	0.1228
2.398	0.4156	0.1254
2.349	-1.254	0.1307
2.239	-2.546	0.1437
2.258	3.604	0.1433
2.112	2.237	0.1366
1.763	1.251	0.07304
1.505	1.529	0.04771
2.053	0.7558	0.103
2.035	2.464	0.1099
2.07	0.4173	0.1159
1.773	1.611	0.07626
1.298	0.9766	0.04729
2.286	-1.328	0.1292
2.127	1.615	0.1069
2.091	0.8893	0.1033
2.159	2.463	0.1247
2.087	1.833	0.1105
2.194	-0.7166	0.1432
2.065	-2.807	0.1492
2.358	-0.6084	0.1394
2.297	3.247	0.1322
2.205	-0.3005	0.1569
2.225	-0.3576	0.169
2.146	-3.4	0.1657
2.383	2.017	0.1419
2.302	0.1168	0.1447
2.367	-4.392	0.1257
2.474	0.01164	0.1372
2.538	1.733	0.1593
2.352	4.507	0.1623
2.24	-1.409	0.1779
2.412	0.8375	0.1534
2.47	2.668	0.1694
2.469	3.165	0.184
2.298	-0.9887	0.1845
2.262	-2.923	0.1906
2.348	3.569	0.1962
2.239	3.121	0.1911
2.096	3.274	0.1854
1.982	-6.053	0.14
1.994	-3.834	0.1499
2.32	4.024	0.1617
2.219	2.459	0.1439
2.279	2.023	0.1374
2.489	-0.2022	0.1612
2.303	-0.7222	0.1435
2.406	3.878	0.1863
2.408	4.762	0.1822
2.041	1.479	0.1857
2.25	2.17	0.1877
2.343	3.44	0.1762
2.205	2.095	0.1745
2.444	2.479	0.1619
2.571	1.62	0.1643
2.422	-3.771	0.1777
2.536	3.538	0.1655
2.573	2.987	0.1559
2.513	3.654	0.1586
2.436	-0.6089	0.1748
2.411	2.945	0.1844
2.63	4.105	0.1714
2.528	3.718	0.16
2.452	5.766	0.1613
2.372	4.218	0.1581
2.186	-1.335	0.1577
2.534	2.14	0.1915
2.352	4.06	0.178
2.5	3.42	0.1908
2.607	4.722	0.1978
2.536	-0.03661	0.2164
2.439	-0.4745	0.2222
2.467	2.739	0.2096
2.108	0.8163	0.1826
2.275	2.36	0.1822
1.996	-1.227	0.1841
2.037	0.5909	0.1861
2.134	3.317	0.187
2.415	-5.317	0.2128
2.322	0.2727	0.202
2.344	-2.369	0.1972
2.217	1.708	0.1888
2.179	2.236	0.1888
2.267	-3.578	0.1885
2.417	1.602	0.192
2.222	-0.0278	0.192
2.279	-2.2	0.1866
2.158	-5.386	0.168
1.983	2.863	0.2317
2.082	4.431	0.2408
2.336	1.671	0.2303
2.301	-0.3382	0.2285
2.353	-0.838	0.247
2.069	3.755	0.2386
2.076	4.299	0.2294
2.342	4.744	0.1721
2.35	3.382	0.1698
2.23	3.162	0.1929
2.266	-0.2689	0.1722
2.422	-0.9512	0.1778
2.431	0.8587	0.1844
2.473	-6.072	0.1882
2.35	2.479	0.2282
2.028	2.046	0.2113
2.308	1.805	0.2179
2.304	1.37	0.2041
2.463	-4.73	0.1962
2.167	1.033	0.1937
2.352	-0.5312	0.1998
2.156	-1.964	0.1814
2.013	1.665	0.2282
1.942	1.228	0.1774
1.959	1.498	0.2046
2.283	2.363	0.232
2.257	1.925	0.2055
1.79	0.9757	0.09071
1.817	2.61	0.1375
1.529	1.198	0.004908
1.658	1.558	0.04427
1.734	1.519	0.1201
1.843	1.248	0.1355
1.906	3.214	0.1469
2.198	2.359	0.1756
2.205	1.881	0.182
2.107	-0.01777	0.1664
2.063	-0.8799	0.1518
2.093	-0.9124	0.1501
2.339	3.66	0.1633
2.1	1.272	0.1533
2.33	-3.648	0.1589
2.326	-2.655	0.1692
2.17	3.324	0.1661
1.421	0.8615	-0.0378
1.582	0.6305	0.04123
1.646	2.509	-0.01936
2.07	1.181	0.05727
1.787	0.09224	0.0467
1.882	-2.856	0.1065
2.001	-3.363	0.1331
1.992	-2.175	0.08695
2.06	-3.723	0.1307
2.125	1.484	0.1033
2.058	-0.7294	0.1391
1.999	-5.978	0.1515
2.11	-3.233	0.1422
2.373	4.075	0.1349
2.145	2.421	0.1318
2.072	0.1214	0.1451
2.189	2.18	0.1188
2.33	3.225	0.1279
2.447	4.233	0.1603
2.176	3.493	0.1644
2.378	3.954	0.1708
2.224	4.85	0.1663
1.285	1.778	-0.05972
1.015	0.5406	-0.0437
1.174	1.28	-0.05083
1.228	2.357	-0.04827
1.163	1.468	-0.0292
0.8215	0.434	-0.03351
0.8401	0.5524	-0.04428
1.455	1.301	-0.01378
0.7582	0.5163	-0.02003
0.7808	0.3188	-0.004638
0.9147	0.6366	-0.02535
1.469	1.079	0.01048
0.8121	0.4454	-0.04518
0.7807	0.297	-0.01646
0.9363	0.5206	0.01536
1.593	2.21	0.07128
1.365	1.341	0.05685
1.942	-0.002664	0.09978
