1.683	0.6331	0.05383
2.018	-2.718	0.1587
2.036	-1.424	0.1256
2.133	0.09294	0.208
2.019	-2.494	0.12
2.043	-1.634	0.1661
2.107	2.343	0.1482
2.238	3.617	0.2058
2.283	2.328	0.09444
2.519	2.622	0.1404
1.337	-2.405	-0.0808
2.245	1.009	0.2195
2.039	-2.604	0.1466
1.953	-3.984	0.1952
1.993	-4.549	0.1421
2.044	-1.589	0.1437
2.054	-0.03132	0.1445
2.023	1.763	0.09832
2.241	0.5457	0.1729
1.927	-0.7787	0.1457
1.43	0.5248	0.01444
2.14	-1.925	0.1509
2.031	1.454	0.1383
2.034	-0.2089	0.1375
2.204	-0.7079	0.1533
2.081	-0.8195	0.1344
2.186	3.862	0.1951
2.163	-0.9589	0.1923
2.379	1.34	0.1617
2.304	-0.7127	0.1672
2.561	-1.5	0.1226
2.052	3.096	0.1399
2.012	-3.908	0.1063
1.933	0.6175	0.1144
1.256	-0.01717	0.02422
2.096	-2.999	0.1486
2.246	-0.4279	0.182
2.439	0.3674	0.1946
2.266	1.236	0.2186
2.275	2.134	0.2273
2.347	-2.679	0.1977
1.579	-0.1486	-0.000609
2.03	-2.432	0.1261
2.005	-0.8473	0.14
2.038	-6.5	0.1032
2.257	3.729	0.184
2.097	-0.9909	0.2177
2.209	3.138	0.1762
2.155	3.192	0.1856
1.989	-1.536	0.2029
2.07	1.126	0.2027
2.027	-4.397	0.1264
2.003	-0.2556	0.1376
2.041	-1.622	0.1718
2.106	2.253	0.132
2.02	-1.793	0.1392
2.055	-3.245	0.1441
2.274	2.142	0.1873
2.17	3.378	0.167
2.361	0.1696	0.2344
2.098	0.7549	0.1485
1.988	-1.193	0.02313
1.993	2.617	0.01547
1.731	0.4394	0.03092
1.674	1.589	0.01256
1.966	3.843	0.1631
1.83	3.379	0.1449
1.926	1.019	0.1147
1.281	-0.1361	-0.002838
1.794	-3.01	0.1067
1.743	2.376	0.1017
1.35	0.3997	-0.04193
2.031	1.499	0.1438
2.019	-0.5761	0.127
2.132	2.126	0.1706
2.04	3.062	0.1613
2.056	1.491	0.1468
2.044	1.021	0.1313
2.017	0.9748	0.1316
2.163	1.534	0.1462
2.082	-2.149	0.1301
2.15	2.842	0.1614
2.02	4.788	0.136
2.012	1.703	0.1319
2.014	2.372	0.1359
2.053	2.509	0.1226
2.065	2.423	0.1396
1.986	-0.8844	0.1447
2.043	3.7	0.1438
2.364	0.7653	0.1505
2.215	-0.4953	0.1335
2.46	3.401	0.1168
2.451	-0.01443	0.1373
2.134	-1.969	0.1128
1.93	1.132	0.1761
2.26	2.933	0.2068
2.212	0.2732	0.1962
2.396	-1.993	0.1274
2.141	-5.037	0.2021
2.325	0.845	0.1968
2.251	3.187	0.1801
2.134	-6.309	0.1759
2.201	-3.664	0.1608
2.328	1.65	0.1036
2.446	-2.357	0.1307
2.275	-2.647	0.1646
2.351	2.975	0.1602
2.304	4.921	0.103
2.112	-7.145	0.1096
2.398	3.595	0.1108
2.106	-3.646	0.1298
1.992	-0.5623	0.1319
2.115	2.523	0.14
2.126	-0.7224	0.1514
2.198	2.683	0.1345
1.977	2.619	0.1368
2.147	-1.592	0.1029
2.142	0.717	0.1378
2.018	0.2767	0.1276
1.773	0.7761	0.07902
1.741	1.145	0.07393
1.241	-0.08585	0.008699
2.061	-0.06432	0.08959
1.944	-4.362	0.1091
1.619	-0.09217	0.08689
1.939	-0.6572	0.1405
1.658	1.101	0.08144
2.029	2.093	0.1612
2.062	-5.961	0.1781
2.128	1.312	0.1562
2.088	4.155	0.1634
2.09	2.039	0.1447
2.286	-0.783	0.1653
2.155	-5.612	0.1994
2.219	-1.541	0.1626
2.157	4.817	0.1655
2.208	3.285	0.1608
2.219	3.075	0.1851
2.182	2.525	0.1849
2.207	1.051	0.2015
2.214	0.6251	0.2335
2.145	2.276	0.1844
2.262	-0.737	0.2156
2.098	3.519	0.2181
2.304	1.919	0.2483
2.246	0.1796	0.2376
2.153	-1.68	0.2223
2.118	1.22	0.2212
2.156	2.924	0.2259
2.404	0.2455	0.2379
1.936	-1.176	0.08332
2.066	-1.954	0.172
2.273	1.851	0.2099
2.143	-2.42	0.1862
1.42	2.84	-0.03772
2.055	-2.512	0.1596
1.977	-2.989	0.1467
2.147	2.111	0.1725
2.306	-1.612	0.1821
1.186	0.6443	-0.05503
1.134	-0.1322	-0.03104
1.251	0.2796	-0.01279
2.048	-4.199	0.112
2.022	-3.653	0.1075
2.066	-4.566	0.1125
1.994	-1.129	0.1324
2.014	-2.884	0.1413
1.969	-2.345	0.1262
1.961	-2.014	0.1156
2.011	-1.216	0.1401
1.979	-3.937	0.1141
2.128	2.942	0.17
2.231	3.385	0.1776
2.111	1.873	0.1681
2.285	1.86	0.2052
2.186	1.985	0.2251
2.228	-2.026	0.2005
2.148	0.602	0.186
1.988	-2.934	0.2032
2.048	0.01202	0.1779
2.105	-2.344	0.1682
2.087	-0.7505	0.174
2.106	2.613	0.163
2.16	3.837	0.1786
2.016	0.6802	0.1835
2.121	-0.3282	0.1921
2.008	-3.178	0.1824
1.958	-2.05	0.2018
2.052	4.359	0.1929
2.129	3.709	0.2001
2.064	-1.048	0.2063
2.19	1.856	0.2042
2.016	-1.482	0.1257
2.031	-3.49	0.1256
2.052	-4.768	0.1273
2.038	-4.733	0.1375
2.016	-2.698	0.1354
2.037	0.009851	0.1292
2.028	-0.8712	0.1361
2.048	4.545	0.1592
2.061	3.617	0.1565
2.04	0.9756	0.1468
2.045	0.8616	0.1705
2.112	-3.576	0.1692
2.093	1.312	0.1665
2.048	1.596	0.1381
1.977	-1.419	0.08464
1.988	-0.8991	0.1112
2.026	-0.4059	0.1375
2.05	-3.041	0.1457
2.007	-1.206	0.14
2.007	0.5692	0.1333
2.057	-1.846	0.1399
2.131	2.448	0.1724
2.148	3.416	0.1721
2.138	3.518	0.1697
2.272	2.746	0.1861
2.346	2.042	0.2065
2.349	-0.1807	0.2127
2.29	2.316	0.228
2.107	3.685	0.1623
2.237	2.482	0.1864
2.304	2.242	0.2111
2.246	-0.518	0.1667
2.318	2.664	0.2149
1.958	-2.338	0.05004
2.044	0.6369	0.1394
2.059	-0.8328	0.1629
2.176	-1.463	0.141
2.013	2.279	0.09017
2.033	1.488	0.1259
1.888	-2.927	0.0578
2.098	2.903	0.1293
2.076	2.611	0.1252
2.043	4.266	0.151
2.003	0.3551	0.01634
1.844	-3.758	0.005025
2.024	4.477	0.01707
2.061	3.696	0.1008
1.987	-2.769	0.08297
1.663	-3.619	-0.02527
1.521	-1.772	-0.05421
1.49	-2.974	-0.03941
1.397	-1.951	-0.0683
1.999	-0.6326	0.1629
1.954	1.719	0.1578
1.941	3.348	0.1539
1.878	2.106	0.1446
1.901	4.06	0.1553
1.893	3.707	0.147
1.85	-0.9213	0.1341
1.93	0.8503	0.133
1.851	0.405	0.1003
1.867	-3.176	0.1305
1.775	0.276	0.08221
1.455	0.1848	0.02042
1.666	-0.2838	0.05743
1.607	-0.557	0.05045
1.324	-0.002473	0.004813
1.658	0.1208	0.07052
1.792	2.656	0.13
1.856	-0.6028	0.1175
1.821	0.4848	0.1296
1.758	-0.8177	0.1094
1.613	-0.8242	0.0679
1.853	1.794	0.07688
1.379	1.753	-0.0111
1.623	0.2901	0.06023
1.618	1.211	0.03868
1.344	0.9961	-0.07017
2.033	-0.3811	0.1239
1.908	-1.549	0.09137
1.984	2.046	0.147
2.007	-2.716	0.1366
2.03	-0.6401	0.1377
2.041	1.835	0.1405
2.032	1.647	0.1365
2.012	3.379	0.1659
1.986	2.879	0.1549
2.034	0.7595	0.1675
2.047	2.455	0.1671
2.086	2.296	0.1634
2.165	-1.601	0.1657
2.084	0.5361	0.1588
2.045	2.909	0.1467
2.04	2.477	0.1387
2.026	1.32	0.1516
2.05	3.206	0.1545
2.071	1.544	0.1488
2.034	3.362	0.1339
2.025	2.74	0.1353
2.071	0.8183	0.1411
2.046	2.012	0.1342
2.031	-1.132	0.1286
2.025	-0.3468	0.1218
2.015	0.3997	0.1258
2.048	2.088	0.1234
2.019	2.48	0.1202
2.167	0.5849	0.1484
2.105	-2.172	0.1378
2.138	2.207	0.1391
2.097	-0.3884	0.1387
2.106	2.73	0.1346
2.195	3.025	0.1679
2.224	2.271	0.1603
2.071	2.293	0.172
2.079	3.503	0.1691
2.047	3.858	0.1554
2.098	-2.133	0.1465
2.034	2.087	0.1381
2.194	2.791	0.1548
2.065	0.8809	0.1508
2.036	3.077	0.1325
2.007	0.8133	0.1287
1.976	3.59	0.1333
2.041	-3.126	0.1256
2.033	0.08722	0.1275
2.011	0.919	0.1337
2.002	2.489	0.1259
2.002	-0.4397	0.1198
2.011	0.5814	0.1362
2.09	0.6115	0.1328
2.028	2.981	0.1306
1.997	-1.093	0.1368
2.05	1.59	0.129
1.977	2.957	0.1329
1.959	3.486	0.1357
2.045	0.3809	0.1326
2.026	1.596	0.1411
2.042	4.01	0.1446
2.128	4.096	0.146
2.085	3.437	0.146
1.968	-1.96	0.1412
2.027	2.708	0.1377
1.956	-2.332	0.1407
2.008	3.844	0.1462
2.107	-0.6262	0.148
2.141	-0.1651	0.1419
2.095	2.73	0.1389
2.294	0.4912	0.1492
2.19	-3.521	0.1461
2.284	-5.891	0.1396
2.448	1.282	0.1369
2.389	2.873	0.1338
2.582	2.356	0.1437
2.544	1.985	0.1437
2.418	2.819	0.1396
2.545	3.081	0.1443
2.508	2.817	0.1297
2.185	4.008	0.1722
2.367	3.124	0.1585
2.163	1.94	0.12
2.271	2.702	0.1356
2.091	-1.888	0.1146
2.071	-2.982	0.107
1.988	-2.239	0.1338
2.066	0.7244	0.1612
2.014	0.2512	0.1844
2.247	1.596	0.1172
2.021	-1.626	0.1389
1.944	-1.823	0.1717
1.986	-3.751	0.2016
2.135	-1.617	0.2076
1.944	-3.019	0.1911
2.084	1.975	0.201
2.258	1.894	0.2073
2.349	1.14	0.127
2.473	-0.4776	0.1243
2.294	3.286	0.2004
2.378	-0.6847	0.1631
2.384	-1.057	0.1374
2.293	-1.866	0.1796
2.407	-3.469	0.1264
2.337	0.2194	0.2052
2.272	2.734	0.2056
2.105	0.8908	0.206
2.244	-0.6403	0.2063
2.199	0.918	0.1955
2.171	-1.58	0.1965
2.184	0.499	0.1914
2.282	0.4116	0.1966
2.349	-0.275	0.1722
2.203	0.5089	0.2022
2.285	1.369	0.1917
2.126	3.24	0.1863
2.243	-1.452	0.1735
2.343	-1.914	0.1656
2.119	-0.3962	0.1855
2.149	-1.518	0.1836
2.154	-3.752	0.1677
2.113	-1.015	0.156
2.16	0.4374	0.1535
2.434	1.939	0.1016
2.496	-0.192	0.1346
2.372	2.635	0.1341
2.375	2.247	0.108
2.525	-4.656	0.08922
2.486	-1.528	0.0939
2.462	-3.439	0.1121
2.305	-0.2104	0.1638
2.374	1.64	0.1565
2.245	0.3189	0.1519
2.296	-3.831	0.1591
2.282	2.265	0.1697
2.244	4.421	0.1709
2.35	-1.549	0.1648
2.282	2.634	0.11
2.427	0.2154	0.09206
2.334	2.504	0.1386
2.312	-1.271	0.1415
2.312	2.53	0.1432
2.414	3.275	0.08564
2.446	2.011	0.1203
2.226	1.101	0.144
2.321	1.087	0.09261
2.348	2.054	0.08595
2.273	-0.4845	0.08389
2.322	1.633	0.1055
2.02	0.5748	0.1243
2.002	2.289	0.1234
2.102	-2.152	0.1273
2.078	0.9774	0.1246
2.037	-1.447	0.1319
2.037	1.26	0.136
1.981	2.775	0.1338
2.166	2.927	0.1336
2.079	1.072	0.1399
2.271	-2.122	0.1337
2.197	4.129	0.1417
2.258	1.945	0.1399
2.097	1.876	0.1338
2.08	-0.2097	0.1436
2.067	-2.507	0.1348
2.113	0.3411	0.144
2.19	3.133	0.1389
2.109	2.188	0.1448
2.119	2.948	0.1435
2.186	2.711	0.1395
2.227	1.743	0.1294
2.268	-0.6352	0.1129
1.995	2.24	0.13
1.986	3.473	0.1384
1.963	2.929	0.1341
1.996	3.322	0.1329
2.006	0.7185	0.136
2.181	-0.6035	0.1378
2.071	2.552	0.1422
2.21	0.2818	0.0959
2.227	-0.7944	0.1182
2.171	0.4835	0.1174
2.092	-1.875	0.1065
2.101	-2.983	0.1249
2.001	1.511	0.1371
2.019	0.5766	0.1343
2.014	0.6374	0.1405
2.097	1.73	0.1354
2.038	-3.509	0.1177
2.003	0.8755	0.1252
1.948	-0.2999	0.1022
1.903	-3.179	0.1021
1.876	-2.153	0.09888
1.714	0.8903	0.06632
1.605	0.8819	0.04522
1.45	0.2913	0.02002
1.946	-2.253	0.1044
1.801	0.5997	0.07321
1.502	0.8657	0.033
1.386	0.3805	0.03861
1.185	-0.1552	0.006625
2.032	-4.331	0.1012
2.002	-4.373	0.1076
2.178	2.314	0.08547
2.087	-2.069	0.09111
1.988	-4.787	0.09749
1.964	0.6132	0.1132
1.889	-0.8916	0.1128
1.618	1.267	0.07884
1.422	0.2879	0.05967
1.896	0.05518	0.1043
1.813	1.186	0.1045
1.807	0.532	0.1051
1.612	0.8099	0.08838
1.385	0.2507	0.0488
1.967	-2.469	0.1339
1.836	1.556	0.1146
1.819	0.3739	0.1159
1.954	2.281	0.1429
1.917	2.891	0.1281
1.995	1.898	0.1569
2.052	-4.752	0.175
2.048	0.759	0.1483
2.001	2.077	0.1531
2.021	0.99	0.1666
2.058	-1.798	0.1636
2.072	-4.422	0.1604
2.05	2.014	0.1291
2.041	-2.341	0.1352
2.078	-7.934	0.1
2.122	2.621	0.14
2.202	0.7047	0.1625
2.046	3.487	0.1641
2.095	-0.1712	0.1614
2.119	-1.388	0.1594
2.125	0.4799	0.164
2.191	3.536	0.1659
2.119	0.339	0.1523
2.096	-0.9784	0.1503
2.168	4.129	0.1693
2.161	2.411	0.147
2.098	2.903	0.1443
2.094	-1.801	0.1773
2.118	-1.72	0.1987
2.096	2.863	0.1545
2.069	0.6231	0.1623
2.292	-2.139	0.1729
2.392	-5.111	0.1979
2.318	-1.62	0.2015
2.12	5.249	0.1602
2.1	3.973	0.161
2.126	2.481	0.1558
2.16	1.023	0.1541
2.242	3.15	0.166
2.277	4.103	0.1772
2.221	1.816	0.173
2.332	0.1422	0.1719
2.418	2.147	0.1673
2.291	2.337	0.1646
2.17	3.146	0.1654
2.134	5.278	0.1604
2.245	-1.48	0.1718
2.369	-1.929	0.1845
2.172	3.251	0.1785
2.156	4.011	0.1687
2.206	3.603	0.1817
2.276	-0.297	0.2016
2.209	3.918	0.1913
2.249	-0.42	0.209
2.235	2.342	0.2235
2.196	0.4783	0.1884
2.224	2.667	0.1985
2.244	0.4759	0.2102
2.222	3.308	0.2119
2.22	2.073	0.2167
2.197	-1.206	0.1737
2.227	3.973	0.1815
2.144	-1.292	0.1656
2.123	-5.261	0.1733
2.139	-0.4964	0.1875
2.188	-1.693	0.2034
2.264	0.8281	0.2172
2.174	-2.775	0.1903
2.151	3.085	0.196
2.247	2.78	0.2051
2.239	1.448	0.2263
2.261	-4.136	0.23
2.215	1.862	0.2094
2.117	-2.96	0.2113
2.025	-4.402	0.2093
2.246	1.322	0.2319
2.158	3.275	0.234
2.366	-0.9069	0.2494
2.294	1.493	0.237
2.294	-2.408	0.2454
2.147	2.187	0.2257
2.186	1.879	0.223
2.192	2.656	0.2258
2.14	1.161	0.2215
2.136	2.248	0.2314
2.192	2.125	0.2187
2.139	2.477	0.2266
2.159	1.082	0.2285
2.218	2.709	0.2212
2.202	0.9026	0.2324
2.076	0.6267	0.221
2.161	0.7214	0.2295
2.173	2.582	0.2288
2.222	0.3323	0.2296
2.01	0.5371	0.2156
2.116	3.311	0.221
1.988	-2.464	0.2131
2.339	-1.561	0.2482
2.35	2.292	0.2182
2.436	1.263	0.2453
2.46	2.841	0.2529
2.33	3.02	0.2377
1.893	2.152	0.09905
2.257	2.981	0.1663
1.476	-0.6219	-0.03922
1.671	1.532	0.03038
2.019	2.344	0.1353
2.073	-0.5732	0.1771
2.25	1.585	0.1928
2.24	2.054	0.2189
2.228	-0.01585	0.2214
2.158	0.007782	0.2082
2.333	1.234	0.2067
2.341	0.3299	0.2005
2.231	1.565	0.2149
2.33	-2.486	0.1874
2.212	2.567	0.2017
2.156	0.4643	0.2091
2.177	2.715	0.1879
1.32	1.363	-0.06794
1.749	0.2874	0.03117
1.451	2.648	-0.03366
1.883	1.151	0.09643
1.831	0.4743	0.05988
2.028	-4.234	0.1423
2.219	-4.989	0.1804
1.794	-1.73	0.09319
2.079	-0.4696	0.1815
1.954	1.069	0.1394
2.043	-1.18	0.1702
2.168	-6.896	0.2265
2.149	-2.755	0.2102
2.242	3.427	0.1757
2.2	0.7679	0.1749
2.325	0.2499	0.1839
2.085	2.602	0.1668
2.188	3.692	0.1715
2.328	2.362	0.1789
2.224	2.417	0.1827
2.186	4.041	0.1847
2.135	-2.469	0.1839
1.256	0.7836	-0.08178
1.232	0.451	-0.04407
1.244	1.538	-0.06906
1.266	2.905	-0.0569
1.264	1.043	-0.04686
1.165	-0.1898	-0.01611
1.203	-0.01737	-0.02495
1.2	-0.205	-0.004197
1.131	-0.2148	-0.01698
1.164	-0.1263	-0.01275
1.186	0.2632	-0.03963
1.389	1.197	-0.01712
1.154	0.213	-0.04247
1.164	-0.00211	-0.02643
1.227	0.04086	0.004574
1.578	1.754	0.04337
1.406	0.6434	0.03375
1.791	0.4656	0.1042
1.615	1.205	0.008985
1.952	-2.745	0.1744
1.947	-3.046	0.1176
1.97	1.083	0.1845
2.107	-2.51	0.1235
2.108	2.18	0.1586
2.119	0.6113	0.1764
1.987	2.561	0.1543
2.23	-0.4511	0.08456
1.949	2.908	0.1189
1.319	-1.619	-0.06753
2.374	2.453	0.2019
2.102	-2.354	0.1309
1.972	-5.036	0.1756
1.978	-5.226	0.1529
2.146	2.272	0.1315
2.149	-1.896	0.1011
1.86	2.276	0.1146
2.323	3.006	0.1448
2.057	-0.6892	0.1421
1.256	0.522	0.009714
2.379	-0.3768	0.1348
2.322	-0.3618	0.1308
2.203	3.303	0.1348
2.201	-0.2454	0.1199
1.72	1.827	0.1138
2.122	0.2762	0.1501
2.474	-1.934	0.1989
2.281	-0.2212	0.1358
2.443	2.566	0.1625
2.046	-3.537	0.09325
2.21	0.6119	0.1281
1.845	-4.363	0.1064
2.053	1.227	0.1172
0.8976	0.2007	0.01444
1.901	-3.041	0.1451
2.199	2.293	0.1792
1.963	-2.924	0.2313
2.3	2.147	0.2187
2.343	-0.5176	0.2134
2.032	-3.811	0.1539
1.641	-1.95	-0.01718
2.024	-2.398	0.1221
2.049	-2.137	0.1356
2.007	-5.538	0.1141
2.217	2.784	0.153
2.078	3.022	0.19
2.117	3.376	0.1474
2.109	3.862	0.1576
1.947	-2.633	0.1699
2.066	1.016	0.1683
1.977	-4.892	0.116
2	-0.6713	0.1282
2.097	-1.538	0.1625
2.119	1.652	0.1563
2.098	-3.185	0.1348
2.143	-2.708	0.1205
2.289	0.8485	0.1594
2.212	2.896	0.147
2.456	0.8014	0.2028
2.139	-1.334	0.1568
2.005	-2.731	0.07778
2.137	-1.156	0.005579
1.72	-2.332	0.0713
1.894	0.9413	-0.0203
2.249	1.33	0.1685
2.003	1.565	0.1503
1.909	0.2914	0.09832
1.152	0.202	-0.01679
1.74	-2.287	0.1015
1.626	0.5558	0.1017
1.243	0.3151	-0.01496
2.202	1.628	0.1285
2.087	0.9071	0.1032
2.23	2.66	0.1564
2.297	2.153	0.151
2.388	3.328	0.1276
2.431	2.637	0.118
2.225	2.717	0.1249
2.247	0.7512	0.1271
2.119	1.057	0.1298
2.118	2.371	0.1465
1.981	2.867	0.1231
1.88	0.5382	0.1188
2.217	-1.316	0.1368
2.176	-1.008	0.1354
2.039	2.169	0.1198
2.034	-1.54	0.1315
2.072	3.46	0.1289
1.943	-1.31	0.1215
1.931	-3.496	0.1209
1.94	1.273	0.1136
2.056	-1.792	0.1212
1.905	1.807	0.1327
1.871	-3.791	0.154
2.098	2.188	0.1727
2.092	-2.444	0.1487
2.039	1.295	0.101
2.193	1.238	0.2005
2.285	1.024	0.1815
2.236	1.84	0.1547
2.226	-4.045	0.1972
2.211	1.235	0.1711
2.037	-2.872	0.1005
2.005	0.5264	0.1017
2.255	-1.278	0.1765
2.284	-0.1299	0.1476
2.085	4.693	0.1112
2.169	-4.873	0.1007
2.147	3.754	0.08274
2.026	-3.073	0.1071
2.239	2.507	0.1292
2	3.17	0.08675
2.051	-3.11	0.09538
2.277	-0.3075	0.1048
2.349	2.434	0.1369
2.046	-0.806	0.1083
2.256	-0.9872	0.1372
2.342	-1.823	0.1245
1.503	0.1209	0.05147
1.396	1.137	0.05318
1.043	0.1757	-0.00999
2.032	-0.4817	0.08715
1.741	-3.368	0.1024
1.522	-0.3135	0.06993
2.11	-0.1097	0.1369
1.654	1.953	0.06962
2.263	2.061	0.1648
1.928	-5.508	0.1704
2.289	1.567	0.1537
2.338	3.24	0.1643
2.302	1.49	0.1621
1.91	3.157	0.1762
1.903	-6.031	0.2412
2.294	0.9276	0.1937
2.248	3.113	0.1571
2.155	0.8974	0.1763
2.099	4.061	0.1701
1.873	3.269	0.1672
2.118	-1.04	0.2168
2.258	1.988	0.2026
2.139	2.526	0.2197
2.393	-0.4962	0.21
2.213	1.206	0.2061
2.459	-0.9215	0.2165
2.251	-1.491	0.2163
2.309	2.369	0.1953
2.351	-0.7896	0.2168
2.264	-0.9444	0.2105
2.354	0.673	0.2034
1.748	0.8927	0.02948
1.891	-0.01407	0.1241
2.164	0.1287	0.1784
2.003	3.798	0.1735
1.406	1.907	-0.05481
2.032	-1.264	0.1076
1.907	-2.097	0.1579
2.096	2.55	0.1888
2.134	2.874	0.169
0.817	0.05988	-0.06197
0.6446	-0.2575	-0.03339
1.021	0.5045	-0.008745
1.991	-4.257	0.1099
2.023	-4.406	0.1098
1.991	-4.22	0.111
2.047	-1.954	0.127
2.076	-2.589	0.1347
2.028	-2.782	0.1276
2.013	-2.618	0.1224
2.025	-1.011	0.1441
1.979	-5.633	0.1261
2.173	2.461	0.139
2.178	3.148	0.1498
2.153	3.043	0.1442
2.229	1.601	0.1842
2.245	2.551	0.2026
2.121	-2.266	0.1749
2.053	-2.123	0.1663
1.981	-0.5296	0.1802
2.02	-2.074	0.1573
2.114	0.1985	0.1525
2.056	-1.69	0.1596
2.131	2.705	0.1465
2.101	3.79	0.1497
2.024	0.8719	0.1553
2.063	3.493	0.1648
2	-3.018	0.1681
1.965	-4.671	0.1718
2.028	0.9579	0.1599
2.007	2.693	0.1666
1.951	-0.2539	0.1768
2.011	2.962	0.1732
1.933	-1.824	0.1169
1.975	-3.723	0.1148
2.036	-3.691	0.1213
2.084	-4.277	0.1279
1.998	-2.023	0.1251
2.02	0.1541	0.1214
2.071	-1.339	0.1241
2.203	4.665	0.1502
2.216	3.022	0.1516
2.172	-1.352	0.1354
2.068	1.294	0.1574
2.068	-3.581	0.1588
2.118	1.278	0.1698
2.165	1.785	0.1457
2.065	-3.255	0.1219
2.044	-0.04814	0.1161
2.062	-1.918	0.1268
2.123	-3.012	0.1256
2.042	-0.8909	0.1288
2.051	-1.268	0.1218
2.152	-2.874	0.1139
2.194	3.136	0.138
2.192	3.779	0.1319
2.189	3.336	0.1364
2.244	2.736	0.1581
2.339	3.053	0.1829
2.373	0.5408	0.1858
2.451	1.804	0.2018
2.17	3.511	0.1299
2.258	-0.3339	0.1601
2.333	0.51	0.1759
2.236	3.162	0.1422
2.406	1.687	0.1844
2.094	2.289	0.1231
2.095	-2.724	0.08285
2.114	0.884	0.1571
2.079	-2.365	0.1528
2.064	-2.496	0.1371
2.098	0.2377	0.142
1.934	0.8742	0.1066
2.166	1.242	0.09945
2.187	4.189	0.09624
2.157	1.509	0.08807
2.094	-2.122	0.03598
1.862	0.6401	0.07755
2.114	0.5506	-0.01156
2.253	3.047	0.1032
1.781	-2.752	0.09673
1.754	-2.56	0.04179
1.622	-3.372	0.01414
1.502	-0.5154	0.02807
1.47	-3.324	-0.06377
2.178	-0.06883	0.1614
2.199	2.937	0.1586
2.197	3.499	0.1607
2.046	1.473	0.1523
2.155	3.772	0.1635
2.143	3.412	0.1577
1.971	2.16	0.1413
1.942	-3.108	0.1216
1.808	-1.089	0.09798
1.925	0.629	0.1307
1.741	0.1422	0.04931
1.598	0.9854	-0.01463
1.746	-0.7011	0.04914
1.667	0.7794	0.04997
1.258	0.3378	-0.001015
1.565	-0.9996	0.05618
1.848	1.396	0.1308
1.783	-0.09692	0.1175
1.888	0.6985	0.1342
1.676	1.658	0.09953
1.492	-2.47	0.05835
1.64	1.743	0.09196
1.233	0.1824	0.004578
1.491	1.35	0.07073
1.565	3.427	0.06564
1.296	-0.3577	-0.05763
2.007	0.8934	0.1025
1.8	0.1188	0.06291
2.113	-1.466	0.1334
2.06	-0.3791	0.1192
2.128	-2.045	0.1217
2.284	0.724	0.1287
2.21	-2.399	0.1271
2.272	2.349	0.1654
2.189	2.751	0.1501
2.145	2.214	0.1601
2.269	2.121	0.1643
2.3	1.585	0.16
2.277	0.2784	0.1497
2.35	3.041	0.1451
2.307	3.183	0.1286
2.36	1.426	0.1273
2.224	2.164	0.1373
2.335	2.285	0.1381
2.428	2.662	0.1319
2.357	3.211	0.1246
2.339	3.416	0.1285
2.493	3.361	0.1242
2.511	-1.822	0.1222
2.225	0.3136	0.124
2.127	-3.032	0.1204
2.151	1.089	0.1253
2.242	-0.07412	0.118
2.073	-4.358	0.1239
2.288	-1.611	0.1293
2.401	3.066	0.1211
2.312	1.533	0.1286
2.265	0.0773	0.1248
2.326	1.438	0.1347
2.189	2.945	0.1518
2.239	0.3277	0.1444
2.103	2.47	0.1581
2.093	1.132	0.1568
2.102	3.999	0.1453
2.09	-0.4666	0.1257
2.028	2.291	0.116
2.172	1.847	0.1341
2.051	0.3841	0.1415
2.054	1.311	0.1253
1.881	4.214	0.1079
1.912	0.9091	0.1235
1.959	-1.751	0.1121
1.912	0.8695	0.1124
1.903	1.017	0.1177
2.112	-0.7788	0.1329
2.082	-3.242	0.1279
2.187	2.762	0.1377
2.188	-2.389	0.1337
2.138	2.134	0.136
1.849	-3.521	0.1317
1.975	2.82	0.1206
1.945	2.769	0.1244
1.995	3.177	0.1335
1.96	-2.343	0.1164
1.919	4.326	0.1229
2.067	3.547	0.1263
2.194	-0.7066	0.1143
2.195	3.052	0.129
2.05	1.68	0.1357
1.869	2.1	0.1162
2.1	-3.639	0.1406
2.104	3.191	0.1308
2.184	0.2808	0.1382
1.955	1.717	0.1308
1.846	2.73	0.1135
2.103	-1.35	0.1264
2.029	-3.509	0.1329
1.944	-5.097	0.1193
1.921	2.185	0.1167
1.93	-1.018	0.1116
1.92	3.896	0.1195
1.991	3.669	0.1168
2.096	3.742	0.1226
1.986	2.921	0.1233
1.926	-1.257	0.1151
1.918	2.847	0.1425
2.065	-0.3028	0.1239
2.006	-1.869	0.1188
2.058	3.892	0.115
2.023	-0.3009	0.1188
1.944	0.349	0.13
1.924	-2.926	0.1534
1.868	3.513	0.1453
1.912	2.89	0.1417
1.926	2.725	0.1235
1.868	1.639	0.156
1.895	-5.228	0.1642
2.005	-0.3401	0.1617
2.147	2.996	0.1654
1.963	-1.595	0.1718
2.094	3.04	0.1762
2.014	2.536	0.1749
2.056	-2.985	0.1107
2.043	3.383	0.1087
2.075	3.052	0.162
2.021	-2.219	0.1386
2.013	-5.862	0.1135
2.142	0.2858	0.1388
2.063	-5.254	0.1176
2.215	3.626	0.1817
2.243	-0.5025	0.1688
2.021	-5.018	0.1875
2.038	-3.309	0.1906
2.271	-1.958	0.1944
2.489	-0.4901	0.2007
2.432	2.569	0.1827
2.167	-1.628	0.1498
2.204	1.601	0.1452
2.176	-1.104	0.1659
2.246	2.206	0.1684
2.344	2.905	0.1824
2.213	0.2129	0.1588
2.228	-6.392	0.1596
2.312	3.175	0.2013
2.275	0.9456	0.1851
2.194	-4.42	0.1822
2.15	-1.531	0.1881
2.132	-1.591	0.1799
2.043	3.477	0.1054
1.959	0.6387	0.1103
2.213	2.407	0.1263
2.035	-3.408	0.09918
1.994	3.6	0.1089
2.014	4.159	0.1094
2.042	-4.234	0.09535
2.222	-0.3822	0.1662
2.304	-0.5647	0.1437
2.148	-0.7198	0.1749
2.225	0.4767	0.1744
2.26	3.099	0.1711
2.366	3.355	0.1721
2.334	3.008	0.1596
2.052	0.485	0.1066
2.061	3.042	0.101
2.176	3.009	0.1348
2.217	0.9183	0.131
2.343	2.827	0.1344
2.102	3.583	0.08938
2.08	2.07	0.08752
2.326	2.708	0.1385
2.165	-1.096	0.09764
2.127	2.556	0.08224
2.147	1.583	0.08963
2.21	0.6113	0.08292
2.131	-0.8914	0.1279
2.145	-0.1759	0.1257
1.832	0.4285	0.1087
2.182	1.683	0.1236
2.191	-2.072	0.1228
2.135	1.745	0.1162
2.223	1.891	0.1311
1.928	2.008	0.1067
1.837	-2.104	0.09071
1.948	-4.32	0.1074
1.996	-0.5512	0.1064
2.015	3.23	0.1038
2.088	2.957	0.0937
2.162	2.72	0.1072
2.017	-0.4081	0.09089
2.024	2.711	0.09362
2.043	2.551	0.08778
2.123	0.3793	0.1027
2.244	3.106	0.1203
2.115	3.736	0.08242
2.199	2.325	0.0885
2.246	-1.608	0.09679
2.229	-0.9363	0.1263
2.257	3.685	0.1354
2.315	0.792	0.1343
2.291	3.389	0.1309
2.343	0.5707	0.1326
2.278	-0.3256	0.1263
2.27	2.592	0.1344
2.234	-1.256	0.0956
2.269	-0.6138	0.1118
2.152	0.8731	0.1253
1.93	-3.216	0.1051
2.084	-2.355	0.1216
2.362	1.006	0.1357
2.329	1.866	0.1297
2.297	1.288	0.1392
2.257	-2.596	0.1336
2.029	-4.288	0.1192
2.194	1.125	0.1061
1.699	-0.1947	0.08822
1.9	-1.758	0.08351
1.891	-2.065	0.07002
1.666	0.1279	0.0283
1.403	0.9658	0.01606
1.397	0.8352	-0.01185
1.661	-1.772	0.09082
1.418	0.8926	0.04974
1.234	0.5677	0.0174
1.148	1.085	0.02344
0.8629	0.1389	0.0009921
1.855	-4.654	0.09919
1.783	-3.212	0.1009
2.164	1.927	0.0917
2.035	-0.1538	0.0934
1.849	-4.168	0.1008
1.971	1.497	0.1107
1.773	-1.594	0.1014
1.392	0.1031	0.06089
1.259	1.151	0.03838
1.614	-1.157	0.09006
1.601	1.88	0.0871
1.825	-0.1666	0.09899
1.555	1.637	0.06018
1.128	0.5284	0.03066
2.168	-2.448	0.1341
1.95	0.9709	0.09929
1.947	0.687	0.1037
2.065	2.022	0.1492
1.96	2.191	0.1276
2.096	0.426	0.1662
1.939	-4.194	0.1759
2.236	-1.743	0.1516
2.212	2.944	0.1538
2.038	-1.446	0.1638
1.985	-1.652	0.1692
1.883	-5.913	0.1477
2.13	2.04	0.131
2.148	-2.709	0.1368
2.141	-7.862	0.09852
2.245	1.917	0.1311
2.395	1.856	0.1584
2.284	2.535	0.1637
2.039	-3.767	0.1659
2.306	-0.1408	0.1628
2.426	0.05024	0.1692
2.471	1.705	0.17
2.28	-3.995	0.1578
2.162	-1.607	0.1566
2.303	2.467	0.165
2.23	0.8944	0.1603
2.188	3.019	0.1679
1.884	0.4885	0.1858
1.907	-2.989	0.2022
1.887	2.399	0.1549
1.864	2.299	0.1727
1.91	0.02465	0.2055
1.971	-3.153	0.2172
1.915	-4.89	0.2589
2.21	2.114	0.1613
2.041	3.277	0.1524
2.21	2.097	0.1848
2.289	2.86	0.1734
2.305	-0.9132	0.1697
2.329	-0.1206	0.1895
2.273	2.355	0.1633
2.086	-1.082	0.1817
2.041	-3.539	0.2068
2.026	2.886	0.1636
2.248	3.367	0.1656
2.187	3.187	0.1671
1.992	-0.4058	0.1778
1.952	3.198	0.1867
2.092	2.23	0.1792
1.973	-0.8956	0.1685
1.884	-0.7228	0.1665
2.144	4.429	0.1586
1.903	2.201	0.1603
2.192	0.6093	0.1855
2.233	3.85	0.1645
2.128	0.3989	0.1973
2.156	3.138	0.1902
2.147	2.701	0.2109
2.23	1.155	0.223
2.27	2.625	0.2233
2.22	1.125	0.2123
2.168	1.383	0.2025
2.24	-1.996	0.1985
2.222	-1.295	0.2097
2.293	2.916	0.207
2.268	-1.318	0.2185
2.341	2.045	0.214
2.109	-1.911	0.2194
2.24	2.043	0.2158
2.429	1.16	0.2038
2.357	-2.633	0.2078
2.341	-2.877	0.2127
2.472	-1.415	0.2056
2.287	2.848	0.2066
1.983	-5.436	0.194
2.441	1.986	0.2089
2.28	0.5546	0.2046
2.352	2.915	0.2222
2.312	1.389	0.2287
2.303	-0.4633	0.2195
2.131	2.973	0.1955
2.066	3.973	0.1942
2.357	1.43	0.1988
2.393	3.171	0.2112
2.337	-3.037	0.2125
2.012	-0.3336	0.183
2.355	0.1925	0.2023
2.375	0.005417	0.2219
2.335	-3.724	0.2248
2.214	2.258	0.2083
2.016	2.687	0.1944
2.284	0.293	0.2187
2.338	2.956	0.2175
2.377	-0.3365	0.2159
1.997	-0.3851	0.1952
2.247	2.1	0.2102
1.974	-2.889	0.1965
2.468	1.88	0.2126
2.411	2.369	0.1878
2.462	1.911	0.2077
2.412	0.5457	0.2169
2.337	1.403	0.2124
1.968	2.204	0.06647
2.145	0.3913	0.1374
1.412	-0.3	-0.06171
1.709	2.142	-0.01549
1.829	0.04264	0.08636
1.879	-0.4284	0.1192
1.94	1.69	0.1386
2.293	1.458	0.1788
2.304	1.773	0.1885
2.159	-0.2076	0.1647
2.141	-0.6804	0.1648
2.072	-1.073	0.1638
2.217	-0.2098	0.1887
2.049	1.974	0.1746
2.114	-2.885	0.1794
2.011	-0.67	0.186
1.93	-2.152	0.1636
1.266	0.803	-0.08202
1.654	0.08045	0.001012
1.449	2.872	-0.04252
1.884	-0.2284	0.03717
1.845	-1.866	0.02159
1.89	-3.341	0.08631
2.04	-3.038	0.1406
1.919	-5.248	0.09434
1.949	-4.012	0.1893
2.058	1.148	0.1271
1.928	-2.014	0.1711
1.915	-4.493	0.229
1.91	-0.8938	0.2277
1.98	0.4532	0.2203
2.175	2.33	0.1583
2.084	-2.675	0.1605
2.183	0.2983	0.1457
2.208	3.139	0.1745
2.024	4.504	0.1823
2.059	-0.998	0.1696
2.01	2.459	0.1704
1.95	2.665	0.1679
1.082	1.143	-0.08903
0.8621	-0.1143	-0.0501
0.9716	-0.02886	-0.06747
1.078	2.104	-0.07163
1.028	1.035	-0.05097
0.7039	-0.2569	-0.03967
0.7325	-0.2576	-0.0455
0.9816	-0.02864	-0.0289
0.6706	-0.2217	-0.02118
0.7106	-0.1407	-0.01126
0.8109	0.1284	-0.03907
1.362	0.6918	-0.02009
0.7148	-0.1587	-0.04639
0.7076	-0.05802	-0.02475
0.862	0.1322	0.00285
1.615	0.5839	0.05839
1.308	1.11	0.03657
1.815	-0.8098	0.1095
