1.501	0.7091	0.07803
1.712	0.4073	0.1097
1.784	-1.876	0.1525
1.821	4.396	0.1838
1.895	0.6035	0.1889
1.703	0.000263	0.1739
1.93	0.4276	0.1865
2.129	0.4023	0.2786
2.059	1.232	0.1674
1.979	2.073	0.1446
1.283	-0.7588	-0.06086
1.793	1.515	0.2123
1.797	-3.12	0.1654
1.776	-3.613	0.2036
1.84	-4.261	0.1619
1.884	0.3297	0.245
1.779	-2.392	0.1175
1.585	0.1993	0.1272
1.835	2.028	0.1829
1.68	0.7012	0.1372
1.245	0.08477	0.001888
1.703	0.02637	0.1183
1.81	1.346	0.1719
1.904	0.2542	0.2188
1.686	0.6739	0.1512
2.045	-0.05453	0.1545
1.87	2.504	0.1713
1.967	3.084	0.1822
2.158	-0.7447	0.2226
2.079	2.519	0.2003
2.154	-3.22	0.1415
1.807	2.812	0.1355
1.879	-2.158	0.14
1.93	-0.985	0.1512
1.17	-0.5523	0.02089
1.835	-4.147	0.1936
2.065	2.639	0.2342
2.06	-0.6272	0.2338
1.998	1.141	0.223
2.113	2.552	0.2518
2.224	-1.79	0.1881
1.465	-0.4405	0.02064
1.847	-2.112	0.1326
1.825	-1.645	0.1636
1.828	-5.366	0.1481
1.756	3.245	0.2262
1.787	-0.3897	0.215
1.76	3.4	0.216
1.781	3.049	0.1971
1.782	-1.469	0.1844
1.834	3.2	0.1878
1.812	-3.227	0.1832
1.863	-0.3137	0.1629
1.785	-0.6535	0.2051
1.752	1.444	0.1984
1.833	-3.252	0.2106
1.785	-3.919	0.1448
1.761	2.695	0.2194
1.779	3.32	0.1549
1.862	-0.4381	0.2251
1.668	-0.08565	0.1885
1.774	-1.946	0.06987
1.809	3.365	-0.00986
1.433	-0.1697	0.0204
1.898	2.45	-0.01214
1.648	2.469	0.1604
1.575	2.424	0.1777
1.538	-0.518	0.1171
1.183	-0.4144	0.04513
1.486	-0.4254	0.12
1.478	2.192	0.1066
1.221	1.248	-0.06566
1.767	0.6667	0.128
1.718	-1.349	0.1321
1.693	2.518	0.1245
1.697	2.819	0.1013
1.751	2.596	0.1409
1.877	-0.7815	0.163
1.805	1.779	0.1906
1.893	0.9552	0.17
1.943	-1.837	0.1975
1.866	0.1995	0.1532
1.889	1.958	0.2391
1.739	2.729	0.1738
1.964	1.242	0.1572
1.973	-1.803	0.1781
1.72	0.9844	0.1488
1.706	-1.741	0.1274
1.773	2.149	0.135
1.832	-0.1624	0.1461
1.947	-3.627	0.1528
1.698	-1.278	0.135
1.942	-0.5101	0.1375
1.733	0.1856	0.1555
1.779	0.6094	0.1637
1.934	2.161	0.1995
2.164	0.4332	0.2227
2.079	2.977	0.1557
1.972	0.2876	0.1894
2.131	2.091	0.2124
2.027	3.094	0.1923
1.933	-4.181	0.192
2.01	-3.732	0.1986
2.203	-2.416	0.1508
2.097	-1.777	0.1531
1.991	-0.8512	0.2104
2.128	1.749	0.2302
2.136	3.934	0.1583
2.065	-1.2	0.1699
2.038	2.996	0.1461
1.913	1.401	0.1546
1.841	0.7251	0.168
2.027	1.889	0.157
1.923	1.491	0.1494
1.991	1.826	0.1496
1.811	2.097	0.1611
2.049	1.51	0.1653
1.864	0.37	0.1444
1.817	-0.02173	0.1505
1.512	0.1045	0.08958
1.644	0.2929	0.07825
1.112	-0.5989	0.01986
2.036	-4.179	0.177
1.949	-1.916	0.1607
1.723	-0.5781	0.1055
1.7	-0.6339	0.1021
1.46	0.4328	0.05399
1.907	2.288	0.1417
1.771	-4.22	0.1435
2.02	-0.3094	0.1816
1.97	3.172	0.176
1.932	-0.01782	0.2113
1.93	3.085	0.2028
1.885	-5.74	0.1734
1.95	-0.1565	0.2298
2.052	2.87	0.2529
2.169	1.43	0.252
1.991	2.049	0.2872
2.215	3.854	0.267
1.901	-0.7489	0.247
2.02	2.039	0.2578
1.905	2.122	0.2147
1.934	0.8514	0.2116
1.887	1.827	0.1905
1.948	0.8448	0.2394
1.962	-2.212	0.2328
2.156	1.639	0.2459
2.05	0.6285	0.2327
1.908	1.353	0.1988
2.098	2.047	0.2381
1.728	0.8961	0.09396
2.062	1.707	0.1885
2.173	-0.8833	0.2329
2.223	2.124	0.2573
1.399	1.285	-0.0434
2.128	0.3073	0.133
1.744	-3.59	0.1178
2.054	2.883	0.1727
2.311	2.109	0.2248
1.116	0.07658	-0.06439
1.031	-0.559	-0.03066
1.146	-0.2379	0.005876
1.818	-5.096	0.1442
1.844	-3.01	0.1346
1.799	-3.135	0.152
1.834	-2.709	0.1327
1.809	-2.295	0.1676
1.842	-2.924	0.1341
1.849	-4.079	0.1368
1.835	-1.509	0.1635
1.851	-6.315	0.1444
1.762	2.096	0.2103
1.756	3.452	0.2236
1.775	1.065	0.2089
1.77	0.5247	0.2266
1.792	1.217	0.2141
1.775	-0.5345	0.2215
1.769	-0.08722	0.2133
1.781	-2.92	0.2124
1.766	1.488	0.2013
1.811	-1.139	0.1907
1.816	-1.036	0.1854
1.796	0.2402	0.199
1.772	3.306	0.2044
1.764	2.79	0.1911
1.798	2.358	0.1904
1.828	-1.687	0.1836
1.775	-3.774	0.1917
1.769	2.965	0.1845
1.789	3.148	0.1828
1.803	1.638	0.1827
1.834	2.777	0.1858
1.792	-2.144	0.16
1.832	-3.787	0.1508
1.867	-4.504	0.2203
1.881	-3.781	0.2128
1.858	-3.049	0.1752
1.85	-1.012	0.1398
1.824	-2.013	0.1325
1.862	3.544	0.24
1.818	2.706	0.2277
1.867	-0.582	0.2374
1.739	-0.6674	0.1828
1.737	-1.586	0.2037
1.77	0.09532	0.214
1.779	1.836	0.2076
1.772	-2.372	0.1221
1.786	-1.121	0.1361
1.83	-1.055	0.1404
1.788	-3.52	0.1569
1.867	-0.7466	0.1902
1.819	-0.6319	0.1481
1.779	-3.33	0.1342
1.756	2.692	0.2065
1.767	3.497	0.1884
1.759	3.129	0.1999
1.758	2.987	0.2242
1.769	0.8084	0.2271
1.777	0.5037	0.2212
1.82	1.398	0.2133
1.777	3.301	0.1502
1.77	2.044	0.2026
1.783	0.4806	0.2092
1.787	0.0585	0.1717
1.879	-0.1242	0.2225
1.761	-2.068	0.1297
1.779	-1.604	0.08517
1.681	0.2151	0.1871
1.733	-0.007411	0.1929
1.728	0.9675	0.1573
1.614	0.4479	0.1649
1.74	-2.216	0.105
1.79	3.912	0.07371
1.803	3.208	0.06288
1.796	3.695	0.08702
1.784	-0.6576	0.03488
1.745	-2.29	0.06047
1.829	3.693	-0.03341
1.845	1.828	0.07829
1.516	-0.6424	0.08364
1.78	-0.1296	0.002146
1.599	1.424	-0.05632
1.328	-2.284	-0.06617
1.423	-2.657	-0.06228
1.673	0.5984	0.1647
1.633	1.518	0.1798
1.667	3.174	0.1428
1.633	1.161	0.1631
1.626	3.928	0.1741
1.592	3.214	0.1834
1.532	0.6737	0.1649
1.592	-0.8873	0.1362
1.52	-0.3476	0.1176
1.596	-2.031	0.1509
1.53	0.7691	0.1004
1.336	0.006392	0.06441
1.463	0.07407	0.09184
1.412	0.1914	0.08224
1.115	-0.4481	0.01768
1.372	0.3568	0.07034
1.524	2.463	0.153
1.504	0.9789	0.1273
1.548	0.2584	0.1577
1.453	-1.081	0.1163
1.362	-0.026	0.0604
1.471	3.145	0.07663
1.196	0.4182	-0.03382
1.353	0.6817	0.03059
1.339	0.5644	-0.01674
1.247	1.238	-0.07434
1.638	-0.6328	0.1211
1.562	0.6246	0.11
1.712	-1.884	0.1204
1.671	-1.873	0.1267
1.77	-0.1857	0.1358
1.797	1.49	0.1502
1.809	-0.3576	0.1549
1.672	2.659	0.115
1.711	1.95	0.1134
1.698	0.8552	0.147
1.671	2.173	0.1343
1.666	1.265	0.1086
1.679	-0.1137	0.1174
1.683	1.86	0.1042
1.761	2.725	0.1315
1.792	2.903	0.1602
1.735	1.848	0.1112
1.716	2.886	0.1113
1.71	1.798	0.1193
1.785	2.244	0.1723
1.803	2.965	0.1818
1.732	-1.333	0.1327
1.761	1.019	0.1511
1.804	1.505	0.1782
1.862	0.7296	0.1824
1.845	0.9267	0.1919
1.934	1.189	0.1751
1.93	0.807	0.188
1.752	1.198	0.1326
1.85	0.7179	0.1509
1.938	0.9869	0.188
1.943	-1.517	0.215
1.953	1.151	0.2104
1.732	2.186	0.1204
1.743	2.04	0.1221
1.744	1.148	0.144
1.849	1.785	0.1854
1.901	3.183	0.2301
1.911	-0.1248	0.2147
1.891	1.273	0.2344
1.813	1.368	0.1549
1.911	0.6872	0.2216
1.876	-1.076	0.2416
1.798	1.819	0.2151
1.775	2.632	0.2046
1.83	-0.6005	0.2176
1.763	1.875	0.1804
1.757	0.3713	0.1561
1.945	0.2579	0.1912
1.937	0.5154	0.1864
1.901	0.1181	0.1843
1.946	0.9721	0.1924
1.972	0.9308	0.1717
1.917	-2.089	0.149
1.997	1.77	0.165
1.723	4.164	0.1511
1.772	2.734	0.1697
1.767	-0.6619	0.1519
1.713	2.952	0.1459
1.672	2.107	0.1319
1.671	3.437	0.1473
1.681	1.725	0.1303
1.813	-0.1645	0.1281
1.921	2.095	0.1397
1.801	-1.131	0.1369
1.718	2.042	0.1195
1.716	-0.859	0.1408
1.864	-1.062	0.1469
1.966	1.724	0.1498
1.757	-0.1656	0.152
1.796	-4.163	0.1455
1.885	-4.44	0.1486
1.932	0.2628	0.1432
1.967	-1.143	0.1504
1.834	3.762	0.134
1.961	3.047	0.1384
1.677	3.21	0.1519
1.726	3.907	0.1408
1.757	-1.457	0.1281
1.737	2.833	0.1394
1.922	1.802	0.1618
1.724	0.15	0.1566
1.677	2.927	0.154
1.776	-1.887	0.1573
1.798	-2.663	0.159
1.81	-2.48	0.1561
1.725	3.021	0.1425
1.794	3.194	0.1565
1.685	2.318	0.1478
1.721	0.829	0.1527
1.811	-3.013	0.1695
1.845	-4.241	0.1849
1.906	-0.461	0.193
1.835	-3.246	0.1831
1.877	3.001	0.1908
1.872	2.545	0.1889
2.032	-0.859	0.1481
2.013	1.913	0.1459
1.973	2.413	0.2032
2.059	-0.3942	0.1862
2.099	-2.76	0.1845
2.215	0.5078	0.2176
2.174	-0.7746	0.1934
2.139	0.7688	0.2085
2.092	1.181	0.2179
1.842	1.089	0.1876
2.019	0.9115	0.1946
2.06	0.01508	0.1942
2.007	-1.101	0.1878
2.029	-0.1216	0.184
2.194	-1.12	0.2254
2.163	-3.043	0.2194
2.202	1.332	0.2313
2.13	2.177	0.2057
1.97	2.317	0.1752
2.011	-1.408	0.1857
2.084	0.5865	0.215
1.938	0.382	0.1866
1.963	-0.8502	0.1775
1.958	-3.77	0.183
1.931	-0.5971	0.1913
1.95	-0.2965	0.1861
2.091	3.41	0.1501
2.011	0.5467	0.1512
2.179	2.227	0.2026
2.183	0.4323	0.1544
2.173	2.073	0.1483
2.19	2.617	0.1425
2.156	-3.681	0.1468
2.067	1.805	0.2222
2.135	1.831	0.2299
1.948	1.359	0.1858
2.007	-3.631	0.2121
2.019	-1.105	0.2273
2.028	2.28	0.2144
2.071	1.524	0.2192
2.189	-0.4139	0.1536
2.174	-1.382	0.1463
2.169	0.8451	0.2027
2.155	-0.9842	0.1902
2.107	3.174	0.1785
2.135	2.44	0.1516
2.08	1.638	0.142
2.086	1.161	0.1818
2.095	2.143	0.1629
2.075	1.366	0.1615
2.065	0.9827	0.1726
2.044	1.295	0.1558
1.915	0.4359	0.1723
1.856	-0.1575	0.1857
2.054	-0.5447	0.1611
1.951	1.156	0.1657
1.875	0.5324	0.1542
1.841	0.3661	0.1433
1.817	1.266	0.1462
2.032	0.4998	0.1547
2.049	0.469	0.156
2.046	-3.408	0.154
2.081	0.2508	0.1542
2.047	2.12	0.1537
1.924	1.316	0.1518
1.858	0.3378	0.1449
2.035	1.181	0.1587
1.983	0.9523	0.1563
1.996	2.062	0.1471
1.916	1.597	0.146
1.863	3.14	0.141
1.953	2.214	0.1407
1.987	1.868	0.1454
2.056	1.384	0.1538
1.811	1.932	0.1858
1.805	2.927	0.1416
1.804	2.537	0.1657
1.807	3.027	0.1826
1.816	1.544	0.1765
1.929	0.8783	0.1478
1.813	2.113	0.1375
2.061	1.241	0.1675
2.032	1.542	0.158
1.985	-1.529	0.1553
1.988	-2.596	0.1585
1.886	-0.9218	0.1486
1.82	0.8701	0.1598
1.816	0.8055	0.1631
1.819	1.028	0.1452
1.861	0.3903	0.1483
1.768	0.3293	0.1373
1.756	-0.3413	0.1449
1.588	-2.16	0.1103
1.642	-4.406	0.1255
1.61	-1.454	0.1168
1.502	0.4237	0.07943
1.401	0.3295	0.03838
1.314	0.02341	0.0411
1.773	-0.4076	0.1172
1.502	-0.1117	0.0695
1.332	-0.2515	0.03185
1.348	-0.2681	0.04504
1.09	-0.6707	0.02634
2.018	-2.661	0.165
1.933	-1.3	0.1498
2.061	1.138	0.1764
2.044	0.04889	0.1729
2.014	-4.576	0.1743
2.01	0.4234	0.1757
1.953	-0.4404	0.1629
1.673	-0.1354	0.09654
1.418	-0.1406	0.0607
1.826	-0.1119	0.1312
1.858	0.9528	0.1407
1.846	-0.5559	0.1328
1.523	0.0842	0.06901
1.266	-0.3683	0.03463
1.85	-1.72	0.1315
1.701	-0.3251	0.1045
1.597	0.1313	0.07758
1.684	1.836	0.09257
1.643	1.791	0.08098
1.734	0.9488	0.1139
1.752	-0.627	0.1236
1.926	-0.5319	0.1499
1.813	0.8356	0.1219
1.792	0.1562	0.1324
1.841	-1	0.1498
1.788	-4.242	0.1616
2.037	0.7138	0.1811
1.986	-0.5481	0.1678
2.051	-3.092	0.1755
2.055	0.5655	0.1849
2.053	0.231	0.1921
1.936	3.044	0.1574
1.863	-3.033	0.1649
1.976	0.4654	0.1682
2.023	0.8924	0.185
2.049	2.083	0.199
1.902	2.07	0.1774
1.911	-1.156	0.2188
1.985	2.961	0.1928
1.929	-0.4424	0.1835
1.931	2.19	0.1921
1.828	2.324	0.1546
1.796	-1.036	0.1393
1.903	2.739	0.2017
1.823	3.772	0.1669
1.883	-1.297	0.178
1.968	-3.841	0.2195
1.937	-4.683	0.1992
1.986	3.628	0.2477
1.98	3.237	0.2513
1.919	1.608	0.2074
1.948	2.762	0.2266
2.022	1.614	0.2395
2.019	1.218	0.2269
2.127	3.354	0.2304
2.055	1.927	0.237
2.017	-2.278	0.2442
2.05	2.791	0.245
2.218	4.42	0.2399
2.173	4.246	0.2454
2.146	1.688	0.2646
2.179	1.966	0.2518
1.983	2.021	0.2622
2.101	2.548	0.2761
2.103	3.531	0.2841
2.056	2.267	0.2882
2.142	2.589	0.2789
1.954	2.129	0.2771
2.037	-0.02043	0.2689
1.988	0.08033	0.2405
1.927	2.372	0.2633
1.949	2.069	0.2625
1.943	0.1621	0.2398
2.009	-0.5071	0.2458
1.933	-0.9996	0.2217
1.993	1.43	0.2223
1.925	-1.16	0.2084
1.918	-2.119	0.2069
1.919	2.197	0.2017
1.909	-1.886	0.228
1.976	3.035	0.2183
1.9	-1.181	0.2257
1.896	1.52	0.2119
1.942	2.25	0.1991
1.982	-3.737	0.2036
1.973	-3.316	0.2054
1.983	-2.158	0.1989
1.861	-4.87	0.1918
1.839	-5.093	0.1858
1.875	0.7394	0.2209
1.852	1.34	0.2236
2.06	-0.304	0.2533
2.07	3.021	0.247
1.958	-0.8765	0.242
1.852	1.922	0.2262
1.846	1.846	0.2204
2.165	-0.2512	0.2425
2.126	2.06	0.2442
2.075	1.106	0.2387
2.113	2.522	0.2609
2.094	1.705	0.2524
2.055	1.335	0.2461
2.01	0.5718	0.227
1.936	1.134	0.2151
1.83	1.209	0.2069
2.018	1.408	0.2296
1.991	0.5885	0.2146
1.967	1.779	0.2058
1.819	-1.893	0.196
1.896	1.671	0.1927
1.815	-4.791	0.1897
1.904	0.03713	0.2264
1.922	0.4653	0.2264
1.955	-0.5728	0.2346
1.999	1.111	0.2438
2.127	0.7857	0.2545
1.95	2.041	0.09923
1.915	0.7025	0.181
1.342	-0.7601	-0.005178
1.718	2.223	0.03762
1.89	-0.1354	0.1452
2.159	-1.175	0.1717
2.142	0.1186	0.1993
2.152	-0.3999	0.2434
2.144	1.918	0.2486
2.13	1.19	0.225
2.183	-1.435	0.2191
2.205	-1.104	0.2092
2.177	-0.9497	0.2362
2.256	-0.5473	0.2139
2.194	2.448	0.2254
2.176	1.404	0.2518
2.162	1.334	0.271
1.303	0.1043	-0.0502
1.568	0.3057	0.03568
1.481	2.222	-0.03547
1.858	-1.001	0.07951
1.82	-0.3698	0.04931
2.018	-3.776	0.1269
2.173	-3.054	0.1676
1.6	-1.831	0.08378
1.911	0.08726	0.1507
1.864	0.4021	0.1195
1.717	-0.6873	0.1151
1.859	-5.793	0.1584
1.948	-3.127	0.187
2.06	2.717	0.2028
2.249	2.037	0.1779
2.274	0.2488	0.2034
2.138	0.8834	0.148
2.235	2.375	0.1936
2.224	2.326	0.2356
2.29	2.271	0.2477
2.326	2.971	0.2548
2.282	3.452	0.2688
1.23	0.237	-0.07125
1.114	0.09694	-0.05687
1.156	0.6452	-0.06653
1.269	2.111	-0.06089
1.209	0.6129	-0.05227
1.039	-0.5846	-0.01006
1.061	-0.4194	-0.03692
1.082	-0.6301	0.03221
1.02	-0.6713	0.0006463
1.056	-0.6162	-0.008204
1.096	-0.2311	-0.04866
1.283	0.5229	-0.005093
1.058	-0.3485	-0.05346
1.06	-0.475	-0.02288
1.1	-0.5229	0.006787
1.398	-0.6194	0.05287
1.247	0.02824	0.03868
1.537	-0.6533	0.07509
1.431	0.1491	0.1101
1.662	0.2254	0.1429
1.791	-2.497	0.1536
1.666	1.009	0.1932
1.946	0.6739	0.1925
1.785	-0.03986	0.1613
1.89	2.07	0.2195
2.037	2.632	0.2604
2.025	0.121	0.1298
1.945	1.996	0.1814
1.093	-1.122	-0.09013
1.828	2.109	0.1732
1.74	-2.937	0.1414
1.684	-3.121	0.2117
1.802	-5.256	0.191
1.829	1.911	0.1887
1.694	-1.384	0.09175
1.642	0.8534	0.1227
1.839	2.904	0.1227
1.795	0.03523	0.1452
0.9235	-0.1927	0.01408
1.79	0.9021	0.111
1.958	1.008	0.1903
1.913	-0.8022	0.1679
1.797	-1.219	0.1396
2.009	1.265	0.1884
1.83	2.021	0.1602
2.142	2.155	0.2125
1.918	1.09	0.2108
2.071	2.528	0.2323
1.953	-2.244	0.1328
1.94	2.419	0.1747
1.776	-0.9085	0.159
1.929	-0.6613	0.1886
0.8845	-0.1581	0.01414
1.763	-4.495	0.2153
2.135	1.499	0.1906
1.864	1.21	0.2674
2.005	0.9256	0.2358
1.89	3.223	0.2513
1.811	-4.651	0.2039
1.339	-0.6263	-0.03126
1.787	-0.8553	0.1471
1.791	-3.035	0.1778
1.82	-5.768	0.1519
1.753	2.932	0.1323
1.77	1.303	0.198
1.724	3.715	0.1616
1.712	3.571	0.203
1.632	-2.855	0.2032
1.696	3.189	0.2025
1.793	-5.08	0.1663
1.771	-0.1426	0.1424
1.837	0.264	0.1873
1.817	0.6357	0.1787
1.781	-3.589	0.1624
1.724	-2.418	0.1234
1.779	1.081	0.125
1.78	2.769	0.1047
1.851	2.605	0.161
1.756	0.2158	0.161
1.6	-2.081	0.07931
1.519	-0.2999	-0.01357
1.431	-0.8493	0.02628
1.378	1.073	-0.04872
1.732	3.348	0.1339
1.699	3.039	0.1555
1.673	0.3896	0.1414
1	-0.312	0.03287
1.551	-2.642	0.1324
1.476	2.032	0.1171
0.939	1.405	-0.03009
1.867	-1.422	0.1607
1.753	-3.875	0.1671
1.807	-0.4312	0.09332
1.775	2.375	0.1119
1.896	2.747	0.1705
1.897	-1.379	0.1823
1.959	2.836	0.1975
1.879	1.631	0.165
2.009	0.3804	0.1846
1.807	2.482	0.143
1.86	2.579	0.1794
1.801	2.31	0.1571
1.93	0.7373	0.1806
1.988	1.341	0.1803
1.784	1.588	0.1361
1.805	-1.436	0.1587
1.867	2.337	0.203
1.878	-1.366	0.1913
1.938	-2.861	0.1926
1.836	2.302	0.1399
1.904	-1.682	0.1638
1.791	-0.6844	0.1331
1.726	-1.962	0.1748
1.749	3.112	0.1872
1.923	-1.744	0.1986
1.912	3.232	0.1671
1.877	3.445	0.1954
1.905	1.624	0.206
2.044	1.189	0.2196
1.985	-2.828	0.2209
1.958	1.682	0.2211
1.953	-2.27	0.1468
1.978	-2.886	0.17
1.907	-1.423	0.2251
2.009	2.225	0.2412
1.959	3.175	0.1307
1.993	-1.964	0.1496
1.988	3.611	0.1184
1.938	0.3036	0.1726
1.919	1.339	0.1794
1.931	2.868	0.1537
1.909	-0.7433	0.1518
2.022	2.015	0.1588
1.973	1.882	0.1859
1.999	-0.06948	0.1521
2.012	0.3952	0.1783
1.881	0.2783	0.1834
1.509	0.386	0.1414
1.435	0.3215	0.106
0.8991	-0.07389	0.007955
1.972	-4.019	0.1621
1.879	-2.114	0.1649
1.67	-0.7616	0.1335
1.788	0.1708	0.136
1.373	1.377	0.05593
1.873	1.154	0.1641
1.746	-7.021	0.1847
2.044	-0.825	0.215
1.899	3.149	0.1894
1.926	2.126	0.2327
1.879	2.129	0.2386
1.769	-5.055	0.2198
2.079	0.7928	0.2202
2.064	4.456	0.2217
1.945	1.283	0.2284
2.042	2.969	0.2173
2.039	3.124	0.26
2.14	0.9683	0.2371
2.059	2.229	0.2554
2.16	0.8013	0.2155
2.085	0.8849	0.2161
1.876	3.344	0.1981
1.872	2.122	0.2263
1.864	1.173	0.2399
1.992	1.809	0.2567
1.938	0.09161	0.242
1.826	1.921	0.2253
1.887	2.454	0.2085
1.502	-1.131	0.03405
1.773	1.441	0.15
1.851	0.559	0.2505
1.994	0.9819	0.2672
1.249	1.756	-0.06145
1.735	0.64	0.1235
1.621	-1.874	0.1202
1.879	2.973	0.1917
2.056	2.144	0.2413
0.7595	0.2548	-0.06185
0.5015	-0.4323	-0.01696
0.9183	0.3175	-0.01004
1.793	-4.912	0.151
1.813	-3.766	0.1498
1.8	-3.664	0.1499
1.758	-2.829	0.1434
1.761	-3.071	0.1591
1.784	-2.83	0.153
1.813	-3.675	0.1597
1.809	-2.042	0.1905
1.825	-6.252	0.1638
1.728	1.689	0.1333
1.735	2.427	0.1452
1.737	2.347	0.1509
1.789	-0.1424	0.1497
1.81	2.203	0.1866
1.761	-1.627	0.1607
1.727	-2.746	0.1737
1.718	-0.3822	0.2076
1.695	-1.222	0.1869
1.774	-0.04269	0.1994
1.773	-0.6505	0.2082
1.757	1.194	0.1763
1.717	2.754	0.189
1.666	0.1947	0.1954
1.699	3.314	0.2053
1.753	-2.242	0.207
1.654	-4.155	0.2086
1.646	1.93	0.1988
1.64	2.927	0.1992
1.643	0.9439	0.1978
1.643	0.6004	0.1953
1.79	-3.581	0.1595
1.783	-3.523	0.1503
1.809	-3.874	0.1779
1.794	-3.498	0.1675
1.784	-2.677	0.1541
1.766	-0.5743	0.1423
1.741	-1.798	0.1361
1.853	3.36	0.191
1.842	2.265	0.1849
1.81	0.9096	0.1803
1.816	0.6038	0.1775
1.824	-1.232	0.1877
1.842	-1.039	0.1913
1.799	2.104	0.1711
1.721	-0.9721	0.1144
1.734	0.2366	0.1181
1.739	-1.264	0.1317
1.723	-3.685	0.1297
1.78	-0.05817	0.1502
1.741	-0.6598	0.1271
1.719	-1.744	0.1067
1.73	3.082	0.1253
1.74	3.959	0.1143
1.734	3.204	0.1195
1.766	3.338	0.1284
1.805	0.5556	0.1437
1.809	1.623	0.1387
1.853	1.075	0.1727
1.731	3.242	0.09391
1.787	2.882	0.1216
1.82	2.621	0.1337
1.811	3.304	0.1141
1.851	2.681	0.1485
1.732	1.124	0.1216
1.65	-2.655	0.08428
1.775	-0.1434	0.165
1.805	-0.8917	0.1797
1.752	-0.4162	0.1475
1.718	0.3145	0.1512
1.639	0.1624	0.08522
1.697	2.325	0.05683
1.714	2.709	0.05075
1.662	0.5015	0.06474
1.534	-2.679	0.03998
1.526	-0.1781	0.02991
1.464	1.198	-0.04314
1.678	2.869	0.0495
1.564	-3.324	0.08724
1.399	-1.983	-0.02655
1.292	-3.317	-0.08192
1.205	0.08654	-0.0746
1.187	-3.029	-0.1069
1.745	1.312	0.1383
1.726	1.598	0.1448
1.769	2.464	0.1355
1.743	1.129	0.1511
1.733	3.943	0.1476
1.713	3.287	0.1469
1.666	1.591	0.1404
1.753	-1.524	0.1534
1.607	-0.6564	0.1349
1.695	0.1535	0.1563
1.506	0.1249	0.1246
1.338	0.3455	0.07413
1.469	-0.744	0.1031
1.368	-0.2708	0.08872
0.8455	-0.4236	0.01948
1.284	0.09102	0.08242
1.616	2.309	0.146
1.593	1.763	0.1245
1.656	0.113	0.1552
1.467	1.217	0.1279
1.216	-0.5758	0.07073
1.486	2.8	0.09265
0.9371	0.3974	-0.0057
1.219	0.5211	0.05341
1.255	1.788	0.01454
1.022	0.8204	-0.08388
1.696	-2.453	0.1542
1.585	0.6632	0.143
1.837	0.7081	0.1464
1.796	-1.708	0.1559
1.813	-0.6408	0.1667
1.918	0.4342	0.1765
1.87	-0.3614	0.1805
1.758	2.507	0.1083
1.817	2.181	0.1275
1.771	1.814	0.1301
1.742	2.885	0.1053
1.771	0.5013	0.0877
1.895	-8.083	0.08646
1.744	1.385	0.1036
1.904	1.684	0.1647
1.959	2.422	0.1815
1.853	1.85	0.1423
1.824	2.174	0.1405
1.801	2.042	0.1435
1.957	2.451	0.1875
1.982	2.634	0.1952
1.803	1.144	0.1501
1.883	0.8084	0.1763
1.94	1.41	0.1908
1.939	-1.982	0.1919
1.934	1.174	0.1964
1.959	1.426	0.188
1.98	0.4236	0.1894
1.778	0.7133	0.133
1.885	0.1511	0.1655
1.956	1.202	0.1804
1.928	-3.402	0.1797
1.973	0.6578	0.1784
1.807	-0.1806	0.1033
1.865	-8.716	0.1046
1.797	0.6637	0.1419
1.829	1.466	0.1715
1.845	3.446	0.1868
1.892	-1.015	0.1747
1.891	1.542	0.1738
1.816	1.192	0.1464
1.858	0.8788	0.1778
1.834	1.053	0.1865
1.829	3.084	0.1688
1.848	1.757	0.1597
1.817	-0.941	0.1768
1.8	0.1124	0.1641
1.794	0.7035	0.1559
2.01	1.124	0.1823
1.954	0.5386	0.1842
1.925	0.2408	0.1658
2.018	-0.4887	0.1745
2.033	-1.415	0.1826
2.019	0.6637	0.1957
2.017	1.517	0.1836
1.804	1.681	0.1514
1.858	1.18	0.1549
1.793	-0.1171	0.1479
1.785	2.887	0.1469
1.777	2.038	0.1427
1.775	3.367	0.1284
1.785	1.471	0.1561
1.881	-1.109	0.1986
1.963	2.216	0.2056
1.844	-4.123	0.1714
1.824	1.821	0.1823
1.811	0.1946	0.1788
1.901	1.47	0.2068
1.968	2.286	0.1888
1.824	-1.649	0.168
1.852	-3.359	0.1986
1.899	-4.988	0.1992
1.922	0.624	0.1884
1.938	-2.558	0.1893
1.909	3.273	0.176
1.933	3.279	0.1738
1.823	1.809	0.1365
1.866	3.072	0.1677
1.876	-0.9269	0.1535
1.816	2.489	0.1445
1.877	2.409	0.1592
1.791	1.052	0.1277
1.791	4.203	0.1196
1.802	-0.9325	0.1412
1.817	-1.322	0.1456
1.801	-2.866	0.1647
1.76	2.6	0.1432
1.757	-0.1433	0.1602
1.796	2.252	0.124
1.76	0.1722	0.1541
1.766	-5.056	0.1847
1.745	-1.652	0.1878
1.801	2.504	0.1811
1.732	-2.224	0.1983
1.704	2.926	0.1946
1.683	1.728	0.1905
1.918	-2.156	0.1667
1.936	3.581	0.1734
1.893	2.739	0.1832
1.909	0.703	0.172
1.913	-4.289	0.1742
1.912	-4.229	0.2002
1.903	-0.2568	0.1734
1.817	3.42	0.1914
1.86	1.052	0.1914
1.739	-2.715	0.1923
1.762	-2.813	0.1919
1.86	-1.671	0.1997
2.098	1.518	0.2023
2.011	2.794	0.2089
1.965	1.44	0.2169
1.961	-1.571	0.2196
1.932	0.9867	0.2087
2.005	0.9895	0.2164
2.092	2.181	0.2155
2.011	2.27	0.2183
1.965	-1.712	0.2265
2.08	2.815	0.2177
2.027	-1.519	0.2161
1.941	-4.747	0.2157
1.922	-0.6168	0.2212
1.903	-4.141	0.2138
1.941	2.286	0.1685
1.96	0.5835	0.1795
1.931	2.204	0.1776
1.917	0.3592	0.158
1.95	3.352	0.1549
1.935	3.185	0.1365
1.979	-2.947	0.15
1.99	0.2991	0.2364
1.96	2.008	0.2259
1.867	0.5717	0.2122
1.925	0.6943	0.2288
1.994	2.902	0.2459
1.997	3.588	0.2332
2.049	3.266	0.2484
1.957	-0.2171	0.1384
1.939	0.3916	0.1223
1.976	1.714	0.1886
1.996	-2.314	0.1903
2.019	0.6164	0.1891
1.975	3.79	0.1172
1.965	0.5394	0.1214
2.038	1.318	0.1976
1.992	1.964	0.1333
2.008	3.49	0.1187
2.008	0.8719	0.1299
2.022	0.9079	0.1232
1.933	-0.1411	0.1763
1.924	0.4262	0.1895
1.977	0.05005	0.1762
1.98	-0.7547	0.1765
1.933	-0.257	0.1721
1.924	1.907	0.1729
1.932	0.599	0.172
1.964	3.3	0.1685
1.967	-1.594	0.1665
1.974	-3.06	0.1776
1.976	3.616	0.1604
1.941	1.108	0.15
1.915	1.074	0.1694
1.921	2.34	0.1716
1.939	-3.178	0.1631
1.91	-0.188	0.1505
1.926	2.7	0.1383
1.948	2.56	0.1546
1.975	3.273	0.1741
1.95	3.282	0.1346
1.998	3.752	0.136
2.035	1.028	0.1399
1.934	3.364	0.1937
1.952	3.641	0.1754
1.941	3.081	0.184
1.966	3.155	0.1957
1.974	1.485	0.1937
2.028	0.8023	0.176
1.99	2.383	0.1776
2.013	-0.5926	0.1408
2.04	-0.8632	0.1574
2.027	-1.117	0.1714
1.937	-1.424	0.1615
1.944	-1.124	0.1749
1.969	-0.337	0.1859
1.923	-0.5944	0.1876
1.985	0.04744	0.1801
1.967	1.035	0.1818
1.853	-3.584	0.176
1.81	-1.907	0.1789
1.645	-0.2894	0.1534
1.758	-3.906	0.1718
1.676	-1.613	0.1596
1.44	-0.5149	0.1222
1.324	0.4164	0.09262
1.271	0.3917	0.06831
1.613	-1.029	0.138
1.391	-0.5025	0.1128
1.192	0.7605	0.05482
1.178	0.5113	0.05296
0.7865	-0.2369	0.0005169
1.941	-2.547	0.1514
1.768	-0.5644	0.1585
1.996	0.2467	0.1372
1.975	-1.337	0.1433
1.949	-3.953	0.1648
1.968	1.037	0.1851
1.912	0.8209	0.173
1.491	-0.4499	0.1194
1.322	0.7677	0.07617
1.664	-0.1521	0.1424
1.788	-0.08076	0.1505
1.845	-1.597	0.1667
1.486	0.8655	0.09943
1.096	0.2009	0.03191
1.903	-1.705	0.1735
1.76	0.5431	0.1471
1.672	-0.285	0.1075
1.688	1.33	0.1263
1.553	0.9533	0.09353
1.757	0.633	0.1503
1.73	-3.6	0.1618
1.954	-0.8287	0.1806
1.843	0.8863	0.1523
1.77	-0.3082	0.1641
1.768	-3.34	0.1771
1.747	-6.538	0.1974
2.002	0.8993	0.1966
1.995	-0.7735	0.2038
1.992	-3.519	0.1575
2.027	1.916	0.201
2.066	-0.4427	0.2244
1.891	3.304	0.1748
1.776	-5.417	0.191
2.001	0.03092	0.1901
2.023	0.742	0.2019
2.024	2.21	0.2145
1.832	-2.401	0.2011
1.836	-0.8057	0.2315
1.911	2.952	0.2062
1.829	-5.006	0.2079
1.891	2.851	0.224
1.743	3.134	0.2055
1.707	-0.3879	0.1792
1.841	0.962	0.2239
1.773	1.303	0.211
1.815	-1.767	0.2283
1.865	-4.995	0.261
1.805	-5.626	0.2401
2.035	3.607	0.2349
1.941	3.39	0.2363
1.939	1.697	0.2301
2.038	2.245	0.2338
2.104	2.045	0.2123
2.162	2.126	0.1971
2.106	1.987	0.1905
1.937	-2.081	0.2515
1.898	-0.8355	0.2632
1.962	1.319	0.2392
2.013	2.559	0.218
2.041	3.634	0.1976
1.942	-0.792	0.2477
1.975	1.45	0.2676
2.072	1.863	0.2036
1.979	2.685	0.2131
2.026	3.133	0.2344
2.059	3.587	0.2326
2.049	3.325	0.2536
2.077	1.504	0.2391
2.057	2.644	0.2533
2.15	1.364	0.2123
2.091	2.364	0.227
2.084	1.93	0.2494
2.06	-0.3475	0.2457
2.04	2.41	0.2554
2.131	0.609	0.2132
2.198	0.9888	0.2004
1.995	-2.525	0.2251
2.052	-0.3539	0.2211
2.105	2.717	0.2182
2.098	-1.062	0.2346
2.043	0.6879	0.2264
2.199	-6.813	0.2209
2.125	1.072	0.2207
2.125	1.769	0.2085
2.016	-2.197	0.2045
1.997	-2.56	0.214
2.071	0.5103	0.1986
1.884	1.445	0.1914
1.721	-4.91	0.1937
1.846	1.781	0.1996
1.818	1.28	0.2118
1.882	1.941	0.2465
1.889	2.374	0.2487
1.865	0.532	0.2363
1.791	1.093	0.2226
1.774	2.548	0.2257
1.927	0.0353	0.2458
1.967	2.23	0.2512
1.926	1.869	0.2437
2.021	-0.03999	0.2655
2.038	1.775	0.2609
2.001	1.826	0.2569
1.961	0.7374	0.2407
1.854	1.357	0.2345
1.737	3.881	0.2241
1.908	0.9237	0.2415
1.909	0.8813	0.234
1.949	0.9746	0.2229
1.707	0.4598	0.2163
1.852	1.801	0.2101
1.709	-2.401	0.2056
1.879	1.29	0.199
1.888	3.097	0.1635
1.887	1.337	0.185
1.889	0.9095	0.225
1.887	1.071	0.2492
1.603	1.65	0.05196
1.831	2.562	0.1343
1.235	-0.5613	-0.07123
1.382	2.227	-0.03344
1.63	1.418	0.07724
1.695	-0.5816	0.1413
1.755	-0.6882	0.1862
1.887	0.7245	0.2421
1.893	0.1949	0.2537
1.872	-1.508	0.1907
1.826	-1.218	0.2248
1.828	1.056	0.2327
1.916	0.6847	0.2497
1.92	-3.503	0.2357
1.924	0.42	0.2452
1.986	-1.657	0.2628
2.024	2.016	0.269
1.114	-0.6001	-0.09805
1.423	0.1527	-0.005097
1.246	4.179	-0.0529
1.584	-0.03241	0.04322
1.515	-0.2371	0.0132
1.629	-0.8495	0.09788
1.767	-2.655	0.1725
1.569	-1.457	0.05538
1.753	-2.529	0.1659
1.684	-0.06149	0.1135
1.617	-0.3195	0.1338
1.723	-6.114	0.1902
1.787	-3.209	0.2173
1.886	2.615	0.2284
1.928	0.6145	0.1922
1.923	0.04139	0.2199
1.886	0.6999	0.1577
2.018	2.068	0.2096
2.015	1.286	0.2573
2.028	1.851	0.2625
2.069	3.168	0.2695
2.045	2.945	0.2714
0.9715	1.135	-0.1049
0.6581	-0.0993	-0.05143
0.8247	0.8444	-0.07497
1.053	2.143	-0.07154
0.9361	1.17	-0.04979
0.5394	-0.5639	-0.009844
0.4721	-0.4124	-0.03039
0.8471	-0.3049	0.006243
0.5548	-0.5718	-0.006473
0.6324	-0.3703	-0.009287
0.7593	0.1448	-0.03088
1.116	0.7769	-0.02894
0.6004	-0.2202	-0.0376
0.673	-0.2614	-0.01713
0.8191	-0.1679	-0.004497
1.25	-0.03612	0.02188
1.1	0.6187	0.01547
1.461	0.2797	0.06072
