1.612	0.3348	0.06733
1.92	-0.1929	0.1614
2.163	-2.674	0.1686
2.147	0.9591	0.2189
1.893	0.1971	0.2204
1.944	0.409	0.2587
1.935	0.05154	0.2374
1.896	2.85	0.2329
2.111	0.7899	0.2172
2.071	1.779	0.2189
1.465	-0.3346	-0.07517
2.273	0.752	0.2194
2.045	-3.201	0.1682
2.301	-0.664	0.2261
2.097	-4.983	0.2057
2.162	-0.9677	0.2066
2.059	-2.295	0.1146
1.918	0.2815	0.1329
2.257	2.294	0.1735
1.877	-0.1564	0.2012
1.373	0.02719	-0.04395
1.883	0.7276	0.2717
1.804	1.402	0.2054
2.19	-0.03378	0.2139
2.042	0.955	0.1876
2.051	-0.1988	0.1913
2.106	1.286	0.2256
2.126	0.8851	0.2544
2.061	-1.668	0.2452
2.1	1.685	0.2395
2.197	-3.509	0.2312
1.928	1.986	0.216
1.891	-1.026	0.139
1.964	-0.8307	0.1659
1.211	-0.6524	0.01776
1.93	-2.351	0.2293
1.831	1.815	0.2829
1.932	-0.05163	0.1917
2.135	-1.198	0.2857
2.413	0.828	0.2656
2.083	-0.9694	0.187
1.615	-1.043	0.021
2.157	-2.121	0.1412
2.075	-2.091	0.197
2.174	-4.985	0.1733
2.1	2.47	0.2137
2.3	-0.31	0.2248
2.088	2.851	0.2217
2.083	2.317	0.2267
2.176	-1.753	0.2186
2.088	0.8944	0.2236
2.166	-3.651	0.1699
2.158	-0.978	0.1385
2.012	-0.03314	0.2561
2.055	1.611	0.2086
2.125	-2.216	0.1847
2.045	-3.862	0.1387
2.134	2.155	0.2041
2.135	2.716	0.1458
2.348	1.442	0.2219
1.949	0.1881	0.2192
2.056	-1.787	0.08053
2.116	3.258	-0.0008937
1.689	-0.3126	0.01253
2.122	2.903	-0.0005057
1.873	2.293	0.2519
1.844	2.405	0.1913
1.709	0.9148	0.1325
1.302	-0.5107	-0.00527
1.66	-1.339	0.1037
1.722	2.108	0.09394
1.394	0.3118	-0.09142
1.849	0.9173	0.2101
1.762	-2.277	0.1544
1.879	2.141	0.2798
1.852	2.232	0.2633
1.825	2.168	0.2535
1.945	-0.3569	0.2488
1.783	0.9589	0.2224
2.153	0.8162	0.2359
2.047	0.9341	0.2217
2.045	1.1	0.2606
2.188	2.351	0.2187
2.131	2.117	0.1858
2.115	0.1638	0.201
1.96	-0.7137	0.2045
2.119	0.8549	0.179
2.099	0.1825	0.1936
2.039	1.793	0.1986
2.053	0.4313	0.2143
2.065	-3.372	0.2164
2.053	1.567	0.195
2.077	-0.7331	0.201
2.092	0.8156	0.1938
2.08	0.2082	0.2352
2.12	1.675	0.2249
2.089	0.7858	0.2203
2.082	1.81	0.2273
2.193	-3.926	0.2374
2.141	1.536	0.2305
2.094	1.258	0.238
1.997	-2.545	0.2498
2.034	-0.9159	0.2349
2.091	0.5396	0.2543
2.136	-1.727	0.2415
2.012	1.543	0.2409
2.05	0.7162	0.2543
2.106	3.216	0.2422
2.109	-1.856	0.218
2.123	2.459	0.2278
1.909	-0.03215	0.1975
1.836	0.4303	0.2013
2.078	1.143	0.2116
2.038	1.059	0.2166
2.065	1.488	0.2266
1.825	2.052	0.2047
2.087	-0.5928	0.1895
1.958	0.36	0.2152
1.872	-0.3611	0.1779
1.629	-0.163	0.09212
1.631	0.01419	0.04945
1.18	-0.7616	-0.004836
2.054	-3.292	0.1823
1.861	-1.3	0.1141
1.695	-1.231	0.07669
1.907	-0.4478	0.1538
1.636	0.5649	0.07064
2.055	1.26	0.1979
1.934	-4.34	0.2073
2.089	-1.095	0.2219
2.066	2.418	0.2251
1.918	1.443	0.2476
1.848	2.081	0.2011
1.942	-5.481	0.2186
1.88	-0.7111	0.2734
1.814	1.688	0.2426
1.81	1.271	0.2023
1.909	1.63	0.2574
1.871	4.845	0.1843
1.952	0.8677	0.2918
1.977	1.982	0.2805
1.981	0.3846	0.2811
2.086	0.3771	0.2763
2.317	1.147	0.2453
2.464	0.04637	0.2338
2.568	-0.004732	0.2511
2.011	0.5889	0.2774
2.23	1.464	0.2916
2.464	1.621	0.2555
2.467	0.8815	0.2348
1.896	1.56	0.09365
2.347	1.356	0.187
2.2	1.339	0.2478
1.913	1.13	0.234
1.473	1.402	-0.03656
2.021	-1.998	0.1184
1.864	-1.974	0.1263
1.946	2.865	0.1725
1.942	0.9714	0.1904
1.174	0.05237	-0.08054
1.065	-0.6566	-0.04446
1.227	-0.2273	0.007256
2.176	-5.306	0.1549
2.17	-4.302	0.1534
2.169	-3.893	0.1713
2.096	-2.633	0.1428
2.058	-3.213	0.1848
2.105	-3.433	0.1557
2.115	-4.223	0.1659
2.089	-1.89	0.204
2.129	-5.941	0.1826
2.043	1.654	0.1964
2.087	2.937	0.2186
2.05	1.396	0.207
2.19	0.01604	0.2257
2.284	0.5779	0.2223
2.189	-0.376	0.2264
2.189	0.5474	0.225
2.31	-1.198	0.227
2.172	1.719	0.2215
2.076	-0.7725	0.2232
2.077	-1.352	0.2217
2.065	0.8962	0.2172
2.09	2.623	0.2263
2.152	2.453	0.2177
2.078	1.775	0.2244
2.083	-1.199	0.2237
2.215	-1.642	0.2219
2.127	2.245	0.216
2.123	1.798	0.217
2.156	-0.1232	0.218
2.118	2.347	0.2192
2.164	-3.096	0.1667
2.177	-4.19	0.1479
2.188	-4.457	0.1841
2.184	-3.54	0.1724
2.178	-3.187	0.1523
2.159	-1.52	0.133
2.083	-2.016	0.1301
2.098	3.373	0.2327
2.08	3.127	0.2263
2.145	0.05206	0.201
1.975	-0.1477	0.2614
2.001	-0.672	0.2436
2.043	0.1868	0.2411
2.076	1.02	0.2002
2.054	-2.42	0.1202
2.067	-1.434	0.126
2.099	-1.496	0.126
2.042	-3.699	0.1525
2.162	-1.045	0.1568
2.102	-1.042	0.1296
2.052	-3.112	0.1291
2.05	2.088	0.1879
2.075	2.672	0.173
2.058	2.315	0.1817
2.117	2.231	0.2089
2.196	0.2525	0.2238
2.21	0.2646	0.2169
2.316	1.06	0.2178
2.086	2.61	0.1413
2.16	1.794	0.1886
2.222	0.7972	0.1992
2.217	0.5251	0.1609
2.33	2.867	0.2114
2.045	-2.03	0.1302
2.062	-1.563	0.08659
1.937	0.5295	0.2422
2.019	-0.1011	0.2163
2.039	0.8781	0.1672
1.937	-0.02737	0.181
2.032	-2.094	0.1125
2.119	3.407	0.07408
2.147	2.999	0.06596
2.115	3.202	0.08439
2.068	-0.7019	0.04389
2.032	-2.3	0.07023
2.149	3.329	-0.02125
2.192	2.203	0.08401
1.831	0.1949	0.08196
2.053	-0.1146	0.01169
1.806	0.1887	-0.04693
1.531	-3.363	-0.07511
1.607	-3.187	-0.06018
1.906	0.9972	0.2611
1.887	1.488	0.2424
1.896	2.49	0.2332
1.868	0.3193	0.2006
1.886	3.061	0.2274
1.87	2.809	0.2183
1.825	0.2356	0.1752
1.775	-2.72	0.1617
1.7	0.06103	0.1157
1.774	-0.8617	0.1534
1.682	1.045	0.1019
1.468	-0.06584	0.0343
1.637	-0.8478	0.07969
1.589	-0.5039	0.05229
1.214	-0.5435	-0.03068
1.524	0.2495	0.03833
1.779	2.699	0.1476
1.8	0.6317	0.1284
1.766	0.1079	0.1508
1.65	-0.6008	0.097
1.508	-0.7739	0.03027
1.758	1.701	0.06714
1.334	0.3959	-0.06835
1.54	0.2692	0.01062
1.574	0.5517	-0.03552
1.433	-0.4998	-0.1002
1.755	-0.05125	0.1443
1.661	-0.3399	0.1129
1.873	1.049	0.2111
1.813	-1.953	0.1752
1.799	-0.305	0.1823
1.821	0.9285	0.2111
1.806	0.6435	0.1869
1.859	2.544	0.2597
1.882	1.793	0.238
1.921	1.057	0.2713
1.869	2.445	0.2743
1.844	1.368	0.2766
1.862	0.9403	0.2786
1.845	1.785	0.2764
1.839	1.957	0.2353
1.814	1.937	0.2234
1.856	1.885	0.2393
1.843	2.284	0.2631
1.849	0.8917	0.2711
1.793	2.194	0.2374
1.785	2.663	0.2138
1.887	0.4594	0.2625
1.852	0.8133	0.2566
1.841	0.3193	0.24
1.88	-0.2055	0.2351
1.847	-0.1055	0.2235
1.984	-0.3704	0.2341
1.923	-0.2831	0.2252
1.97	0.3889	0.257
1.998	-0.3184	0.2442
2.114	0.3302	0.2267
2.201	0.1469	0.2248
2.159	-0.0377	0.2172
1.914	2.513	0.2751
1.943	1.47	0.2684
1.953	1.337	0.2728
2.031	2.091	0.2623
2.126	2.268	0.2368
2.168	0.4501	0.2326
2.208	1.361	0.2186
2.048	0.9223	0.2485
2.151	1.303	0.2371
2.175	0.5789	0.2127
2.154	1.291	0.2007
2.153	2.681	0.2044
2.168	-0.6981	0.1934
2.14	1.578	0.1792
2.148	-0.8463	0.1728
1.936	-0.3074	0.2148
1.921	-0.7817	0.2108
2.164	-0.3847	0.2049
2.099	0.9601	0.2101
1.999	-0.3129	0.2053
2.105	-0.2202	0.1949
2.046	0.01165	0.1945
2.127	2.12	0.1876
2.143	1.717	0.2003
2.153	-1.338	0.1745
2.121	1.361	0.177
2.087	2.265	0.185
2.069	3.045	0.1817
2.058	0.4332	0.1949
2.092	0.3593	0.1914
2.038	2.109	0.1911
2.117	-0.3986	0.1971
2.064	-0.6453	0.1963
2.041	-0.2337	0.202
2.037	-0.8409	0.2075
2.045	1.515	0.2026
2.046	0.01415	0.2004
2.044	-3.281	0.2082
2.06	-4.199	0.2199
2.063	1.075	0.2183
2.073	-1.059	0.2248
2.059	2.197	0.2056
2.069	3.291	0.2078
2.037	4.597	0.1851
2.046	4.005	0.1988
2.068	0.7508	0.2005
2.077	2.156	0.2208
2.095	0.8044	0.2145
2.105	1.048	0.183
2.056	2.964	0.181
2.152	-2.066	0.181
2.144	-1.376	0.1899
2.113	-1.283	0.2056
2.074	1.949	0.2245
2.087	1.118	0.2345
2.055	2.27	0.1876
2.075	1.239	0.2201
2.09	-2.493	0.2256
2.099	-3.292	0.2332
2.112	-0.6161	0.2281
2.087	-3.802	0.2282
2.1	0.725	0.2246
2.127	2.391	0.2196
2.074	-0.7233	0.2074
2.072	2.995	0.2177
2.106	1.676	0.218
2.086	0.08203	0.2115
2.074	-1.399	0.2254
2.079	-3.202	0.2321
2.075	0.7786	0.2481
2.139	0.1621	0.2256
2.119	2.327	0.2226
2.16	0.1055	0.2253
2.147	1.172	0.2258
2.172	-0.7619	0.2357
2.19	-0.6254	0.2505
2.163	0.4426	0.2459
2.101	-0.769	0.2328
2.077	-1.126	0.2366
2.11	0.2956	0.2247
2.124	1.305	0.2366
2.09	1.693	0.245
2.065	-0.3983	0.2343
2.061	1.228	0.2367
2.05	0.4433	0.2533
2.054	-0.2476	0.2415
2.015	-2.82	0.2355
1.952	-0.7837	0.2433
1.976	-0.3853	0.2329
2.107	2.353	0.2372
2.085	0.702	0.2298
2.05	1.322	0.2669
2.089	0.9975	0.2502
2.15	2.124	0.2533
2.16	0.8465	0.2479
2.184	-3.426	0.2414
2.053	1.193	0.2413
2.055	-0.8244	0.2501
1.964	0.9102	0.2325
2.027	0.7101	0.2402
2.033	1.557	0.2457
2.067	1.916	0.2427
2.065	1.502	0.2516
2.094	1.625	0.2515
2.162	0.1249	0.242
2.052	1.306	0.2699
2.063	1.479	0.2585
2.083	2.023	0.2459
2.152	2.442	0.2327
2.156	1.424	0.2277
2.111	0.6681	0.2427
2.122	1.558	0.2264
2.13	1.179	0.2239
2.115	-0.0826	0.2148
2.103	1.127	0.2257
1.9	-0.8752	0.1995
1.849	-0.09017	0.2087
2.028	-0.9041	0.1892
1.916	-0.9407	0.1956
1.867	-0.06705	0.2
1.885	0.3622	0.2072
1.843	0.7032	0.2058
2.075	0.8685	0.2162
2.056	0.9382	0.2006
2.094	-3.869	0.2276
2.118	-0.4232	0.2264
2.121	0.7292	0.2253
2.006	-0.2754	0.2058
1.976	0.934	0.2151
2.048	-2.465	0.1993
2.068	0.4422	0.2105
2.103	0.8052	0.2244
2.025	2.269	0.2214
1.981	2.262	0.2229
2.074	1.73	0.2222
2.071	1.912	0.228
2.107	0.7652	0.2275
1.794	0.8947	0.2089
1.872	2.44	0.212
1.808	2.053	0.2043
1.794	2.508	0.2073
1.8	1.469	0.2034
2.018	1.294	0.2227
1.921	2.026	0.2216
2.11	0.7706	0.2076
2.086	0.05276	0.2205
2.041	-0.155	0.2071
1.997	-2.023	0.168
1.912	-2.06	0.188
1.83	1.712	0.2008
1.806	1.157	0.1896
1.88	1.062	0.2127
1.94	0.2011	0.1964
1.854	-2.64	0.1632
1.795	-1.58	0.1635
1.746	-0.4843	0.1192
1.752	-2.132	0.1367
1.703	-0.5781	0.1192
1.609	0.02112	0.07099
1.534	0.1396	0.03581
1.428	-0.1617	0.01774
1.778	-0.6176	0.09445
1.642	-0.1801	0.06982
1.454	-0.1741	0.0225
1.373	-0.3897	0.02442
1.121	-0.7957	0.01093
1.986	-1.382	0.1531
1.831	-1.081	0.1127
2.102	-0.1588	0.2017
2.06	-0.7563	0.1793
1.989	-3.559	0.1517
2.025	-0.63	0.1764
1.913	-0.9174	0.1342
1.624	-0.283	0.04903
1.447	-0.2456	0.04257
1.719	-0.8063	0.08345
1.805	-0.488	0.09258
1.842	-0.7999	0.1235
1.591	-0.09994	0.07441
1.335	-0.4502	0.0374
1.936	-1.566	0.1633
1.775	-0.939	0.1206
1.779	-0.1253	0.1139
1.91	0.9896	0.1484
1.859	0.7894	0.119
1.955	0.5069	0.1775
1.935	-2.642	0.1859
2.044	-0.9524	0.1917
2.004	0.445	0.1798
1.982	0.5809	0.1968
1.996	-0.9888	0.2107
1.932	-3.654	0.2177
2.069	0.3164	0.2084
2.05	-0.9616	0.1982
2.092	-3.083	0.2057
2.094	0.3381	0.2316
2.114	-0.7286	0.2358
2.064	2.421	0.2125
1.99	-2.656	0.2211
2.089	-0.4383	0.2111
2.113	0.1435	0.2265
2.111	1.821	0.2366
1.997	-0.9882	0.23
1.908	0.2954	0.2429
2.046	2.058	0.234
1.954	1.439	0.232
1.902	2.128	0.2419
1.91	0.805	0.2114
1.938	-2.752	0.1903
1.867	1.888	0.2209
1.884	2.6	0.215
1.895	-0.9844	0.2126
1.89	-2.511	0.1923
1.931	-4.603	0.2135
1.855	2.762	0.2543
1.853	2.387	0.2391
1.9	0.401	0.2558
1.872	1.774	0.2608
1.833	1.245	0.2661
1.843	1.086	0.2791
1.798	2.281	0.2665
1.818	1.892	0.1821
1.88	-2.2	0.1783
1.809	0.6002	0.2063
1.777	2.33	0.2179
1.798	2.823	0.2549
1.873	1.713	0.1879
1.912	2.154	0.1782
1.886	2.061	0.2774
1.861	1.744	0.2361
1.877	3.3	0.2092
1.904	3.305	0.2327
1.876	3.746	0.2104
1.944	1.848	0.2698
1.923	2.72	0.2564
1.871	1.465	0.2888
1.922	1.396	0.287
1.948	1.583	0.2876
2.014	1.023	0.2916
2.04	0.9518	0.2904
1.912	-0.9408	0.281
1.871	0.9553	0.2882
1.937	-1.366	0.2621
1.991	-1.121	0.2682
2.062	0.6751	0.2673
2.013	0.404	0.2865
2.103	0.5305	0.2818
1.946	0.000913	0.2884
2.062	0.4	0.2797
2.141	1.034	0.2657
2.219	-1.736	0.2638
2.251	-2.407	0.2702
2.197	0.5126	0.2555
2.228	-2.524	0.2407
2.211	-4.168	0.2274
2.376	1.003	0.2209
2.386	0.8494	0.225
2.534	0.3913	0.2505
2.501	1.039	0.2637
2.529	-0.5119	0.24
2.486	0.5372	0.2327
2.477	0.3794	0.2371
2.138	1.647	0.2818
2.027	1.117	0.2901
2.33	1.707	0.2851
1.936	2.135	0.2579
2.064	1.148	0.2767
2.101	1.49	0.2911
2.159	0.0551	0.2894
2.556	0.3592	0.2542
2.415	1.968	0.2389
2.455	0.6044	0.2778
2.37	0.133	0.2805
2.313	-0.486	0.2752
2.306	0.4999	0.237
2.389	2.038	0.2508
2.243	-2.569	0.233
2.384	0.9045	0.2255
2.34	1.766	0.2188
2.392	1.57	0.2308
2.448	0.7018	0.2371
2.435	1.454	0.2511
2.241	2.574	0.1086
2.313	0.7233	0.1805
1.502	0.2085	-0.0172
1.914	1.372	0.04591
2.088	-0.07621	0.145
2.131	-1.337	0.1588
2.224	0.6836	0.1914
2.38	0.5964	0.2431
2.323	0.818	0.2588
2.417	1.081	0.2269
2.202	0.9243	0.2198
2.095	1.089	0.219
2.143	1.783	0.2678
2	-0.8844	0.2157
2.052	0.9823	0.2448
1.963	0.3998	0.2573
1.907	2.123	0.2347
1.415	-1.189	-0.06489
1.674	0.09268	0.04113
1.584	0.8297	-0.02591
1.913	-0.4536	0.06938
1.921	-0.08245	0.04908
2.087	-3.258	0.115
2.06	-2.727	0.1577
1.718	-2.03	0.07676
1.929	-1.547	0.1576
1.896	-0.4983	0.1107
1.909	-0.3728	0.149
1.948	-5.854	0.1908
1.948	-2.562	0.2069
1.95	1.958	0.2003
1.983	0.2698	0.1613
1.981	0.5973	0.1907
1.969	1.294	0.135
1.955	2.049	0.1757
1.945	2.888	0.1896
1.92	1.39	0.212
1.909	2.402	0.1889
1.885	2.838	0.2092
1.319	0.4625	-0.09395
1.212	0.09352	-0.09344
1.238	0.7946	-0.1013
1.325	1.92	-0.07133
1.324	0.8729	-0.04001
1.094	-0.7131	-0.0519
1.128	-0.4967	-0.07811
1.146	-0.8055	-0.01235
1.04	-0.8107	-0.0195
1.087	-0.7261	-0.01237
1.176	-0.1829	-0.04365
1.418	0.2856	-0.002062
1.11	-0.3886	-0.06613
1.118	-0.5094	-0.02435
1.157	-0.5934	0.006346
1.553	0.3163	0.04931
1.374	0.159	0.03986
1.709	-0.4421	0.08615
1.525	0.276	0.04633
1.726	-1.448	0.1445
1.922	-2.383	0.1602
1.944	0.6923	0.2194
1.815	0.4131	0.2405
1.865	0.9639	0.2545
1.932	1.243	0.2276
2.266	2.148	0.26
2.151	0.4147	0.2277
1.863	1.624	0.193
1.176	-1.019	-0.0743
2.216	1.401	0.2032
1.919	-3.044	0.1525
1.962	-2.197	0.2019
1.957	-5.334	0.1892
1.933	0.71	0.1862
1.783	-2.565	0.09675
1.723	-0.1874	0.1568
2.025	2.427	0.2053
1.959	1.003	0.1835
0.982	-0.387	-0.009931
1.817	0.715	0.2481
1.952	0.2064	0.2016
2.019	-1.154	0.2046
1.909	-0.4478	0.1981
1.883	-0.4264	0.208
1.925	2.339	0.1986
2.023	1.047	0.2034
1.996	0.5531	0.2042
2.063	1.361	0.251
2.001	-2.862	0.2079
1.997	1.849	0.2301
1.825	-2.698	0.1409
1.892	-1.693	0.1877
0.9004	-0.4092	0.001552
1.821	-3.676	0.2367
2.228	1.959	0.2292
2.259	1.32	0.228
2.214	-0.9401	0.2097
2.132	0.5131	0.2146
1.883	-3.337	0.1465
1.508	-2.787	-0.03759
1.921	-2.594	0.1256
1.962	-2.413	0.1846
1.963	-5.206	0.1604
2.052	1.985	0.1751
2.153	0.6011	0.205
1.993	2.42	0.1975
1.955	3.182	0.2302
1.917	-1.842	0.2041
1.944	2.825	0.2325
1.907	-5.47	0.1536
1.848	-0.7995	0.1222
1.93	0.7123	0.2301
1.869	0.9382	0.2027
1.847	-2.537	0.1643
1.861	-3.776	0.1241
2.062	1.639	0.169
1.949	3.227	0.1379
2.186	1.53	0.2238
1.852	-0.0288	0.2345
1.681	-1.994	0.09479
1.656	-1.221	0.01124
1.471	-0.05112	0.05
1.447	0.7257	0.006314
1.812	2.322	0.2472
1.893	2.435	0.202
1.759	-0.9315	0.09214
1.134	-0.5902	-0.01083
1.708	-0.7339	0.09812
1.712	1.688	0.1243
1.031	1.489	-0.03635
1.965	-0.1785	0.1804
1.835	-3.518	0.1194
1.824	1.505	0.2605
1.863	2.16	0.2399
1.878	1.946	0.2375
1.828	0.1941	0.2418
1.837	1.655	0.2371
1.889	0.8252	0.233
1.871	1.071	0.2357
1.902	1.183	0.2341
1.982	1.971	0.1979
1.962	1.894	0.1705
1.939	-0.005671	0.211
1.846	-0.6923	0.2353
1.942	1.41	0.1827
1.984	0.1435	0.1817
1.884	1.154	0.1955
1.865	-0.303	0.2074
1.877	-2.686	0.2128
1.916	1.938	0.1919
1.883	-2.724	0.1761
1.945	0.5803	0.1953
1.903	-2.348	0.2076
1.97	2.189	0.229
1.979	1.565	0.1931
1.912	1.375	0.1677
1.985	-1.428	0.2171
2.045	1.02	0.2182
2.03	0.884	0.2082
1.955	-0.13	0.2137
1.978	0.4737	0.2191
1.986	-2.405	0.1815
1.894	-1.238	0.1995
1.93	2.099	0.2394
2.026	0.3519	0.2312
2.04	3.222	0.2238
2.101	-1.755	0.2364
2.126	3.299	0.224
1.923	-0.2602	0.22
1.835	0.8773	0.2347
1.93	1.955	0.2104
2.017	0.9355	0.2277
2.148	1.555	0.2343
1.96	1.32	0.2236
2.041	-0.4698	0.1977
2.057	-0.7943	0.2129
1.928	-0.6752	0.1708
1.558	0.1459	0.09908
1.541	0.0795	0.06459
1.081	-0.2361	0.004264
2.039	-2.622	0.2129
1.839	-1.457	0.1458
1.56	-0.8336	0.08259
1.75	0.4344	0.1464
1.424	1.371	0.0436
1.913	1.985	0.2048
1.79	-4.05	0.2036
2.067	0.138	0.2423
1.921	2.134	0.232
1.908	1.847	0.2485
2.013	2.726	0.2216
1.893	-3.426	0.1881
2.036	-0.417	0.2477
2.127	2.644	0.2522
2.332	0.965	0.2461
2.357	2.645	0.2521
2.278	3.505	0.2478
2.257	0.6438	0.2225
2.366	1.884	0.2381
2.112	-3.201	0.2244
2.076	0.1969	0.2064
2.004	1.549	0.2063
2.252	0.6962	0.2246
2.17	0.5851	0.2217
2.224	0.9454	0.2372
2.253	-1.071	0.2201
2.07	0.2821	0.2128
2.159	1.73	0.2394
1.48	-0.516	0.05018
1.847	0.1829	0.1862
1.948	1.444	0.2018
2.145	1.204	0.238
1.276	1.151	-0.06455
1.888	-1.228	0.08651
1.706	-1.898	0.09894
2.033	2.782	0.1603
2.199	2.163	0.2019
0.7861	-0.03972	-0.07232
0.4978	-0.7194	-0.02499
0.9524	0.07757	-0.005574
1.922	-5.421	0.1414
1.947	-4.06	0.1385
1.931	-3.681	0.1625
1.916	-2.885	0.1283
1.946	-2.857	0.1718
1.943	-3.007	0.1397
1.968	-3.169	0.1482
1.968	-2.76	0.1897
1.977	-6.132	0.1623
1.957	2.247	0.1685
2.016	2.596	0.1852
1.963	1.922	0.1865
2.162	0.5117	0.1899
2.23	1.124	0.2049
2.129	-0.5147	0.1919
2.066	-2.145	0.1954
2.055	-1.42	0.2033
1.997	-0.3434	0.1997
1.969	-0.2517	0.2229
1.96	-1.015	0.2261
1.967	1.377	0.2073
1.971	2.957	0.2186
1.946	0.5527	0.2055
1.944	2.86	0.2318
1.938	-1.179	0.2221
1.922	-3.492	0.1997
1.925	1.307	0.211
1.937	2.018	0.2189
1.935	0.05601	0.2136
1.946	1.708	0.2256
1.913	-3.7	0.1547
1.896	-3.823	0.1325
1.917	-3.73	0.1648
1.882	-3.027	0.154
1.882	-3.028	0.1352
1.886	-1.576	0.1184
1.879	-2.621	0.1169
1.962	3.177	0.2061
1.925	2.807	0.2033
1.904	0.3943	0.1802
1.891	0.6292	0.2467
1.895	-0.8702	0.2367
1.915	0.05072	0.2255
1.854	1.861	0.1842
1.754	-1.724	0.1201
1.769	-0.9933	0.1171
1.84	-2.306	0.1142
1.887	-4.002	0.1347
1.845	0.1361	0.1391
1.804	-1.439	0.1184
1.836	-3.438	0.1096
1.948	2.546	0.1575
1.914	2.549	0.1397
1.929	2.366	0.1485
2.074	1.739	0.1722
2.159	3.593	0.1905
2.132	1.975	0.1929
2.204	1.524	0.208
1.877	2.133	0.1121
2.019	2.312	0.163
2.085	1.385	0.1922
1.977	1.916	0.1698
2.121	2.158	0.2263
1.783	0.9666	0.1363
1.726	-2.984	0.09257
1.859	0.3211	0.2494
1.875	-0.9592	0.22
1.829	-0.9385	0.1719
1.83	0.246	0.2034
1.662	0.1009	0.1177
1.801	1.348	0.08373
1.873	3.135	0.09685
1.77	0.3634	0.08517
1.659	-2.684	0.05833
1.602	-0.2505	0.07094
1.59	0.1271	-0.003406
1.872	3.443	0.1133
1.637	-2.082	0.1129
1.489	-1.831	0.01547
1.37	-3.304	-0.03954
1.271	-0.1619	-0.05285
1.257	-2.584	-0.0671
1.827	1.866	0.2591
1.816	1.939	0.2481
1.894	2.687	0.2239
1.937	0.4562	0.1968
1.859	2.963	0.2269
1.837	2.725	0.2333
1.834	1.397	0.2077
1.885	-1.613	0.1278
1.702	-1.356	0.08915
1.895	-0.2045	0.1376
1.609	0.7418	0.06516
1.484	0.2999	0.01441
1.615	0.182	0.0479
1.556	0.009577	0.04497
0.9564	-0.7802	-0.01105
1.52	-0.2103	0.05217
1.851	2.384	0.17
1.78	0.8787	0.1704
1.877	-0.4288	0.1549
1.713	-0.7937	0.1094
1.423	-0.03721	0.04992
1.651	3.127	0.1123
1.005	0.4623	-0.01947
1.396	0.6407	0.05009
1.391	1.803	0.0194
1.107	0.7263	-0.07871
1.789	-1.969	0.1018
1.653	-0.09357	0.08301
1.97	0.1766	0.1843
1.889	-1.569	0.1339
1.898	-0.9665	0.1441
1.958	0.4727	0.1922
1.916	0.01758	0.1641
1.847	1.989	0.2439
1.93	2.225	0.2184
1.847	1.97	0.2602
1.809	1.22	0.2607
1.815	0.9259	0.2546
1.821	0.8415	0.2548
1.825	1.521	0.2492
1.939	2.192	0.2138
1.928	2.314	0.2157
1.94	2.296	0.2135
1.877	1.984	0.2368
1.833	1.528	0.245
1.862	1.697	0.237
1.912	2.198	0.2208
1.819	0.4419	0.2439
1.828	1.106	0.244
1.814	0.2564	0.2417
1.812	1.069	0.2408
1.807	0.08695	0.2407
1.856	-0.6803	0.2403
1.836	-0.3674	0.2411
1.835	0.8292	0.2444
1.846	0.5941	0.24
1.918	1.414	0.2315
1.977	-1.63	0.2222
1.965	-0.5587	0.2239
1.853	1.976	0.2504
1.841	0.991	0.2489
1.884	1.954	0.2494
1.934	2.063	0.229
1.973	3.241	0.2112
1.952	0.1232	0.2195
2.008	1.858	0.2032
1.891	1.233	0.2357
1.955	1.3	0.2157
1.961	2.571	0.1919
1.98	1.793	0.181
2.004	2.529	0.1865
1.954	-2.795	0.1742
1.942	-0.7345	0.1634
1.929	-0.1415	0.1647
1.851	1.442	0.241
1.829	0.333	0.2405
1.996	0.4872	0.2094
1.917	0.05327	0.2267
1.879	0.5773	0.2275
1.892	-0.5984	0.2078
1.866	0.7252	0.2178
1.993	1.743	0.1755
2.021	0.9787	0.1869
1.929	-0.792	0.172
1.953	2.726	0.173
1.961	1.859	0.1805
1.94	2.958	0.1937
1.931	1.444	0.1902
1.924	-1.352	0.1904
1.887	1.087	0.1979
1.971	-0.4595	0.1877
1.93	0.3316	0.1848
1.891	0.09849	0.1988
1.867	0.7882	0.2067
1.887	2.296	0.2071
1.879	-0.8289	0.2043
1.868	-2.844	0.207
1.864	-4.182	0.2101
1.861	-0.5629	0.2008
1.867	-2.207	0.2069
1.868	2.517	0.1913
1.864	2.626	0.1818
1.917	2.672	0.1993
1.888	2.318	0.2001
1.893	-0.2986	0.185
1.902	2.83	0.1895
1.896	0.9739	0.1874
1.945	0.6599	0.1934
1.934	3.376	0.1963
1.946	-1.383	0.1796
1.966	-1.322	0.1816
1.959	-2.997	0.1861
1.903	1.594	0.1927
1.906	0.4101	0.2024
1.931	2.018	0.1958
1.927	-0.5122	0.1972
1.935	-5.309	0.2018
1.928	-0.8558	0.2238
1.969	2.035	0.2209
1.925	-1.834	0.2226
1.952	3.018	0.2319
1.956	1.703	0.2258
1.887	-0.6335	0.1685
1.874	2.214	0.1789
1.941	1.824	0.1965
1.904	-0.3506	0.1788
1.912	-3.493	0.1693
1.978	0.791	0.1913
1.964	-2.91	0.1733
2.011	1.99	0.2235
2.005	-0.1723	0.2142
1.96	-4.468	0.2201
1.965	-1.347	0.2246
1.996	-1.771	0.2215
2.012	2.938	0.2082
2.033	0.4587	0.2095
2.029	-0.6631	0.2059
2.019	-1.803	0.2071
2.037	0.2149	0.2077
2.047	1.231	0.2111
2.033	0.8324	0.2021
2.007	1.237	0.2078
2.009	-0.3929	0.2153
1.994	1.477	0.2062
1.989	-0.2545	0.2019
1.961	-0.817	0.2086
1.941	0.1695	0.224
1.938	0.7833	0.2205
1.898	2.703	0.1815
1.868	0.6303	0.1959
1.992	1.025	0.1834
1.968	-3.762	0.1728
1.932	2.815	0.1885
1.964	2.193	0.2014
1.937	-2.194	0.2018
2.014	0.5917	0.229
2.012	1.24	0.2157
1.925	1.76	0.2261
1.952	2.059	0.233
1.987	1.698	0.2425
1.967	2.102	0.2481
2.031	1.158	0.2476
2.003	0.4099	0.2041
2.015	1.735	0.214
2.012	1.179	0.2036
2.034	1.372	0.2231
2.061	2.034	0.2405
2.096	2.854	0.2236
2.068	1.516	0.2159
2.093	1.553	0.2542
2.103	1.008	0.2323
2.148	2.054	0.2304
2.121	-0.03896	0.2304
2.164	0.986	0.2313
1.828	-0.03828	0.2312
1.813	0.4045	0.2389
1.898	-0.4694	0.2137
1.857	-0.3028	0.2207
1.861	0.5179	0.2249
1.948	0.5093	0.2254
1.907	2.114	0.2298
1.897	2.138	0.2116
1.911	-0.002423	0.209
1.888	-4.482	0.21
1.912	-0.7226	0.2095
1.95	1.673	0.2108
1.977	0.5664	0.2273
2.011	2.029	0.2324
1.942	-0.4028	0.216
1.971	0.6531	0.2143
2.013	1.736	0.2178
2.079	1.69	0.2332
2.087	2.661	0.2327
2.076	2.392	0.225
2.139	2.808	0.2325
2.164	0.634	0.2325
1.833	0.4047	0.2368
1.978	2.338	0.2295
1.889	2.795	0.2345
1.898	2.069	0.2289
1.95	0.5031	0.2136
2.103	0.6307	0.2265
2.041	1.655	0.2264
2.116	-0.3554	0.2208
2.143	0.375	0.224
2.08	-0.787	0.2063
1.95	-1.407	0.1697
1.978	-0.3654	0.1829
1.969	0.2269	0.2075
1.948	0.288	0.1811
2.009	0.9425	0.2209
1.998	-0.4847	0.1944
1.904	-1.485	0.1606
1.872	-1.792	0.1437
1.656	-2.345	0.127
1.816	-1.571	0.1349
1.754	-1.058	0.1084
1.594	0.4351	0.06715
1.381	0.2015	0.05481
1.429	0.3072	0.01907
1.71	-0.8845	0.1026
1.515	-0.3491	0.08505
1.349	0.3251	0.03303
1.332	0.1589	0.01654
0.8268	-0.5696	0.0007
1.936	-3.641	0.1755
1.826	-2.634	0.1295
2.098	-1.075	0.2196
2.033	-1.34	0.2029
1.945	-1.53	0.1869
2.003	-0.3038	0.206
1.851	-0.4933	0.1675
1.52	-0.8328	0.06274
1.359	0.3275	0.02371
1.726	-0.4194	0.1008
1.709	-0.31	0.1172
1.766	-0.4653	0.1433
1.436	0.4901	0.05644
1.128	0.01289	0.0138
1.832	-1.14	0.1723
1.665	0.381	0.1189
1.607	-0.1452	0.09944
1.678	0.7911	0.1369
1.609	0.5147	0.09416
1.765	0.5957	0.1749
1.778	-4.591	0.172
1.954	-1.072	0.2008
1.87	1.045	0.1804
1.825	0.6659	0.2003
1.821	-2.658	0.2168
1.8	-4.588	0.2204
2.059	0.1689	0.2317
2.014	0.2032	0.2201
2.079	-2.479	0.2307
2.09	1.082	0.2502
2.082	1.24	0.253
1.923	2.05	0.221
1.826	-4.282	0.2272
2.009	0.4128	0.2248
2.032	1.325	0.2402
2.018	1.62	0.247
1.856	-4.177	0.2312
1.872	-0.129	0.2494
1.916	1.594	0.2378
1.88	-1.968	0.2284
1.926	2.141	0.235
1.817	-2.603	0.1973
1.795	-6.089	0.1622
1.918	2.434	0.2307
1.872	3.258	0.2133
1.915	0.3278	0.2083
2.17	0.6336	0.2273
1.991	-3.752	0.2062
2	2.883	0.2563
1.972	3.063	0.2503
1.955	1.158	0.241
1.995	1.288	0.2519
2.087	2.696	0.2507
2.117	2.657	0.2375
2.202	3.02	0.2385
2.245	1.061	0.2398
2.308	-3.495	0.2426
2.099	2.007	0.2424
2.239	2.544	0.2464
2.303	3.323	0.2413
2.342	1.34	0.2522
2.309	1.311	0.2397
2.347	2.352	0.235
2.364	2.652	0.2532
2.333	2.508	0.26
2.332	3.174	0.26
2.266	2.652	0.2544
2.359	2.104	0.2483
2.328	2.927	0.2554
2.257	1.965	0.2244
2.333	2.093	0.2313
2.333	2.231	0.2347
2.269	-2.639	0.2169
2.378	0.9038	0.2234
2.091	0.2749	0.2362
2.173	1.6	0.225
1.998	-1.951	0.2347
2.026	-1.848	0.2241
2.034	0.9073	0.2152
2.18	-0.7875	0.2143
2.162	-0.5208	0.2065
2.185	-2.006	0.219
2.101	0.5338	0.2158
2.027	0.7656	0.2051
2.068	-0.2643	0.2026
2.11	-1.875	0.2047
2.012	2.127	0.2048
2.005	-0.3181	0.2078
1.947	-4.154	0.2092
2.239	1.513	0.2156
2.232	0.6207	0.2164
2.201	0.6805	0.2233
2.179	0.7354	0.2205
2.216	-0.01816	0.2249
2.131	1.296	0.215
2.061	1.363	0.2127
2.149	1.193	0.2195
2.311	1.599	0.2303
2.222	1.65	0.2193
2.244	1.565	0.2536
2.332	1.694	0.2443
2.38	2.118	0.23
2.28	-0.06528	0.2147
2.125	0.791	0.2157
1.994	1.458	0.2093
2.18	0.6169	0.2173
2.181	0.2444	0.2155
2.151	-0.4405	0.2095
1.958	0.9915	0.2082
2.027	1.751	0.2085
1.942	-1.909	0.2077
2.229	1.047	0.2243
2.136	1.658	0.2425
2.203	1.301	0.2403
2.234	1.111	0.2304
2.147	1.644	0.2195
1.724	1.202	0.1156
2.011	2.895	0.2108
1.235	-0.7895	-0.043
1.456	1.651	0.02426
1.636	2.384	0.1171
1.707	-1.162	0.1171
1.798	0.2188	0.1547
2.055	0.7851	0.2178
2.071	0.1395	0.2096
2.04	2.411	0.2372
1.919	1.103	0.1845
1.919	1.031	0.1767
2.051	0.3953	0.2201
2.054	-0.6416	0.1954
2.043	-0.2469	0.212
2.171	0.03249	0.2417
2.21	1.933	0.2512
1.137	-0.7428	-0.08337
1.432	-0.2897	-0.002634
1.389	2.295	-0.05514
1.759	-1.58	0.0211
1.641	-0.712	0.005456
1.698	-2.398	0.07465
1.867	-3.589	0.1208
1.668	-2.065	0.04063
1.864	-5.575	0.1293
1.846	-1.981	0.08203
1.722	-1.799	0.1217
1.822	-5.006	0.1545
1.956	-3.773	0.1823
2.134	3.16	0.1977
2.041	-0.3589	0.1508
2.03	-0.1707	0.1777
1.987	1.081	0.1204
2.15	2.727	0.179
2.26	3.713	0.2162
2.152	1.699	0.224
2.249	3.555	0.2302
2.207	2.403	0.2423
1.028	1.158	-0.1024
0.6768	-0.3191	-0.06485
0.8779	0.9129	-0.08172
1.095	1.933	-0.07808
1.048	0.9679	-0.05551
0.5543	-0.8908	-0.02669
0.4643	-0.7183	-0.04899
1.023	-0.4971	-0.01433
0.5376	-0.9891	-0.005177
0.6411	-0.6103	-0.006435
0.81	-0.1109	-0.03565
1.299	1.955	-0.02765
0.621	-0.4587	-0.05007
0.6875	-0.478	-0.01772
0.8565	-0.3622	-0.00174
1.354	0.01952	0.0206
1.173	0.6057	0.0174
1.515	0.2211	0.0567
