1.468	0.5054	0.09511
1.952	-2.386	0.2381
1.921	-2.528	0.2409
2.031	1.02	0.2846
1.939	-2.098	0.2742
1.969	2.359	0.2003
2.048	1.305	0.2952
2.234	1.601	0.2499
1.948	1.187	0.2428
2.104	2.675	0.2601
1.434	-1.618	-0.004215
2.029	-0.4768	0.2479
1.949	-3.6	0.198
1.975	-4.734	0.2725
2.045	-4.105	0.2171
1.968	-1.098	0.2265
1.898	-2.161	0.1498
2.038	-3.479	0.179
2.056	1.981	0.1983
1.794	0.6204	0.2008
1.302	-0.1931	0.06837
1.769	0.3508	0.2618
1.795	1.224	0.2737
1.961	1.158	0.2696
1.979	0.04491	0.2566
2.062	1.773	0.2567
2.089	1.444	0.27
2.11	1.97	0.3207
2.067	-0.4732	0.2809
1.983	1.518	0.2789
2.154	-3.438	0.2282
1.988	2.198	0.2817
1.819	-3.305	0.2107
1.845	-1.172	0.2309
1.257	-0.4546	0.01885
2.019	-1.207	0.2858
2.156	2.372	0.3091
2.216	-3.396	0.2826
2.144	0.2974	0.3137
2.22	1.411	0.3117
2.3	-1.369	0.268
1.505	-1.266	0.055
1.926	-2.392	0.1994
2.002	-1.119	0.2056
1.96	-5.231	0.2149
2.035	1.698	0.208
2.005	-1.107	0.2645
2.022	2.958	0.2207
2.025	2.132	0.2379
1.995	-0.9195	0.2725
2.037	1.571	0.2573
1.928	-3.369	0.2348
1.924	-0.3778	0.2107
1.912	0.06816	0.2096
2.02	1.376	0.2079
1.988	-3.461	0.2114
1.915	-4.183	0.1886
2.042	1.987	0.1875
2.026	2.821	0.1433
2.042	1.671	0.2494
2.1	2.943	0.1943
1.894	-2.149	0.1303
1.948	3.29	0.03037
1.663	0.09628	0.0784
1.999	3.351	0.03021
1.925	3.062	0.1877
1.884	3.123	0.1596
1.599	0.5362	0.1566
1.24	-0.5689	0.07759
1.56	-0.8179	0.1389
1.67	3.549	0.1054
1.333	0.8492	-0.0206
1.814	-0.6047	0.2547
1.647	-2.608	0.1979
1.769	2.184	0.2295
1.786	2.655	0.2349
1.805	2.823	0.2926
1.875	-1.849	0.2892
1.863	1.512	0.2901
1.843	0.9561	0.2716
1.899	1.718	0.2727
1.805	1.743	0.2557
1.922	3.06	0.2584
1.952	1.66	0.2561
1.969	1.612	0.2583
2.035	0.6677	0.2535
1.93	1.598	0.2549
2.017	-1.309	0.2751
2	1.763	0.2747
2.042	1.178	0.2675
2.075	-3.151	0.2672
2.022	2.33	0.245
2.085	-0.6892	0.249
1.993	0.2077	0.2352
2.03	1.429	0.2526
2.073	1.786	0.2903
2.109	0.6113	0.2774
2.101	1.076	0.2456
2.114	-2.747	0.3144
2.163	-0.0086	0.31
2.14	2.185	0.299
2.065	-2.811	0.3126
2.099	-1.747	0.2997
2.036	-0.07239	0.234
2.157	-1.152	0.2532
2.077	-0.7765	0.305
2.01	1.279	0.3042
1.972	3.998	0.2041
1.877	-3.342	0.2105
2.032	2.296	0.234
2.044	-1.945	0.2561
1.949	0.5079	0.2645
2.103	1.639	0.2482
2.076	0.05563	0.2577
2.01	0.401	0.2654
1.853	2.27	0.2763
1.941	1.597	0.251
1.93	1.176	0.2745
1.743	0.5705	0.2475
1.484	0.4652	0.1381
1.637	1.244	0.126
1.174	-0.59	0.04629
1.858	-4.675	0.233
1.789	-3.098	0.2196
1.677	-1.218	0.1649
1.907	-0.1137	0.2311
1.658	0.6441	0.1213
2.007	1.52	0.2701
1.985	-3.731	0.2594
1.925	-0.6156	0.2606
2.028	2.325	0.2906
2.024	1.753	0.3092
2.208	2.425	0.2648
1.966	-4.481	0.2776
2.053	0.9026	0.3228
2.186	3.002	0.2901
2.282	0.3616	0.2748
2.138	2.165	0.2609
2.317	2.918	0.2624
2.093	0.7623	0.294
2.129	0.8073	0.2602
2.077	-0.0511	0.3373
2.11	1.477	0.3266
2.127	-0.5103	0.3145
2.052	1.962	0.2983
2.132	0.7869	0.3109
2.275	1.708	0.2973
2.201	-1.058	0.3197
2.146	1.622	0.3183
2.068	1.511	0.292
1.949	0.2418	0.1308
2.05	1.758	0.2195
2.241	-0.002374	0.2965
2.322	1.207	0.2843
1.543	1.046	-0.00625
2.12	-2.916	0.2054
1.86	-3.135	0.2091
1.972	0.5481	0.2518
2.277	1.575	0.2831
1.194	-0.02206	-0.01402
1.111	-0.5993	-0.0107
1.233	-0.0544	0.004415
1.923	-5.185	0.2198
1.95	-3.782	0.1979
1.931	-3.502	0.2342
1.931	-2.3	0.1883
1.976	-2.833	0.2015
1.962	-3.057	0.1886
1.982	-3.693	0.1933
2.027	-0.4632	0.2115
2.018	-6.114	0.2063
1.994	1.182	0.2094
2.026	2.665	0.2156
2.005	1.137	0.2152
2.03	-2.242	0.2202
2.02	-0.304	0.2574
2.015	-2.117	0.2281
1.999	-0.6422	0.2327
1.986	-3.809	0.2712
1.991	0.8261	0.2364
2.036	-0.02803	0.2233
2.045	-2.65	0.2298
2.022	1.567	0.2192
2.022	2.639	0.2301
1.986	1.73	0.2411
2.031	1.531	0.2456
2.048	-1.349	0.2412
1.981	-3.631	0.2726
1.99	2.433	0.2499
2.007	2.765	0.2599
2.019	0.5652	0.2767
2.031	2.498	0.2713
1.919	-2.68	0.2397
1.915	-4.129	0.2167
1.968	-2.995	0.2304
1.983	-4.197	0.2177
1.933	-2.627	0.2186
1.907	-0.9786	0.2049
1.903	-2.221	0.1935
1.942	2.642	0.2192
1.995	2.704	0.2081
1.987	-1.372	0.2151
1.951	-0.2821	0.203
2.022	-1.295	0.2021
1.996	0.1034	0.2054
2.005	0.8256	0.2083
1.899	-2.056	0.1837
1.916	-0.7893	0.1834
1.895	-1.043	0.1976
1.927	-3.999	0.1948
1.967	-0.5973	0.2088
1.912	-0.3848	0.1928
1.906	-2.802	0.1749
1.988	1.564	0.2013
1.976	2.59	0.1799
1.98	1.961	0.192
2.04	1.993	0.1982
2.041	-1.371	0.2117
2.045	-1.127	0.2025
2.03	1.722	0.2562
1.96	2.577	0.1509
2.041	1.798	0.1703
2.052	0.1269	0.1877
2.053	1.847	0.1676
2.054	1.887	0.2343
1.921	-1.33	0.1975
1.9	-1.877	0.1101
2.05	3.423	0.195
2.041	-0.6016	0.2061
2.01	0.649	0.2086
2.134	0.4692	0.1956
1.946	-2.234	0.1752
1.992	3.617	0.0974
2.001	2.873	0.09554
1.968	2.504	0.09664
1.904	-1.012	0.08047
1.919	-1.448	0.135
1.971	3.924	0.01191
2.004	1.179	0.1101
1.91	0.9422	0.1321
1.898	-1.549	0.06344
1.767	0.5224	-0.005815
1.501	-2.165	-0.01244
1.593	-3.282	-0.005011
1.94	1.952	0.2002
2.055	1.629	0.1892
1.839	1.417	0.1897
1.822	0.6947	0.1727
1.98	4.77	0.1742
2.111	4.316	0.1758
1.92	1.103	0.1605
1.676	-1.419	0.193
1.594	0.1659	0.1448
1.718	-0.6636	0.1731
1.528	0.4114	0.1187
1.348	-0.1477	0.07082
1.512	-0.1048	0.1055
1.475	-0.6807	0.1055
1.181	-0.626	0.07902
1.425	-0.6821	0.1003
1.775	1.851	0.1381
1.817	-0.7634	0.1343
1.73	0.8235	0.1534
1.573	0.1248	0.1266
1.426	-0.6683	0.09213
1.712	0.6916	0.0989
1.283	0.2833	0.02597
1.44	-0.5454	0.04805
1.498	1.026	0.02104
1.391	-0.1377	-0.008195
1.614	-1.836	0.1707
1.521	0.675	0.14
1.806	-0.8442	0.2334
1.705	-2.739	0.2149
1.71	-0.3296	0.2296
1.799	0.9477	0.2699
1.75	0.7908	0.246
1.779	2.724	0.2057
1.804	1.811	0.2199
1.87	1.276	0.2115
1.804	2.702	0.2103
1.753	1.108	0.2263
1.746	1.157	0.246
1.762	1.703	0.2503
1.815	2.134	0.2782
1.809	2.274	0.2853
1.813	1.88	0.2547
1.794	2.603	0.2708
1.781	1.281	0.2802
1.822	1.61	0.2967
1.822	2.786	0.285
1.791	0.5873	0.2783
1.812	1.07	0.2965
1.842	1.566	0.2949
1.898	-0.5817	0.2851
1.902	-1.186	0.2847
1.907	0.5482	0.28
1.965	-0.9108	0.274
1.785	0.6683	0.2684
1.853	0.8314	0.2767
1.882	1.115	0.275
1.92	-2.592	0.2751
1.912	-1.308	0.2702
1.759	2.809	0.2441
1.76	1.513	0.2578
1.822	1.173	0.2208
1.844	2.333	0.2336
1.898	3.267	0.2396
1.848	0.8979	0.2719
1.93	0.8251	0.2689
1.786	1.528	0.2663
1.856	1.752	0.2611
1.943	1.389	0.2434
1.952	1.98	0.2551
1.964	2.892	0.264
1.951	0.1449	0.2441
1.938	2.049	0.2469
1.922	-0.3944	0.2505
1.986	-0.1541	0.2629
1.98	-0.7983	0.2609
1.992	0.7954	0.2623
1.893	1.782	0.2617
1.99	1.371	0.2554
2.089	0.9152	0.2617
2.077	1.196	0.2539
1.955	2.38	0.2655
1.996	2.314	0.2682
1.923	-0.7375	0.249
1.931	1.847	0.2586
1.965	2.209	0.2682
1.948	2.802	0.252
1.981	2.349	0.2725
2.064	-2.409	0.2719
2.025	2.656	0.2671
2.063	-1.927	0.2719
2.007	2.146	0.2781
1.989	-1.04	0.2741
2.02	-0.8518	0.2719
2.051	1.471	0.263
2.012	0.4034	0.2634
2.015	-2.925	0.2722
2.057	-3.701	0.2691
2.084	1.191	0.2634
2.096	-1.041	0.2642
2.058	2.223	0.255
2.098	3.411	0.2526
1.989	2.964	0.2482
2.02	3.484	0.2559
2.053	1.477	0.25
2.042	2.684	0.2557
2.085	1.238	0.2631
1.959	0.8239	0.2421
1.968	2.305	0.2402
1.942	-1.281	0.2421
1.986	-1.544	0.2321
2.026	-2.295	0.2272
2.029	1.968	0.2487
2.047	1.259	0.2616
1.993	1.278	0.2364
2.019	0.7696	0.2394
2.038	-0.08456	0.2393
2.055	-1.99	0.2704
2.099	1.343	0.2824
2.045	-3.185	0.2539
2.054	0.7006	0.2719
2.043	1.902	0.2862
2.092	-0.5528	0.2464
2.103	2.856	0.2526
2.096	2.101	0.2751
2.092	-0.4493	0.2631
2.095	-2.986	0.253
2.106	-3.32	0.268
2.073	1.705	0.2609
2.151	0.01519	0.3084
2.147	1.717	0.2939
2.046	-0.1892	0.3
2.106	1.54	0.3061
2.136	-0.5276	0.3173
2.14	-0.9201	0.3179
2.151	0.1836	0.3134
2.146	-2.557	0.2896
2.117	0.2113	0.2899
2.156	0.6486	0.2914
2.171	2.118	0.3037
2.102	2.189	0.3077
2.117	0.0355	0.2962
2.096	1.358	0.2998
2.079	1.149	0.3207
2.102	0.3288	0.3046
2.085	-2.88	0.2952
2.051	-0.01467	0.3011
2.068	0.3503	0.2916
2.125	3.001	0.2499
2.116	0.9227	0.2606
2.014	1.934	0.2765
2.06	0.02518	0.2451
2.129	2.509	0.2431
2.1	2.189	0.2246
2.184	-3.189	0.2383
2.087	1.81	0.3091
2.038	0.9316	0.2996
2.065	1.522	0.2926
2.09	-0.7004	0.3061
2.078	0.9254	0.3118
2.03	2.151	0.3044
2.016	1.279	0.2955
2.011	0.8084	0.2189
2.082	-0.01132	0.2122
1.993	1.164	0.2775
1.974	-1.001	0.2562
1.947	1.768	0.2345
2.023	1.362	0.2079
2.081	1.264	0.2303
1.917	1.774	0.2375
1.919	0.9913	0.1997
1.959	1.832	0.2126
1.919	1.688	0.2239
1.994	-1.807	0.2403
1.967	-2.176	0.254
1.933	-0.9737	0.269
2.073	-0.5784	0.2489
2.025	-1.026	0.252
2.004	-0.9234	0.2619
2.02	1.152	0.2713
1.972	1.369	0.2728
2.097	0.1723	0.2574
2.079	0.7069	0.2497
2.129	-3.944	0.2587
2.137	-0.7269	0.2504
2.126	1.262	0.2473
2.075	1.078	0.2558
2.043	1.644	0.2682
2.086	-3.432	0.2465
2.096	-1.783	0.2479
2.089	2.43	0.248
2.035	1.122	0.2628
1.998	2.776	0.2755
2.057	2.114	0.2521
2.023	0.4531	0.2571
1.967	0.3359	0.2582
1.907	1.526	0.277
1.901	2.561	0.283
1.904	2.019	0.273
1.858	2.65	0.2792
1.815	2.071	0.2749
1.984	1.039	0.271
1.925	1.847	0.2839
1.943	1.334	0.2498
1.984	0.2772	0.2613
1.95	0.7257	0.2555
1.902	-3.136	0.2384
1.839	-0.2745	0.2485
1.815	1.64	0.2731
1.774	0.7571	0.2575
1.855	1.597	0.2835
1.889	0.8197	0.265
1.734	-2.319	0.2273
1.664	-0.6671	0.2239
1.617	-1.281	0.1743
1.598	-4.501	0.1941
1.542	-1.379	0.1638
1.464	0.7826	0.1087
1.42	0.5091	0.07653
1.311	-0.03121	0.05982
1.736	0.4794	0.1763
1.567	0.7185	0.1192
1.416	0.2388	0.06553
1.381	-0.004863	0.06284
1.168	-0.6441	0.02581
1.865	-2.659	0.2339
1.805	-3.281	0.212
1.901	1.076	0.2416
1.88	-0.4106	0.244
1.835	-4.963	0.232
1.843	-0.4442	0.2359
1.795	-1.29	0.2221
1.609	0.8056	0.1439
1.449	0.03814	0.08635
1.72	-0.3676	0.1873
1.739	-0.4106	0.1994
1.78	-2.844	0.2069
1.58	0.3294	0.1321
1.365	-0.2049	0.04874
1.874	-2.893	0.2329
1.765	0.2593	0.1963
1.785	-0.5351	0.187
1.946	1.388	0.2293
1.894	0.9133	0.2012
1.995	0.7689	0.2471
1.97	-3.836	0.2534
1.924	-0.2358	0.2597
1.976	1.088	0.2559
2.007	0.4639	0.2621
2.013	-0.9264	0.2746
1.999	-3.488	0.2679
1.878	1.049	0.2436
1.885	-0.6489	0.2479
1.869	-4.278	0.2239
1.898	1.239	0.2436
1.956	-0.4812	0.2714
2.021	2.246	0.2829
2.017	-2.384	0.2852
1.971	0.8403	0.274
1.998	1.049	0.2861
2.012	2.039	0.2952
2.032	0.4801	0.2939
2.025	1.13	0.3044
2.036	2.138	0.2967
2.045	2.99	0.2939
2.031	2.104	0.3013
1.992	-1.974	0.261
1.957	-4.304	0.2616
2.132	-0.3051	0.2773
2.065	-0.02136	0.2622
2.074	3.121	0.2645
2.215	1.572	0.2725
2.026	2.79	0.2796
2.07	2.631	0.311
2.123	1.388	0.3007
2.038	1.238	0.3144
2.037	2.215	0.3178
2.107	1.659	0.3074
2.114	1.939	0.3149
2.187	3.736	0.2971
2.273	1.737	0.2679
2.258	1.044	0.2761
2.258	3.193	0.2731
2.281	5.105	0.2735
2.219	2.833	0.2897
2.282	2.284	0.2678
2.273	1.722	0.279
2.135	2.319	0.2929
2.217	2.371	0.2743
2.224	3.351	0.2477
2.176	1.08	0.2355
2.249	2.187	0.2466
2.105	1.701	0.2499
2.158	1.765	0.245
2.131	1.484	0.3059
2.107	1.678	0.2821
2.102	1.661	0.2685
2.101	0.672	0.2986
2.133	0.3205	0.2869
2.063	-0.9387	0.3323
2.107	0.9793	0.3253
2.05	-0.9616	0.3209
2.061	-1.111	0.3325
2.081	1.82	0.3352
2.096	0.2699	0.3117
2.125	1.57	0.318
2.095	0.04437	0.3232
2.094	1.828	0.3372
2.117	1.643	0.3303
2.157	-1.14	0.3195
2.168	-1.54	0.3195
2.137	0.321	0.3196
2.115	-0.5263	0.312
2.051	-3.402	0.2975
2.028	2.408	0.2778
2.02	1.779	0.2807
2.162	0.9339	0.3085
2.2	1.605	0.3155
2.098	0.931	0.3015
2.044	2.218	0.2899
2.041	2.083	0.2964
2.257	1.658	0.3147
2.233	2.35	0.3072
2.215	-1.412	0.3211
2.216	1.348	0.2669
2.204	2.221	0.274
2.183	1.151	0.2948
2.168	1.523	0.315
2.149	0.9476	0.3151
2.033	1.33	0.3011
2.202	0.9003	0.3239
2.198	0.1021	0.3244
2.183	0.8697	0.3228
2.041	0.5158	0.3022
2.138	1.419	0.3179
2.044	-1.192	0.3006
2.039	2.379	0.2812
2.055	1.721	0.2588
2.054	1.719	0.2799
2.058	1.867	0.3009
2.192	1.552	0.3036
2.036	2.146	0.1389
2.054	2.031	0.2105
1.502	-1.042	0.05391
1.905	1.261	0.09162
2.069	-1.025	0.1812
2.26	0.7593	0.2195
2.221	1.046	0.2489
2.185	0.9941	0.2886
2.231	0.8185	0.3031
2.065	2.112	0.2678
2.24	-0.1587	0.2725
2.27	1.439	0.2862
2.255	1.154	0.3063
2.316	-1.493	0.2899
2.282	1.867	0.2973
2.298	0.7563	0.2878
2.285	1.516	0.2678
1.461	-0.2048	-0.002029
1.728	0.1464	0.07244
1.542	0.2714	-0.009291
1.917	-1.14	0.1312
1.921	-0.1486	0.08885
2.145	-5.622	0.1768
2.221	-1.866	0.2463
1.679	-0.7133	0.1443
1.911	-4.194	0.2459
1.875	-0.05449	0.1993
1.93	-2.836	0.2322
1.944	-6.227	0.2704
1.953	-0.9809	0.2764
2.04	1.042	0.2709
2.17	1.292	0.2577
2.277	1.896	0.2786
2.028	-0.577	0.2324
2.107	-1.738	0.262
2.173	1.31	0.282
2.33	1.611	0.2875
2.305	1.961	0.2788
2.352	2.488	0.2724
1.357	-0.1595	-0.01674
1.201	-0.03903	0.0197
1.262	0.179	0.008127
1.358	1.108	-0.01523
1.286	0.6962	-0.02859
1.11	-0.6685	0.05556
1.133	-0.5286	0.04461
1.138	-0.7148	0.0668
1.098	-0.709	0.01588
1.141	-0.6024	-0.02021
1.19	-0.181	-0.04053
1.386	0.9134	0.01646
1.14	-0.3861	-0.01785
1.152	-0.4464	-0.02834
1.19	-0.4446	-0.0001466
1.453	-0.1861	0.09581
1.328	0.3727	0.05799
1.714	0.2883	0.1585
1.478	1.522	0.06759
1.772	-2.615	0.2039
1.913	-2.113	0.2314
1.943	-0.3481	0.2756
1.921	-1.727	0.2594
1.96	2.607	0.1918
2.021	1.236	0.2847
2.276	0.4513	0.2234
2.031	1.409	0.206
1.983	2.35	0.2616
1.327	-1.012	0.0006839
1.898	2.543	0.283
1.931	-2.102	0.2233
1.875	-3.791	0.2802
2.002	-5.319	0.2284
2.014	1.618	0.2212
1.911	-3.14	0.1622
2.129	2.048	0.1317
1.888	1.935	0.2166
1.891	1.635	0.2379
1.307	0.7735	0.1179
1.841	0.9319	0.2592
1.868	1.431	0.2508
1.98	0.4895	0.248
1.954	0.5225	0.2652
2.01	0.8193	0.2661
2.018	2.048	0.306
2.067	1.349	0.2694
2.117	1.677	0.2618
2.031	2.377	0.2655
2.056	-2.711	0.2171
1.961	2.625	0.2718
1.804	-4.675	0.181
1.794	-0.8196	0.2103
0.9605	-0.2724	0.07584
1.904	1.609	0.231
2.208	0.1111	0.2954
2.097	-0.6095	0.2497
2.403	0.4442	0.2795
2.485	2.303	0.3117
1.964	-2.848	0.23
1.518	-1.378	-0.004907
1.922	-1.317	0.1935
1.972	-1.057	0.2327
1.932	-4.686	0.2092
1.885	2.883	0.2635
1.899	1.797	0.2827
1.907	3.034	0.2665
1.966	3.274	0.2745
1.909	-2.334	0.2777
2.013	2.497	0.2748
1.937	-3.918	0.2226
1.936	0.4216	0.1982
1.992	-0.0615	0.2182
2.045	0.09574	0.1795
2.001	-4.092	0.1919
1.918	-3.05	0.2064
1.895	2.64	0.2581
1.896	3.04	0.1984
1.903	1.719	0.2868
2.027	0.1496	0.164
1.974	-2.639	0.15
1.854	-3.479	0.03915
1.75	-4.18	0.09593
1.697	1.721	0.03743
1.833	1.616	0.2263
1.908	1.503	0.1928
1.697	-0.2529	0.1272
1.184	0.4565	0.1391
1.733	-0.9959	0.1438
1.79	1.033	0.136
1.292	-0.5734	0.04597
1.904	0.3012	0.2492
1.748	-4.674	0.1626
1.848	2.021	0.2228
1.839	2.148	0.2697
1.876	3.164	0.2816
1.889	0.6328	0.2716
1.882	2.513	0.2666
1.945	1.89	0.25
1.951	1.698	0.2524
1.951	1.609	0.2388
1.992	1.751	0.2375
1.942	2.552	0.2403
2.035	-2.747	0.2596
1.959	-0.03332	0.2476
1.928	1.235	0.2478
2.002	1.248	0.2656
1.966	2.109	0.2837
1.949	-1.465	0.2848
1.968	-2.354	0.2777
1.984	2.927	0.2795
2.06	-0.9849	0.2757
1.969	1.153	0.2384
1.983	-0.04705	0.2669
1.996	2.148	0.2822
2.136	1.257	0.2785
2.108	-0.01524	0.2376
2.092	0.9736	0.2715
2.092	1.564	0.2795
2.124	2.148	0.2643
1.988	-2.865	0.2756
2.062	-0.9113	0.2689
2.089	-1.678	0.2069
2.001	-0.4254	0.2423
2.049	1.242	0.2849
2.091	2.107	0.2614
2.034	3.437	0.1915
1.949	-1.324	0.1999
2.088	3.539	0.2104
1.98	0.4421	0.2531
1.907	1.434	0.2527
2.022	1.61	0.2563
2.059	1.239	0.2545
2.1	0.7192	0.2547
1.869	2.082	0.2567
1.92	-0.7816	0.2085
1.916	1.171	0.2605
1.791	0.1559	0.2156
1.477	-0.213	0.1202
1.391	-0.1209	0.1437
1.135	0.6042	0.1605
1.879	-4.041	0.2021
1.719	-1.021	0.1767
1.512	-1.166	0.1365
1.746	-0.09941	0.192
1.464	1.828	0.07752
1.89	1.855	0.2464
1.772	-6.518	0.2126
1.951	0.7048	0.2584
1.985	2.595	0.2779
2.102	2.668	0.282
2.022	3.418	0.2326
1.81	-1.022	0.228
2.114	0.8983	0.2962
2.172	2.421	0.2858
2.23	2.193	0.2693
2.285	2.536	0.2294
2.393	4.026	0.2443
2.217	1.205	0.2644
2.277	1.938	0.2298
2.103	1.236	0.279
2.234	-0.1573	0.2702
2.151	1.925	0.2855
2.136	0.8498	0.3098
2.305	1.085	0.3056
2.398	1.819	0.28
2.559	-0.5244	0.2929
2.259	1.829	0.2999
2.184	1.39	0.3071
1.765	0.7816	0.091
1.967	1.825	0.2071
2.258	1.136	0.2902
2.287	2.853	0.258
1.492	1.652	-0.02727
1.874	0.3203	0.1451
1.736	-2.428	0.1736
1.91	2.715	0.2122
2.118	0.04065	0.24
0.917	0.2565	0.01167
0.9289	-0.1906	0.05464
1.117	0.6845	0.02334
1.913	-5.071	0.2116
1.929	-3.67	0.1955
1.913	-3.48	0.2258
1.924	-2.433	0.1892
1.95	-1.282	0.2299
1.933	-2.214	0.194
1.953	-3.103	0.1985
1.993	-2.543	0.2323
1.97	-6.083	0.2045
1.916	2.705	0.2558
1.89	3.193	0.266
1.938	2.363	0.2606
1.872	-1.38	0.2747
1.912	2.771	0.2831
1.863	-2.376	0.2726
1.861	-2.136	0.2699
1.881	-1.134	0.2812
1.864	-1.432	0.2676
2.002	0.6066	0.2639
2.022	0.4281	0.2633
1.971	1.515	0.263
1.935	3.416	0.2709
1.877	-0.4925	0.2694
1.997	1.93	0.2738
2.023	-1.457	0.2595
1.879	-5.033	0.2777
1.91	1.199	0.2726
1.951	2.635	0.2754
1.933	-0.6767	0.2768
1.954	1.601	0.2776
1.915	-2.815	0.2279
1.914	-3.342	0.2074
1.975	-4.371	0.2183
1.982	-3.959	0.2083
1.937	-2.355	0.2095
1.92	-0.9542	0.1933
1.92	-2.036	0.1852
2.042	4.236	0.225
2.035	2.737	0.2083
2.012	-0.7986	0.2113
1.976	1.454	0.2006
2.014	-2.188	0.1877
2.025	-0.7843	0.202
2.034	1.457	0.1877
1.988	-2.509	0.1691
1.945	-0.4694	0.1612
1.924	-2.036	0.184
1.921	-3.429	0.2143
1.976	-0.3103	0.1945
1.934	-0.7844	0.1743
1.916	-3.255	0.1949
1.904	2.699	0.2519
1.905	2.827	0.2354
1.903	2.621	0.2455
1.888	3.061	0.2634
1.889	-0.7334	0.2738
1.885	-0.8354	0.2649
1.902	2.094	0.2884
1.908	2.202	0.1921
1.899	2.774	0.2423
1.886	0.2695	0.2473
1.88	1.763	0.2037
1.898	1.972	0.2657
2.057	1.491	0.169
1.906	-2.903	0.1412
1.971	1.034	0.183
2.044	-4.686	0.1675
2.077	-2.062	0.1535
2.151	0.3042	0.1412
2.162	2.332	0.1496
1.864	1.885	0.1168
1.847	2.765	0.1138
1.886	-0.1371	0.1253
1.89	-2.83	0.09954
2.053	-2.184	0.1155
1.78	-2.766	0.01742
1.849	3.091	0.1213
1.958	-1.56	0.115
1.918	-5.894	0.06125
1.621	-2.604	0.004477
1.444	-0.4724	0.01349
1.446	-2.484	-0.002369
1.917	1.655	0.2022
1.917	1.363	0.1981
1.846	3.066	0.2495
1.871	1.929	0.2201
1.869	2.667	0.2187
1.999	1.965	0.1849
2.063	2.659	0.156
1.83	0.2712	0.1879
1.69	-0.2881	0.1279
1.855	-2.165	0.1856
1.543	1.187	0.0839
1.442	1.542	0.07546
1.556	0.8872	0.0831
1.561	0.1969	0.1087
1.154	0.338	0.1602
1.542	-0.4933	0.1196
1.89	2.14	0.1649
1.958	1.01	0.1373
1.85	0.6527	0.1796
1.748	0.1989	0.1488
1.506	-0.7095	0.1119
1.808	1.331	0.1209
1.289	0.6605	0.08963
1.568	-0.000852	0.08238
1.569	1.993	0.08745
1.292	-0.6182	0.008771
1.714	-1.358	0.1375
1.555	0.4854	0.1011
1.903	0.2845	0.251
1.828	-1.175	0.2
1.825	-1.202	0.2069
1.89	0.03306	0.2509
1.808	-0.4302	0.2225
1.82	2.316	0.2552
1.876	3.04	0.2647
1.918	2.591	0.2015
1.827	1.605	0.2275
1.812	1.601	0.2505
1.829	1.093	0.2413
1.83	1.812	0.2664
1.894	2.783	0.2707
1.887	2.742	0.2657
1.89	3.265	0.2713
1.862	2.883	0.2796
1.852	2.072	0.2789
1.879	2.284	0.2753
1.878	2.363	0.2619
1.86	1.856	0.2697
1.865	2.673	0.2811
1.885	2.439	0.2747
1.901	-1.447	0.2676
1.897	0.2036	0.265
1.923	0.5733	0.2623
1.932	-2.494	0.2571
1.876	1.498	0.2539
1.904	0.8907	0.2595
1.956	2.087	0.2518
1.99	-3.647	0.2496
1.971	1.452	0.2497
1.88	2.045	0.2251
1.863	1.424	0.2424
1.925	2.599	0.2086
1.986	1.93	0.2326
2.024	2.796	0.2359
1.996	0.4067	0.247
1.987	0.994	0.2445
1.927	0.8769	0.2466
2	1.613	0.2432
2.005	1.277	0.2305
1.968	2.511	0.2364
1.967	3.086	0.2438
1.973	-0.1944	0.2291
1.946	0.9738	0.2318
1.917	-0.3213	0.238
1.961	1.121	0.2507
1.938	-2.782	0.2491
2.006	2.156	0.2542
2.001	1.252	0.2511
2	0.6337	0.2551
2.026	2.06	0.2651
1.988	2.134	0.2548
1.961	1.369	0.2514
1.987	0.9726	0.2537
1.912	-1.442	0.2409
1.934	2.457	0.2473
1.967	2.576	0.2578
1.956	2.978	0.2543
1.972	2.486	0.2688
2.025	-1.778	0.2734
2.004	1.165	0.2799
2.021	-2.61	0.2655
1.999	1.373	0.274
1.953	1.089	0.2794
1.957	1.087	0.2862
1.986	2.252	0.2779
1.946	-1.493	0.281
1.945	-2.531	0.2851
1.951	-4.296	0.2745
1.965	1.13	0.2721
1.966	-1.213	0.2646
1.978	2.421	0.2814
2.006	2.707	0.2647
1.97	2.966	0.2694
1.965	2.72	0.287
2.005	2.565	0.2918
1.994	2.217	0.2994
2.046	1.626	0.3037
1.946	1.191	0.2423
1.965	3.243	0.2495
1.924	-1.12	0.2341
1.952	-1.759	0.2231
1.979	-2.209	0.2251
1.976	-0.6289	0.2753
1.985	0.5795	0.2898
1.978	1.926	0.2551
1.979	-1.447	0.2497
1.998	-3.899	0.2449
2.019	-0.2005	0.2821
2.041	1.734	0.2951
2.015	-1.51	0.2656
2.023	2.643	0.279
1.957	0.9782	0.2759
2.079	-0.7127	0.2548
2.025	2.629	0.2511
2.09	1.201	0.3001
2.094	-0.4519	0.2814
2.147	-2.031	0.2466
2.13	-2.317	0.259
2.143	-1.828	0.2389
2.022	2.732	0.2799
2.072	-1.687	0.2984
1.975	-4.293	0.273
1.981	-2.084	0.2733
2.102	-1.31	0.2735
2.099	0.287	0.2699
2.065	-2.648	0.269
2.133	-0.09301	0.2712
2.139	1.661	0.263
2.13	-1.183	0.2879
2.106	2.026	0.2724
2.072	2.011	0.2644
2.096	2.354	0.2633
2.111	2.093	0.2611
2.011	0.02606	0.2718
2.039	1.627	0.2643
2.025	-1.193	0.2676
2.009	-0.3879	0.2816
2.026	-1.467	0.2766
2.049	2.641	0.2366
1.987	2.06	0.2534
2.104	1.992	0.2371
2.128	-0.4178	0.2224
2.068	2.864	0.2212
2.037	3.158	0.2074
2.036	-2.485	0.2259
2.1	1.967	0.2689
2.1	2.488	0.2597
2.033	0.5393	0.2814
2.057	-1.044	0.2781
2.076	1.366	0.2787
2.056	2.548	0.2866
2.071	2.486	0.2629
2.051	0.6573	0.196
2.04	2.401	0.1975
2.081	1.696	0.2342
2.058	0.08245	0.2236
2.027	2.677	0.2175
2.06	3.78	0.1959
2.077	1.378	0.2122
1.983	-0.3669	0.2277
2	1.481	0.1916
2.03	0.6926	0.1961
1.977	1.12	0.1981
2.055	1.022	0.2114
1.935	-3.158	0.2451
1.912	-0.09732	0.2539
1.997	-1.175	0.2529
1.961	-1.238	0.2483
1.932	-1.163	0.2535
1.952	2.116	0.2619
1.908	2.048	0.2606
1.992	1.22	0.2694
2.019	1.408	0.26
1.985	-4.519	0.2607
2	-0.3542	0.2556
2.028	2.412	0.2473
2.025	1.619	0.2577
2.014	1.992	0.267
2.03	-2.204	0.2502
2.043	-0.9033	0.2497
2.072	2.127	0.2362
2.101	2.105	0.2584
2.038	2.727	0.2736
2.106	2.311	0.2367
2.103	1.535	0.2335
2.077	-0.05692	0.2281
1.896	1.894	0.2568
1.91	2.844	0.2663
1.889	2.542	0.2571
1.871	2.83	0.2571
1.849	1.684	0.252
1.999	0.5756	0.2673
1.949	2.018	0.2728
1.975	1.175	0.2099
2.057	-0.6139	0.2371
1.955	1.014	0.2415
1.854	-2.521	0.2014
1.844	-3.308	0.2265
1.841	1.063	0.2484
1.825	1.15	0.2321
1.888	1.343	0.264
1.843	0.8834	0.2406
1.768	-4.638	0.198
1.762	-2.748	0.1914
1.582	0.01006	0.1561
1.682	-3.049	0.163
1.651	-0.9754	0.1301
1.492	1.368	0.08881
1.37	1.399	0.1001
1.398	1.573	0.09064
1.638	-0.4564	0.1555
1.442	-1.481	0.1364
1.284	1.217	0.1491
1.206	-1.953	0.1419
0.9105	-0.1815	0.1256
1.835	-4.152	0.1888
1.749	-3.629	0.1713
1.948	0.9673	0.1983
1.881	-2.092	0.1959
1.814	-3.648	0.1936
1.851	0.3982	0.2095
1.741	0.2545	0.1866
1.45	-1.098	0.1398
1.287	0.2163	0.117
1.606	-0.6113	0.1531
1.641	0.6149	0.1559
1.708	-1.141	0.1711
1.492	1.104	0.1034
1.188	0.4049	0.06734
1.801	-1.973	0.2087
1.686	0.001824	0.1522
1.663	0.05374	0.1374
1.739	0.8789	0.1884
1.681	0.9805	0.1501
1.789	-0.6253	0.2123
1.777	-4.931	0.2168
1.872	-0.9534	0.2436
1.819	2.072	0.2254
1.821	-0.6934	0.2255
1.869	-1.549	0.237
1.79	-3.093	0.2115
1.902	-1.411	0.2268
1.875	0.2299	0.2398
1.914	-3.221	0.2047
1.945	-1.677	0.2334
1.994	1.223	0.2663
1.942	2.512	0.2629
1.938	-3.176	0.2525
1.94	0.4864	0.2669
1.985	1.336	0.2801
2.011	1.91	0.2864
2.022	0.02052	0.2707
2.019	-5.099	0.2616
2.034	2.181	0.2862
2.061	1.678	0.2799
2.045	1.795	0.2875
1.781	-3.253	0.2144
1.774	-6.52	0.2229
1.959	1.099	0.2249
1.826	1.522	0.2096
1.898	3.122	0.2219
2.076	-1.563	0.2471
1.91	-0.4347	0.2346
2.148	2.85	0.2841
2.089	2.136	0.2599
2.03	1.527	0.2912
2.15	2.947	0.2922
2.18	2.764	0.2964
2.176	1.873	0.2973
2.197	1.599	0.2992
2.161	2.514	0.2637
2.182	-2.465	0.2623
2.123	1.632	0.2632
2.19	1.672	0.2855
2.232	2.595	0.2889
2.333	3.006	0.2541
2.266	1.56	0.2567
2.264	2.468	0.2689
2.294	3.057	0.2564
2.318	2.594	0.2261
2.284	2.947	0.2019
2.313	1.952	0.2229
2.258	2.374	0.2195
2.268	2.575	0.212
2.213	1.093	0.2792
2.241	2.528	0.2538
2.238	1.687	0.2458
2.262	1.518	0.2667
2.324	1.319	0.2609
2.088	1.424	0.2921
2.19	1.228	0.2904
2.009	0.7191	0.2892
2.004	1.631	0.281
2.059	1.93	0.2755
2.221	0.5409	0.2653
2.301	0.343	0.2755
2.183	0.7057	0.2729
2.139	0.8065	0.269
2.12	1.45	0.2717
2.279	-0.4408	0.2754
2.326	-1.108	0.2819
2.155	0.9497	0.2724
2.146	1.865	0.2734
1.957	-4.869	0.2758
1.968	2.231	0.2972
2.029	2.515	0.2956
2.405	1.144	0.3141
2.477	1.857	0.3129
2.342	0.2182	0.3086
2.05	2.884	0.2948
2.037	2.819	0.2932
2.477	2.101	0.3044
2.522	1.623	0.283
2.551	-1.018	0.3066
2.296	0.8035	0.2387
2.353	1.466	0.2412
2.436	2.044	0.2635
2.52	-1.445	0.2832
2.292	1.897	0.301
2.011	0.8225	0.2926
2.483	1.743	0.3071
2.466	1.403	0.2994
2.427	1.088	0.2911
1.987	-1.156	0.2905
2.21	0.9634	0.2932
1.954	-3.279	0.2849
1.978	1.328	0.304
1.958	1.577	0.2797
1.981	1.36	0.303
2.201	1.31	0.3132
2.315	1.224	0.3094
1.904	1.692	0.1422
1.906	2.302	0.22
1.438	-1.14	0.06199
1.716	3.061	0.08953
1.887	1.65	0.1517
1.916	-0.6601	0.1534
2.015	0.762	0.2019
2.257	1.469	0.2884
2.37	0.3978	0.3032
2.064	2.356	0.2718
2.166	1.57	0.2435
2.121	1.695	0.2652
2.369	1.67	0.3016
2.17	0.08772	0.269
2.254	0.987	0.2883
2.305	0.6488	0.2658
2.312	1.587	0.2415
1.284	-0.8907	0.01375
1.691	0.8489	0.02865
1.513	1.754	-0.04221
1.734	-5.159	0.06344
1.762	-1.652	0.02349
1.867	-2.071	0.1068
1.928	-4.994	0.1954
1.67	-2.21	0.09725
1.774	-6.35	0.204
1.787	-1.736	0.1492
1.765	-2.684	0.1943
1.777	-7.292	0.2276
1.832	-1.094	0.2287
1.993	2.409	0.2267
1.982	-1.402	0.2177
2.025	-0.7642	0.2438
1.894	1.786	0.1885
2.022	1.887	0.221
2.092	3.092	0.2411
2.207	2.386	0.2553
2.283	3.256	0.2494
2.354	3.165	0.2463
1.153	-0.9444	-0.001188
0.9441	0.2602	0.08084
1.038	1.058	0.04544
1.164	1.638	-0.008231
1.169	1.163	-0.03327
0.9439	-0.1077	0.1606
0.9163	0.03648	0.1248
1.154	0.4954	0.1623
0.9019	-0.2579	0.1125
0.888	-0.2558	0.04254
0.9704	0.3284	-0.009328
1.275	2.24	-0.003034
0.8671	-0.04011	0.0279
0.869	-0.09297	0.01789
0.9764	0.01401	0.03553
1.386	1.151	0.06302
1.259	1.119	0.04797
1.594	-0.5067	0.1112
