1.763	0.438	0.08524
1.956	0.8329	0.1541
1.889	-2.333	0.22
2.059	0.8445	0.2418
1.979	-1.076	0.2242
1.911	0.6379	0.199
2.414	-0.797	0.2783
2.219	1.564	0.2767
2.116	0.591	0.2164
2.027	2.656	0.1563
1.443	-2.848	-0.02809
2.078	0.05236	0.292
1.944	-2.511	0.2158
2.006	-5.37	0.2462
1.935	-4.264	0.2424
2.026	-1.659	0.2267
1.931	-2.49	0.162
1.859	-0.4828	0.1715
2.098	1.263	0.2407
1.884	0.3711	0.1861
1.414	0.1189	0.008736
1.874	0.2874	0.1817
1.975	1.734	0.2014
2.135	-1.637	0.2179
1.903	0.7032	0.2271
2.104	1.006	0.2197
1.864	2.582	0.1965
2.361	1.642	0.2864
2.325	-1.505	0.299
2.336	2.199	0.2803
2.013	-3.477	0.1992
1.97	2.968	0.226
1.809	-3.749	0.1751
2.02	0.1624	0.1898
1.243	-0.5255	0.0309
2.185	-3.027	0.2369
2.317	2.296	0.265
2.112	-1.706	0.2754
2.103	-0.4134	0.2791
2.245	0.9685	0.2794
2.314	-1.895	0.2328
1.619	-0.5919	0.0517
1.924	-1.551	0.1833
1.937	-1.719	0.2359
1.924	-5.189	0.2163
2.011	3.299	0.2546
2.05	-1.952	0.2716
1.976	2.641	0.2483
1.957	2.301	0.2575
2.015	-1.338	0.2363
1.964	1.164	0.2535
1.896	-3.529	0.2092
1.919	-0.1704	0.179
1.978	-0.3925	0.2588
2.006	2.953	0.244
1.985	-3.013	0.2186
1.959	-3.38	0.1957
2.045	2.236	0.2559
2.043	3.016	0.1837
2.118	1.725	0.3098
1.949	0.0682	0.2147
1.902	-1.811	0.1193
1.966	2.468	0.02607
1.67	-0.3458	0.0592
1.862	3.12	0.03086
1.859	2.926	0.1494
1.827	2.581	0.1728
1.785	-0.5513	0.1444
1.385	-0.3977	0.03101
1.678	-0.4644	0.1257
1.715	2.034	0.1084
1.417	0.04949	-0.0492
1.947	1.531	0.1979
1.898	-1.76	0.1664
1.834	2.394	0.1455
1.88	2.735	0.1839
1.951	3.085	0.2157
2.024	-0.448	0.2307
1.949	1.448	0.2212
2.087	-0.7043	0.2253
2.085	1.976	0.2163
1.96	0.5313	0.2296
2.058	0.3547	0.233
1.915	2.97	0.2123
2.14	0.778	0.1985
2.039	0.1552	0.201
1.878	1.333	0.2391
1.959	-1.237	0.2154
1.954	2.317	0.2365
1.965	0.6183	0.1664
2.023	-4.075	0.2186
1.848	1.732	0.1682
1.914	-1.765	0.1435
1.889	0.7529	0.2329
1.848	1.057	0.2248
1.995	2.922	0.2456
2.03	0.8556	0.2377
2.038	2.322	0.1764
2.176	-4.114	0.2569
2.232	2.463	0.2675
2.433	1.066	0.2938
2.444	-4.147	0.295
2.498	-2.811	0.2994
2.103	0.4782	0.2043
2.019	-1.289	0.1823
2.475	1.27	0.2845
2.331	1.351	0.3243
2.142	2.267	0.2216
2.128	-2.606	0.2257
2.102	3.291	0.2129
2.04	-0.3481	0.22
1.959	0.09475	0.2057
2.053	2.288	0.2193
2.071	1.213	0.2312
2.067	0.9578	0.2332
1.894	2.08	0.2067
2.074	0.1677	0.2136
1.91	0.2373	0.2273
1.813	0.4737	0.1971
1.548	-0.1692	0.1076
1.611	0.651	0.07894
1.196	-0.6437	0.01751
2.07	-4.517	0.2131
1.881	-2.061	0.1719
1.737	-0.196	0.1004
1.975	0.226	0.146
1.658	0.8441	0.05973
2.232	2.085	0.2144
2.044	-4.253	0.2051
2.191	-0.4054	0.2531
2.363	2.984	0.2469
2.329	1.792	0.2696
2.122	2.6	0.2482
1.902	-6.174	0.2222
2.387	0.8777	0.3015
2.342	3.279	0.2895
2.303	1.839	0.2756
2.122	1.613	0.2345
2.292	5.177	0.2984
2.051	-0.1772	0.2577
2.097	2.163	0.2667
2.259	0.2368	0.2981
2.113	0.9596	0.269
2.107	1.407	0.2492
2.134	2.658	0.2816
2.146	0.9761	0.2569
2.205	-1.593	0.2751
2.155	1.515	0.2863
2.109	1.815	0.2596
2.179	1.458	0.3155
1.669	0.9189	0.1063
2.066	1.963	0.2472
2.3	1.078	0.2871
2.243	1.455	0.2563
1.427	1.72	-0.03339
2.156	-1.133	0.1731
1.834	-3.522	0.146
2.009	1.816	0.2194
2.226	0.9142	0.2427
1.214	0.243	-0.03511
1.115	-0.4958	0.004414
1.239	-0.1365	0.03094
1.902	-5.214	0.2016
1.928	-3.862	0.1939
1.899	-4.057	0.2238
1.929	-2.279	0.1866
1.938	-1.868	0.2259
1.93	-2.789	0.1967
1.934	-4.011	0.2053
1.94	-1.962	0.2429
1.94	-6.689	0.221
1.971	1.74	0.2414
1.989	2.866	0.2511
1.961	1.504	0.2442
2.046	-0.611	0.2755
2.073	-0.2951	0.2845
2.029	-1.019	0.2678
2.007	-0.4496	0.2558
2.022	-4.224	0.2565
1.99	0.5974	0.2445
1.947	-0.7332	0.258
1.944	-0.7938	0.2595
1.949	0.4847	0.25
1.964	2.535	0.2525
1.98	1.947	0.2397
1.959	1.725	0.2577
1.928	-2.281	0.2582
2.003	-3.699	0.2389
1.979	2.276	0.239
2.003	2.521	0.241
2.044	-0.08706	0.2385
2.024	2.52	0.2434
1.887	-3.235	0.2133
1.9	-4.709	0.1917
1.972	-5.109	0.2125
1.987	-3.811	0.2027
1.911	-2.891	0.1927
1.916	-1.306	0.1762
1.94	-1.98	0.1755
2.03	3.016	0.2511
2.025	2.482	0.2522
2.006	-0.8889	0.2267
1.946	0.8903	0.2334
1.988	-0.8652	0.2513
2.022	0.1822	0.2607
1.99	1.807	0.2355
1.902	-2.937	0.1685
1.914	-2.015	0.1665
1.93	-0.859	0.1696
1.949	-3.576	0.2064
1.969	-2.057	0.19
1.931	-0.8841	0.1693
1.946	-2.938	0.1846
1.987	2.53	0.2404
2.003	2.736	0.2286
1.999	2.738	0.2383
2.032	2.619	0.2569
2.056	-0.6496	0.2809
2.066	-0.9924	0.2798
2.094	1.561	0.3022
1.994	2.792	0.1882
2.059	1.939	0.2376
2.081	-0.353	0.2557
2.081	0.9223	0.2047
2.124	1.711	0.292
1.897	-2.358	0.184
1.924	-1.622	0.1167
1.926	0.1148	0.205
2.008	-0.5838	0.2428
1.979	1.344	0.213
1.927	-0.4716	0.2059
1.893	-2.312	0.1627
2.022	3.228	0.105
2.033	2.486	0.1072
1.998	3.092	0.1132
1.915	-0.5724	0.07264
1.881	-2.624	0.1204
1.989	3.402	0.01399
2.027	2.98	0.1289
1.817	0.8824	0.1197
1.857	-0.1572	0.05024
1.631	0.2905	-0.01759
1.522	-1.57	-0.0326
1.519	-3.198	-0.02523
1.873	0.62	0.1602
1.875	1.329	0.169
1.891	3.292	0.1703
1.854	-0.09361	0.1752
1.874	3.8	0.1671
1.867	3.504	0.1755
1.815	1.035	0.1713
1.834	-2.744	0.1762
1.753	-0.3331	0.133
1.802	-1.021	0.1712
1.804	0.3214	0.1145
1.581	0.02344	0.05443
1.715	0.5413	0.09431
1.634	0.6279	0.07574
1.282	-0.4318	0.01905
1.556	-0.5779	0.06554
1.767	2.789	0.1513
1.794	1.073	0.1389
1.775	-0.3584	0.1622
1.658	-1.45	0.1188
1.539	-1.035	0.06118
1.751	2.109	0.09228
1.366	0.5383	-0.01734
1.566	0.3766	0.03601
1.592	0.7486	0.002139
1.422	-1.114	-0.04067
1.905	0.1934	0.1538
1.814	0.5918	0.1288
1.915	0.4831	0.1969
1.912	-1.981	0.1799
1.967	-1.216	0.1836
1.982	2.085	0.2001
1.934	1.169	0.1894
1.857	3.452	0.1553
1.906	2.137	0.187
1.872	0.6347	0.1646
1.829	2.504	0.1349
1.828	1.317	0.1504
1.834	0.524	0.1581
1.856	1.639	0.1799
1.952	2.1	0.2074
1.99	3.402	0.2075
1.922	2.229	0.2045
1.904	2.802	0.2075
1.891	1.709	0.2072
1.986	1.786	0.2213
1.964	2.819	0.2088
1.922	1.277	0.2067
1.966	2.012	0.2229
1.994	0.7709	0.2301
1.969	0.8307	0.2344
1.954	1.304	0.2265
2.031	0.4254	0.2299
1.995	-1.198	0.2242
1.922	0.9752	0.1986
2.037	0.258	0.2175
2.135	1.749	0.2246
2.175	-1.919	0.2282
2.172	1.29	0.2144
1.859	2.847	0.1793
1.887	1.764	0.1827
1.888	1.546	0.2022
1.968	1.837	0.2512
2.032	3.503	0.2489
2.076	1.728	0.2386
2.11	1.623	0.228
1.953	1.17	0.2234
2.044	1.867	0.2459
2.033	0.1441	0.2305
1.971	1.254	0.2189
1.996	2.478	0.2149
1.967	-0.5205	0.2178
1.905	2.45	0.213
1.881	-0.05311	0.2189
2.007	-0.7337	0.2041
2.001	-1.244	0.2085
2.132	-1.186	0.202
2.13	2.068	0.2004
2.03	1.08	0.1966
2.119	-2.841	0.212
2.106	1.381	0.2105
1.911	2.678	0.2125
2.014	2.418	0.2059
1.885	-1.251	0.2302
1.877	2.631	0.2227
1.9	2.243	0.2257
1.876	3.666	0.2387
1.913	1.515	0.2352
2.055	-2.921	0.2183
2.042	2.5	0.2299
2.038	-2.835	0.2049
1.955	0.4114	0.225
1.922	-1.138	0.2353
1.983	-0.6693	0.2307
2.035	2.156	0.226
1.929	0.5882	0.1928
1.959	-2.881	0.2182
2.001	-3.872	0.1876
2.011	1.064	0.1552
2.032	-1.103	0.1791
1.932	2.819	0.1381
1.997	2.399	0.1434
1.882	3.398	0.2032
1.891	3.803	0.1559
1.842	-1.642	0.1428
1.833	2.237	0.1727
1.863	1.175	0.1774
1.888	0.6163	0.2431
1.877	2.506	0.2311
1.898	-1.736	0.2394
1.919	-1.643	0.2361
1.911	-1.784	0.2352
1.842	2.107	0.1945
1.841	1.615	0.2018
1.866	2.484	0.2099
1.853	1.338	0.2228
1.89	-2.233	0.2411
1.888	-3.07	0.2359
1.914	0.03494	0.2286
1.9	-3.316	0.2476
1.95	0.8946	0.2472
2.048	1.869	0.2444
1.988	-1.956	0.1562
2.024	2.602	0.1558
1.88	3.232	0.2115
1.945	-1.708	0.1939
2.02	-3.998	0.2119
2.18	-1.419	0.2616
2.106	-0.4555	0.2538
2.153	2.403	0.254
2.005	1.847	0.2379
2.085	-0.08015	0.2484
2.126	1.249	0.2528
2.218	-1.237	0.2646
2.262	-1.435	0.2678
2.338	-0.6012	0.2802
2.203	0.6869	0.2764
2.314	-1.114	0.2956
2.11	1.981	0.2537
2.296	2.224	0.2833
2.425	0.9881	0.293
2.496	-1.506	0.2972
2.449	2.176	0.3095
2.43	-0.1854	0.2958
2.469	-1.261	0.2959
2.452	-4.347	0.2924
2.422	-1.985	0.2866
2.427	-2.092	0.2817
1.99	3.119	0.169
2.035	1.564	0.1713
2.201	0.831	0.2907
2.08	0.6727	0.1929
1.946	3.521	0.1787
1.991	2.557	0.1864
1.994	-3.571	0.1895
2.476	2.188	0.3118
2.337	-0.466	0.3244
2.425	-1.227	0.2737
2.498	-0.6632	0.2965
2.493	1.729	0.3059
2.417	3.493	0.2862
2.399	2.071	0.3065
2.106	1.877	0.2155
2.023	-1.596	0.2018
2.199	0.7723	0.2976
2.232	1.36	0.2791
2.254	2.473	0.2621
2.097	2.227	0.2107
2.057	1.08	0.2077
2.209	0.6155	0.2611
2.161	1.019	0.223
2.142	1.397	0.2166
2.125	0.9243	0.218
2.108	-0.1852	0.2167
1.988	-2.966	0.2034
1.965	-0.7162	0.2132
2.113	0.07917	0.2137
2.028	-1.983	0.2087
1.995	-1.5	0.2102
1.997	0.9643	0.2228
1.954	0.291	0.2114
2.033	0.2527	0.22
2.083	1.271	0.2158
2.042	-4.577	0.2008
2.016	-0.09504	0.2133
2.016	1.366	0.2175
2.084	-0.7367	0.232
2.04	0.3957	0.2371
2.108	-2.596	0.2211
2.076	0.4611	0.2228
2.035	2.038	0.2175
2.048	1.99	0.2334
2	2.553	0.2373
2.054	2.393	0.2186
2.077	2.067	0.2225
2.113	0.03561	0.2234
1.925	1.574	0.2115
1.906	2.774	0.2154
1.91	2.04	0.2061
1.912	3.006	0.2065
1.919	1.739	0.2027
2.002	1.029	0.236
1.919	1.928	0.2298
2.115	0.7864	0.2152
2.08	-0.3589	0.2278
1.992	0.365	0.2257
1.919	-2.808	0.2045
1.821	-1.757	0.2123
1.887	0.7493	0.2077
1.921	1.093	0.1955
1.883	1.163	0.2196
1.884	-0.118	0.2138
1.746	-3.202	0.1881
1.853	-2.198	0.1788
1.643	-1.806	0.1398
1.669	-3.166	0.1589
1.729	-0.6243	0.1383
1.679	-0.1237	0.08794
1.446	0.1148	0.04307
1.497	-0.1632	0.03338
1.72	-0.5817	0.133
1.555	0.3444	0.08064
1.396	0.1077	0.03114
1.376	-0.1306	0.04179
1.155	-0.6529	0.04106
1.986	-2.888	0.1944
1.839	-3.073	0.1668
2.107	0.7845	0.217
2.055	-0.34	0.208
2.003	-4.851	0.197
2.05	-1.036	0.2099
1.94	-0.4312	0.1794
1.63	0.365	0.08775
1.464	-0.0919	0.05437
1.743	-0.7679	0.1363
1.825	0.1518	0.1446
1.899	0.3538	0.1484
1.632	0.09274	0.06713
1.363	-0.3335	0.04049
2.032	-1.238	0.1707
1.849	0.7267	0.1172
1.814	0.7468	0.09599
1.981	1.479	0.1372
1.882	1.416	0.1086
2.086	1.242	0.1762
1.99	-1.529	0.1801
2.132	-0.6567	0.2101
2.142	0.779	0.1863
2.18	0.6173	0.2035
2.244	-1.221	0.2212
2.103	-4.022	0.2187
2.113	-0.04805	0.2356
2.12	-0.4609	0.2258
2.105	-3.833	0.2229
2.153	0.05174	0.2542
2.249	0.3103	0.2709
2.3	2.323	0.2324
2.282	-2.759	0.2343
2.218	0.4965	0.2379
2.292	1.186	0.2569
2.344	2.246	0.2706
2.369	-1.649	0.249
2.26	1.418	0.2582
2.425	3.081	0.2622
2.397	-0.7131	0.2639
2.379	1.869	0.2767
1.945	1.893	0.2109
1.899	-2.046	0.1852
2.125	2.731	0.2397
2.003	3.481	0.2208
1.978	-2.31	0.2323
2.096	-3.739	0.2691
1.985	-5.156	0.251
2.35	2.226	0.2838
2.238	2.618	0.2698
2.415	0.1887	0.2892
2.378	1.898	0.2894
2.404	2.353	0.2973
2.371	2.583	0.2968
2.419	4.07	0.2808
2.231	1.959	0.28
2.153	-3.952	0.2844
2.274	0.3351	0.2759
2.394	3.832	0.2789
2.336	3.439	0.258
2.256	1.691	0.2886
2.194	3.334	0.2872
2.103	-1.04	0.2324
2.252	1.84	0.2557
2.279	3.212	0.2811
2.195	2.093	0.2598
2.274	3.254	0.2856
2.082	2.393	0.2415
2.159	1.876	0.2617
2.197	1.22	0.2502
2.053	-0.004049	0.2321
2.074	2.4	0.2538
2.069	-0.8366	0.2792
2.088	1.586	0.2816
2.362	-0.05855	0.3045
2.301	1.841	0.2887
2.414	-2.55	0.2952
2.408	-2.228	0.2985
2.314	1.466	0.2931
2.074	-1.028	0.2773
2.103	1.542	0.2728
2.128	-0.04662	0.2811
2.18	1.211	0.2863
2.267	1.629	0.2718
2.135	-0.8606	0.2553
2.121	-1.976	0.2627
2.231	1.171	0.2556
2.148	-2.24	0.2489
2.075	-5.115	0.2439
2.108	2.717	0.293
2.088	2.915	0.2766
2.202	1.361	0.2744
2.209	1.403	0.2679
2.145	2.187	0.266
2.078	0.854	0.259
2.075	0.7563	0.2531
2.251	0.2549	0.2912
2.177	-0.9399	0.2861
2.194	1.094	0.2849
2.162	1.931	0.2667
2.158	0.4743	0.2719
2.132	2.095	0.2842
2.112	-0.5139	0.2834
2.132	1.731	0.2579
2.051	0.7351	0.2515
2.167	-0.282	0.2732
2.144	0.8428	0.2754
2.125	-0.0739	0.2696
2.049	-0.8611	0.2496
2.105	1.79	0.2552
2.055	-3.952	0.2461
2.125	2.466	0.307
2.109	1.479	0.308
2.144	1.229	0.3235
2.153	0.9145	0.3004
2.259	0.5096	0.2861
1.979	2.849	0.1481
2.1	2.09	0.2504
1.378	-2.214	0.02517
1.653	2.537	0.07484
1.803	0.1986	0.1796
2.284	-0.1804	0.2185
2.259	0.4117	0.257
2.283	1.061	0.296
2.275	1.418	0.2893
2.143	2.397	0.3042
2.324	1.087	0.2805
2.308	0.9895	0.2612
2.275	0.2148	0.2824
2.293	0.03892	0.2336
2.26	-0.6629	0.2575
2.211	0.9389	0.2601
2.202	1.951	0.2726
1.344	-1.167	-0.02839
1.567	0.004703	0.04327
1.565	2.332	-0.01744
1.923	-0.9762	0.1128
1.874	-1.827	0.07526
2.094	-1.893	0.1646
2.249	-3.903	0.209
1.739	-1.695	0.1133
1.899	-0.4455	0.1888
1.914	0.6604	0.1549
1.896	-0.6321	0.1489
1.883	-5.389	0.1966
1.935	-3.046	0.2328
2.038	1.646	0.2524
2.196	0.6127	0.2104
2.247	-0.8596	0.2214
2.068	0.3686	0.1884
2.121	1.942	0.2376
2.129	3.942	0.2659
2.267	2.035	0.2491
2.238	2.112	0.2753
2.276	2.971	0.2796
1.305	0.5575	-0.04703
1.251	0.3868	-0.02833
1.266	1.213	-0.03543
1.341	1.801	-0.03858
1.351	1.194	-0.02653
1.169	-0.5697	0.009257
1.187	-0.3261	-0.006725
1.223	-0.6589	0.0252
1.098	-0.669	0.0282
1.13	-0.602	0.01521
1.202	-0.02035	-0.01754
1.43	1.273	0.02858
1.154	-0.2312	-0.02231
1.149	-0.376	0.00385
1.192	-0.4835	0.02412
1.559	0.5694	0.07536
1.399	0.3625	0.05228
1.709	-1.208	0.09391
1.531	0.6994	0.06204
1.841	-0.5543	0.1855
1.876	-2.813	0.1847
1.857	-0.2987	0.2223
2.076	-0.8642	0.2268
1.846	1.062	0.1864
2.223	0.2961	0.2486
2.018	2.283	0.3081
2.123	0.1185	0.1998
2.091	1.561	0.2124
1.183	-2.177	-0.0435
1.883	1.903	0.2258
1.949	-3.101	0.1723
1.776	-4.079	0.2182
2.034	-5.389	0.228
1.858	-0.1753	0.1778
1.843	-1.756	0.1288
1.718	1.278	0.1646
1.905	3.33	0.1461
2.027	-0.4107	0.1866
1.099	-0.0459	0.01183
2.078	0.7816	0.2183
2.105	1.115	0.2055
2.009	0.448	0.2114
1.911	0.1226	0.1806
2.074	1.669	0.2255
2.021	1.622	0.1977
2.181	1.053	0.2696
2.28	2.231	0.2305
2.3	1.275	0.2678
2.204	-3	0.2231
2.039	2.051	0.2144
1.969	-0.7905	0.1587
1.966	-1.474	0.1998
1.003	-0.1199	0.07528
2.057	-1.768	0.259
2.304	1.683	0.3016
2	-1.127	0.2701
2.03	0.1749	0.2563
1.976	2.412	0.2599
1.942	-2.344	0.1987
1.56	-0.9887	-0.04062
1.916	-1.767	0.1491
2.002	-2.514	0.1978
1.961	-5.277	0.1871
1.897	1.232	0.2162
1.819	0.6965	0.2229
1.862	2.229	0.2101
1.903	2.679	0.2352
1.818	-2.901	0.2155
1.951	2.527	0.2482
1.847	-5.231	0.1808
1.814	-0.3828	0.1557
1.873	0.47	0.2011
1.818	1.197	0.2064
1.795	-3.079	0.1697
1.894	-2.934	0.1644
1.944	1.954	0.2271
1.922	2.939	0.1532
1.903	2.549	0.2215
1.816	0.555	0.1956
1.741	-1.539	0.1035
1.701	-2	0.007867
1.512	-1.413	0.07488
1.441	0.9097	0.000681
1.881	2.102	0.147
1.827	2.673	0.1538
1.814	-0.7035	0.1349
1.191	-0.2334	0.03686
1.699	-1.245	0.1286
1.648	1.334	0.1092
1.094	-0.3201	-0.03068
2.131	0.7665	0.2028
1.867	1.024	0.1355
1.912	1.674	0.1607
2.103	3.13	0.1974
2.205	2.332	0.2341
2.119	0.7544	0.243
2.112	1.811	0.2251
2.073	1.094	0.2274
2.095	0.7267	0.2307
2.006	4.626	0.1893
1.932	2.682	0.1916
1.875	1.385	0.1896
2.01	-2.097	0.2176
2.099	0.3793	0.2157
1.886	1.875	0.1922
1.9	-2.144	0.1923
1.967	2.44	0.2103
2.027	-0.223	0.2119
2.1	-2.16	0.2461
1.97	1.749	0.1865
2.095	-1.844	0.1744
1.973	0.3018	0.2166
1.977	-2.918	0.2337
1.918	1.523	0.2262
2.201	-1.432	0.1946
2.274	-3.563	0.195
1.958	-2.017	0.2259
2.077	1.393	0.2171
2.225	1.9	0.245
2.206	-3.617	0.264
2.281	-1.301	0.2479
2.4	-0.4345	0.2437
2.157	-0.8664	0.2334
2.285	-1.667	0.2571
2.349	1.934	0.2778
2.325	3.333	0.2293
2.12	-2.458	0.2138
2.13	3.63	0.2026
2.049	0.908	0.2114
2.068	-0.6763	0.2254
2.081	1.25	0.2206
2.065	1.234	0.2233
2.14	2.016	0.22
2.026	1.534	0.2189
2.085	0.3501	0.1959
2.08	-0.448	0.2124
1.934	0.06263	0.1753
1.573	0.2011	0.09222
1.603	-0.23	0.09474
1.145	-0.08683	0.06776
2.037	-4.754	0.2008
1.937	-1.698	0.1684
1.632	-1.209	0.1181
1.901	0.2297	0.1773
1.522	1.722	0.08452
2.093	1.993	0.2331
1.918	-4.335	0.2291
2.159	0.01707	0.2532
2.176	2.942	0.2459
2.188	2.141	0.2752
2.067	3.418	0.2548
1.853	-5.716	0.2164
2.25	1.632	0.3228
2.329	2.877	0.3159
2.25	1.66	0.2755
2.114	2.419	0.2855
2.045	3.873	0.2962
2.082	-0.08503	0.2724
2.04	2.574	0.2805
2.173	1.214	0.2949
2.086	0.07298	0.2522
1.929	0.7883	0.2343
1.874	1.833	0.2283
1.978	0.5628	0.2336
2.008	1.037	0.3024
2.026	1.234	0.2731
1.953	0.8142	0.2386
1.88	0.3864	0.2245
1.485	-0.7242	0.0643
1.701	1.548	0.1578
1.918	1.165	0.2533
1.976	1.962	0.2826
1.27	0.9398	-0.04763
1.875	-1.46	0.1188
1.787	-2.794	0.1443
1.924	2.105	0.2027
2.031	1.293	0.2487
0.8386	0.2451	-0.03777
0.7702	-0.46	0.0173
1.084	0.2917	0.02299
1.887	-5.352	0.1669
1.947	-4.237	0.1611
1.905	-3.88	0.1858
1.945	-2.414	0.147
1.974	-2.579	0.1819
1.974	-2.79	0.157
2.009	-2.804	0.1711
2.029	-2.928	0.2159
2.022	-5.896	0.1965
1.925	2.729	0.2008
1.871	2.037	0.2115
1.936	2.29	0.2015
1.882	-0.5984	0.2302
1.855	1.79	0.225
1.842	-1.914	0.2239
1.808	-2.067	0.2185
1.784	-1.191	0.2202
1.793	-0.5089	0.2149
1.991	0.6846	0.2326
2.014	-0.8763	0.2478
1.957	1.82	0.2116
1.876	2.505	0.2212
1.798	0.6739	0.2153
1.938	2.278	0.244
2	-1.476	0.2545
1.794	-3.926	0.2141
1.836	0.9488	0.2189
1.869	2.258	0.2255
1.844	-0.7668	0.2206
1.871	1.328	0.2297
1.856	-3.944	0.1821
1.851	-4.131	0.1618
1.86	-4.932	0.1782
1.837	-4.373	0.1696
1.83	-2.599	0.167
1.861	-1.287	0.1475
1.902	-2.156	0.1427
1.874	2.154	0.1862
1.833	2.493	0.1928
1.831	-0.3847	0.1752
1.857	0.7237	0.202
1.848	-0.6546	0.2202
1.841	0.4652	0.2143
1.799	3.21	0.1863
1.773	-0.9314	0.1449
1.799	-0.5766	0.1397
1.854	-1.744	0.1447
1.921	-3.417	0.1676
1.803	-0.9658	0.1596
1.823	-1.522	0.1443
1.876	-3.214	0.1533
1.925	2.735	0.2076
1.923	2.791	0.2006
1.927	2.988	0.2088
1.925	1.922	0.2254
1.915	0.5133	0.2352
1.922	1.949	0.2273
1.902	2.23	0.2236
1.904	2.65	0.1538
1.943	2.812	0.2113
1.932	2.56	0.2047
1.918	3.466	0.1452
1.903	2.408	0.1978
1.78	-0.148	0.1602
1.791	-2.478	0.1062
1.831	0.8792	0.1917
1.833	-0.7946	0.2186
1.806	-1.606	0.1896
1.799	0.2728	0.1927
1.708	-0.9649	0.1471
1.821	0.444	0.06556
1.838	3.02	0.06105
1.816	0.3576	0.08402
1.721	-2.372	0.05593
1.657	-0.3982	0.1026
1.597	-0.3874	-0.01327
1.79	2.694	0.07096
1.654	-1.173	0.1225
1.525	-1.361	0.04203
1.379	-3.297	-0.01945
1.306	-0.5393	-0.0202
1.254	-3.577	-0.03165
1.847	2.089	0.1585
1.816	2.267	0.1532
1.99	3.271	0.1719
1.929	2.122	0.1682
1.861	2.911	0.1524
1.798	3.346	0.1497
1.764	1.759	0.1487
1.933	-4.338	0.1729
1.763	-3.296	0.1315
1.885	0.05247	0.1687
1.582	0.3523	0.09287
1.477	0.4802	0.04834
1.62	-0.02759	0.08602
1.558	0.843	0.08018
1.059	-0.3357	0.02545
1.436	-0.8527	0.07606
1.755	2.512	0.1397
1.728	1.845	0.1323
1.81	0.4756	0.1563
1.642	0.3426	0.1217
1.369	-0.3928	0.06359
1.636	3.163	0.09528
1.095	0.0393	-0.005817
1.452	1.119	0.04606
1.443	2.517	0.01834
1.166	-0.8007	-0.05476
1.816	-1.265	0.1336
1.657	1.398	0.09683
2.083	0.2308	0.1997
1.961	-2.681	0.1758
2.034	-1.657	0.1739
2.148	0.5728	0.2044
2.033	-1.533	0.1776
2.009	2.747	0.1694
2.095	2.235	0.1926
1.87	2.168	0.1626
1.92	2.331	0.1509
2.013	2.515	0.1737
2.001	0.7473	0.1841
2.091	1.357	0.206
2.203	2.61	0.2196
2.193	3.096	0.2168
2.16	2.148	0.2122
2.163	2.43	0.2257
2.153	2.115	0.236
2.18	2.174	0.2281
2.124	3.028	0.2175
2.134	0.5419	0.2419
2.168	0.7797	0.2399
2.119	0.7672	0.2316
2.083	-0.2966	0.2327
2.085	1.982	0.2267
2.094	0.7106	0.2425
2.083	-0.8147	0.2312
2.089	0.9622	0.2288
2.112	-0.0109	0.244
2.084	1.881	0.2342
2.038	-0.4051	0.2233
2.073	1.575	0.2237
1.951	2.742	0.1737
2.011	0.9334	0.1999
1.897	2.762	0.1749
1.928	1.694	0.186
1.913	2.73	0.186
2.019	1.106	0.2094
1.978	1.713	0.205
2.033	0.7437	0.2114
1.985	1.273	0.1943
1.897	-0.6123	0.1837
1.909	2.772	0.1911
1.928	2.796	0.1996
1.888	0.2817	0.1854
1.871	-0.6901	0.1864
1.862	-1.162	0.188
2.105	0.9283	0.2226
2.084	0.2546	0.2227
2.03	-0.1336	0.2155
2.081	-2.85	0.2183
2.085	0.7501	0.2148
2.06	-1.357	0.2224
2.085	1.209	0.2115
1.89	2.481	0.1908
1.957	1.911	0.2048
1.884	-1.238	0.1918
1.867	3.183	0.1874
1.87	2.896	0.1811
1.886	3.317	0.1846
1.891	2.359	0.1778
1.993	-1.824	0.2211
2.037	1.928	0.2267
1.951	-2.278	0.2132
1.928	1.228	0.1975
1.923	0.5423	0.1893
2.024	1.063	0.2307
2.072	2.479	0.2331
1.958	-1.508	0.1912
1.984	-3.281	0.2118
2.053	-3.954	0.2351
2.069	-0.6165	0.2192
2.093	-2.803	0.2384
2.043	2.357	0.1931
2.1	2.823	0.1885
1.942	2.916	0.1853
1.988	3.17	0.1903
2.013	-0.7643	0.1783
1.981	2.057	0.1897
2.052	1.188	0.1846
1.93	0.9286	0.2059
1.925	3.746	0.1949
1.925	-1.969	0.1999
1.983	-2.171	0.2093
2.022	-2.909	0.2243
1.97	1.361	0.2062
1.97	0.315	0.2127
1.958	1.902	0.1996
1.991	-0.9958	0.2267
2.012	-5.276	0.2405
1.975	-1.1	0.2389
1.984	1.848	0.2221
1.986	-1.886	0.2519
1.956	2.766	0.2411
1.873	1.426	0.2239
2.21	0.3252	0.1753
2.148	2.045	0.1932
2.1	0.849	0.1981
2.162	0.4214	0.1813
2.305	-4.402	0.1873
2.249	1.151	0.1976
2.342	-1.719	0.2111
1.941	1.842	0.2131
2.027	1.266	0.2107
1.895	-4.279	0.2216
1.902	-1.713	0.2175
1.988	-1.919	0.222
2.083	0.2884	0.2451
2.16	0.8315	0.2471
2.213	-0.6244	0.2097
2.259	1.684	0.2249
2.134	-1.655	0.2074
2.185	1.975	0.2287
2.223	1.14	0.2649
2.257	0.3241	0.2501
2.295	1.371	0.2465
2.2	1.843	0.2697
2.228	1.544	0.2594
2.227	-4.483	0.2469
2.213	-1.893	0.2553
2.239	-2.546	0.2394
2.19	2.559	0.214
2.105	0.8901	0.2227
2.332	0.7728	0.2412
2.393	-0.6194	0.226
2.302	2.283	0.236
2.297	3.166	0.2405
2.211	-3.054	0.2342
2.334	2.401	0.2606
2.316	2.887	0.2588
2.246	-0.7216	0.24
2.299	-1.874	0.2558
2.337	2.597	0.2714
2.307	2.167	0.2673
2.349	2.107	0.2803
2.371	2.467	0.2435
2.276	4.234	0.2292
2.355	2.684	0.2646
2.345	0.4792	0.2627
2.304	2.736	0.252
2.176	3.159	0.215
2.143	1.578	0.2092
2.23	2.525	0.2496
2.187	0.3384	0.2143
2.135	2.732	0.2033
2.097	-0.08809	0.2006
2.13	0.5395	0.2016
2.08	-0.4387	0.2192
2.074	2.028	0.2249
2.062	0.1517	0.2159
2.089	-2.056	0.2083
2.066	0.3038	0.213
2.035	0.5992	0.2108
2.042	1.835	0.2187
2.108	0.6696	0.2338
2.075	-2.044	0.2229
2.134	-5.612	0.2434
2.138	-1.857	0.2322
2.108	1.166	0.2239
2.053	1.405	0.2247
2.054	2.67	0.2236
2.065	-2.798	0.2216
2.067	1.378	0.2199
2.086	1.899	0.2155
2.093	0.8577	0.2227
2.094	3.594	0.222
2.083	3.945	0.2105
2.113	2.041	0.2087
2.137	0.5131	0.2084
2.08	2.074	0.2244
2.034	2.867	0.2201
2.05	2.657	0.2266
2.077	3.255	0.2207
2.051	0.3583	0.2108
2.108	-0.08411	0.2209
2.052	2.162	0.2165
2.101	-0.6785	0.2015
2.15	0.005095	0.2121
2.121	-0.7448	0.2089
2.054	-2.969	0.185
2.063	-1.388	0.1943
2.009	-0.145	0.2061
2.016	-0.9475	0.1848
2.022	0.7338	0.2162
1.998	-1.031	0.2001
1.957	-1.933	0.1699
1.895	-1.13	0.1494
1.713	-1.002	0.1283
1.803	-2.623	0.136
1.762	-1.449	0.1099
1.585	1.168	0.06953
1.398	0.3131	0.05168
1.442	0.5016	0.04041
1.817	-1.761	0.1251
1.581	0.8036	0.08623
1.35	0.7954	0.06987
1.311	0.6696	0.09051
0.9737	-0.2924	0.09266
2.022	-3.721	0.1821
1.973	-4.197	0.1577
2.079	-1.068	0.1964
2.047	-2.479	0.1914
1.993	-3.493	0.1884
2.024	-0.1316	0.2056
1.928	0.252	0.1787
1.59	-0.6785	0.1086
1.386	0.9274	0.09133
1.801	-0.5214	0.1334
1.811	-0.0394	0.1435
1.829	-1.309	0.1595
1.533	1.035	0.09612
1.219	0.3408	0.07551
1.984	-1.323	0.1926
1.79	0.06688	0.1397
1.784	0.04933	0.128
1.844	1.409	0.175
1.753	0.8604	0.1355
1.925	-0.06493	0.2098
1.88	-2.666	0.2094
2.077	-1.182	0.2252
2.01	1.621	0.2134
1.968	-0.5776	0.2308
2.039	-1.087	0.2405
1.968	-4.871	0.2417
2.081	0.7529	0.2283
2.068	-1.094	0.2317
2.069	-3.662	0.2104
2.147	1.67	0.2439
2.241	-0.4296	0.2646
2.138	2.567	0.2423
2.068	-2.647	0.2441
2.156	0.04919	0.2463
2.223	1.26	0.2571
2.268	2.243	0.2623
2.134	-2.237	0.2438
2.132	0.4702	0.277
2.224	2.621	0.25
2.217	1.082	0.2395
2.217	2.331	0.2577
1.876	-0.784	0.2222
1.847	-3.531	0.1987
2.073	2.061	0.2586
1.939	1.87	0.236
1.915	-0.3308	0.2358
2.013	-4.201	0.2645
1.893	-5.741	0.2417
2.252	3.492	0.3109
2.189	3.218	0.292
2.209	1.176	0.2819
2.252	2.97	0.3034
2.314	2.699	0.3304
2.295	1.513	0.3261
2.353	2.46	0.3113
2.197	2.355	0.276
2.093	-3.366	0.2777
2.246	2.714	0.2874
2.334	3.092	0.2896
2.328	3.224	0.2866
2.121	2.041	0.2894
2.065	0.6561	0.2816
2.186	2.322	0.2803
2.179	-0.1923	0.284
2.101	1.319	0.3032
2.069	3.17	0.3039
2.027	4.37	0.3051
2.091	2.414	0.2846
2.04	2.801	0.2996
2.188	1.366	0.2872
2.123	2.209	0.2738
2.078	2.026	0.2752
2.043	0.2886	0.2632
2.028	2.385	0.2699
2.232	1.68	0.3166
2.233	0.4189	0.311
2.201	-1.826	0.291
2.195	-0.4438	0.2857
2.168	1.574	0.278
2.079	-0.08845	0.2616
2.059	0.7254	0.2514
2.142	-0.3512	0.2833
2.129	1.348	0.2717
2.139	1.598	0.2597
2.027	-3.635	0.2401
2.004	0.142	0.2451
2.052	-1.085	0.24
1.987	-1.813	0.2283
1.864	-4.251	0.222
1.87	2.245	0.2232
1.847	1.714	0.2252
1.962	1.38	0.2396
1.994	1.405	0.249
1.963	1.286	0.2313
1.855	2.836	0.2241
1.864	1.931	0.2232
1.997	2.165	0.2909
2.024	1.977	0.2923
2.019	1.19	0.2759
1.999	1.586	0.3025
2.022	2.136	0.2948
2.021	2.387	0.2816
2.02	-0.9097	0.2637
1.982	0.7526	0.2322
1.843	1.01	0.2221
2.017	1.086	0.2551
2.018	0.9533	0.257
2.012	-0.8735	0.2509
1.848	0.1397	0.2236
1.919	2.475	0.2367
1.843	-3.156	0.224
1.889	2.152	0.2289
1.875	2.144	0.199
1.889	2.368	0.2243
1.888	1.91	0.2306
1.942	1.932	0.2431
1.62	2.033	0.09606
1.819	2.632	0.1533
1.218	-2.319	0.007103
1.424	2.252	0.05066
1.598	1.367	0.1146
1.761	-1.827	0.1265
1.799	1.761	0.1671
1.882	-1.224	0.2313
1.955	1.07	0.2603
1.809	-0.2308	0.2001
1.839	-0.8186	0.2024
1.946	1.078	0.2273
1.973	-0.09876	0.2927
1.985	-1.788	0.2546
1.98	0.608	0.2765
1.98	1.939	0.2939
1.99	1.712	0.2969
1.127	-0.6702	-0.03897
1.411	0.9489	0.008165
1.427	1.792	-0.06455
1.756	-1.834	0.03511
1.644	-1.661	-0.003372
1.744	-3.291	0.08277
1.911	-3.542	0.1682
1.754	-2.707	0.07313
1.837	-4.931	0.1727
1.842	0.3154	0.1213
1.819	-1.167	0.1668
1.829	-5.658	0.1921
1.866	-3.648	0.2161
1.957	0.8587	0.239
1.986	1.028	0.2047
1.983	-0.4462	0.2328
1.936	0.701	0.1672
2.01	3.396	0.2282
2.024	4.019	0.2619
1.999	0.9257	0.267
2.034	3.175	0.2751
1.999	3.142	0.2874
1.017	1.892	-0.0581
0.8024	0.1772	-0.02948
0.9139	1.651	-0.04712
1.042	1.475	-0.04576
1.124	1.345	-0.05186
0.8386	-0.52	0.02237
0.7316	-0.262	-0.005936
1.13	-0.212	0.04298
0.8321	-0.6108	0.06239
0.815	-0.4021	0.04091
0.9203	-0.9454	-0.02219
1.298	0.3095	-0.01955
0.7588	-0.242	-0.01711
0.8046	-0.3609	0.01092
0.9493	-0.1613	0.04224
1.464	1.139	0.05481
1.27	0.8776	0.05882
1.635	-0.6737	0.1017
