1.561	0.6377	0.02882
2.066	-2.411	0.1597
2.243	-3.497	0.1457
2.21	2.182	0.1873
2.189	-0.4163	0.1637
2.025	0.248	0.2021
2.199	0.7123	0.1786
2.596	0.6766	0.1887
2.417	0.7161	0.1384
2.409	2.522	0.1401
1.541	-1.108	-0.08225
2.302	-1.756	0.1997
2.09	-3.3	0.1491
2.171	-3.148	0.1948
2.173	-5.154	0.1847
2.151	-0.2495	0.1716
2.017	-2.48	0.1029
2	1.033	0.1422
2.278	0.2067	0.1322
2.006	0.448	0.1586
1.502	0.1918	-0.06538
2.164	-1.942	0.1947
1.844	2.251	0.1503
2.119	-1.558	0.1923
2.331	-0.9558	0.1484
2.549	-1.024	0.1736
2.508	2.749	0.1797
2.235	3.438	0.2191
2.575	-3.617	0.1909
2.435	-0.108	0.1793
2.855	-0.3142	0.1207
1.97	2.117	0.1459
1.873	-3.594	0.1379
2.213	1.065	0.1399
1.269	-0.393	0.02161
2.185	-3.447	0.1551
2.312	0.5015	0.1644
2.209	-1.141	0.1485
2.394	2.459	0.2142
2.317	2.846	0.2217
2.204	2.154	0.17
1.774	-1.724	0.0338
2.201	-1.796	0.127
2.15	-2.285	0.1617
2.229	-5.346	0.1455
2.185	3.679	0.1801
2.324	2.967	0.194
2.232	3.341	0.1753
2.238	3.094	0.1724
2.092	-2.841	0.1887
2.281	1.198	0.1941
2.215	-2.163	0.1563
2.183	0.6654	0.1322
2.076	0.144	0.1991
2.124	2.532	0.1758
2.137	-3.354	0.1571
2.026	-3.383	0.1321
2.144	2.861	0.17
2.108	3.341	0.1185
2.409	-2.233	0.1947
2.045	0.5658	0.1886
2.026	-1.761	0.09016
2.072	3.253	-0.008694
1.765	-0.22	0.001324
2.133	3.389	-0.02705
1.988	4.222	0.1929
2.006	2.453	0.1639
1.748	0.2104	0.08956
1.29	-0.3308	-0.03731
1.761	-1.347	0.05997
1.905	2.124	0.06827
1.486	-0.9629	-0.09357
1.941	-0.5283	0.1556
1.726	-2.471	0.118
2.043	3.617	0.2049
2.006	3.677	0.1818
2.011	2.476	0.17
2.303	0.4077	0.1746
1.972	2.606	0.1554
2.236	1.902	0.1971
2.341	2.804	0.1886
2.124	2.427	0.2032
2.099	3.316	0.1869
2.125	0.9211	0.1707
2.29	2.995	0.1899
2.372	2.284	0.1704
2.221	1.298	0.1502
2.06	0.3211	0.1737
2.28	-3.599	0.1748
2.347	0.9487	0.1543
2.496	1.473	0.1603
2.176	4.107	0.1424
2.287	-1.742	0.1305
2.173	0.6726	0.1466
2.214	-0.4138	0.1789
2.46	3.641	0.1979
2.692	-0.9184	0.1941
2.302	3.193	0.1345
2.243	-3.529	0.2136
2.683	2.173	0.2196
2.45	2.57	0.2073
2.177	-3.864	0.2092
2.374	-1.641	0.2024
2.249	-2.159	0.1266
2.46	-2.073	0.1397
2.338	-1.775	0.1908
2.651	1.697	0.1785
2.347	4.818	0.1224
2.195	-3.419	0.126
2.82	2.613	0.1429
2.158	1.318	0.1478
2.057	-0.4482	0.1419
2.58	-1.036	0.1561
2.458	1.551	0.1635
2.566	-0.5902	0.1698
1.805	2.258	0.1417
2.351	0.2326	0.1525
2.002	-0.4284	0.1637
1.821	1.027	0.1396
1.563	0.3729	0.07958
1.602	1.243	0.05795
1.157	-0.4085	-0.01465
2.143	-5.04	0.1233
1.946	-2.955	0.119
1.872	-0.9726	0.07459
2.062	-0.9018	0.1403
1.747	0.708	0.09294
2.281	0.04642	0.165
2.164	-5.056	0.1696
2.346	0.6671	0.1714
2.355	3.75	0.1752
2.191	2.971	0.1685
2.254	-0.06964	0.1347
2.192	-3.947	0.1657
2.235	-0.8644	0.1667
2.229	2.311	0.1563
2.346	2.069	0.1412
2.498	2.101	0.1582
2.134	2.839	0.1477
2.354	0.2678	0.1815
2.552	-2.615	0.2085
2.206	2.635	0.1846
2.417	2.49	0.2032
2.144	2.011	0.2128
2.379	-2.51	0.2169
2.412	1.071	0.222
2.474	-3.514	0.211
2.335	2.308	0.2256
2.223	3.572	0.2188
2.462	2.806	0.2039
1.828	0.2869	0.0702
2.478	2.356	0.1585
2.305	2.536	0.1996
2.44	0.8083	0.1955
1.641	0.6986	-0.06225
1.992	-2.905	0.1051
2.023	-2.42	0.1422
2.152	3.047	0.1411
2.054	-0.1934	0.1558
1.302	0.02194	-0.06826
1.17	-0.502	-0.04104
1.385	-0.1323	0.04627
2.246	-4.299	0.1392
2.229	-2.588	0.1378
2.237	-3.167	0.1437
2.126	-2.073	0.1344
2.121	-3.503	0.1552
2.161	-2.738	0.1423
2.183	-3.14	0.1512
2.17	-0.6192	0.1715
2.201	-5.051	0.1593
2.119	2.325	0.1666
2.218	3.013	0.1765
2.16	1.92	0.1677
2.238	-0.3023	0.1884
2.312	-1.658	0.1975
2.261	2.337	0.1897
2.239	0.2224	0.1867
2.237	-1.401	0.1937
2.217	0.8812	0.1768
2.207	0.792	0.1723
2.223	0.3684	0.1808
2.184	1.97	0.1687
2.239	3.114	0.1747
2.198	2.307	0.1718
2.247	-1.415	0.1812
2.232	-3.92	0.1933
2.1	-4.962	0.1925
2.152	1.721	0.1707
2.166	1.993	0.1827
2.161	-1.159	0.1848
2.253	3.958	0.1888
2.244	-2.381	0.1513
2.241	-2.644	0.1369
2.182	-4.216	0.162
2.185	-5.152	0.1552
2.225	-2.574	0.1457
2.203	-1.003	0.1318
2.091	-2.345	0.1264
2.131	3.383	0.1866
2.139	3.612	0.1756
2.152	0.0705	0.1661
2.05	-2.589	0.2062
2.086	-1.411	0.1983
2.125	-1.148	0.1899
2.116	1.31	0.1657
2.026	-3.004	0.1302
2.045	-1.935	0.1171
2.09	-1.127	0.1233
2.052	-3.847	0.1411
2.167	-1.283	0.1407
2.076	-1.247	0.1218
2.012	-2.966	0.1222
2.076	3.246	0.1662
2.044	3.564	0.1471
2.053	3.221	0.1599
2.153	2.489	0.1771
2.229	-0.5595	0.1961
2.233	0.7282	0.1853
2.362	-0.9568	0.2029
2.036	3.275	0.117
2.145	3.051	0.1577
2.24	2.024	0.1592
2.212	0.6609	0.1266
2.413	-1.254	0.1757
2.031	-2.376	0.1389
2.022	-1.566	0.06113
2.021	0.7211	0.1994
2.113	-0.1411	0.1821
2.101	1.953	0.1595
2.056	1.279	0.1708
2.035	-2.041	0.1354
2.069	3.923	0.03063
2.091	3.792	0.01426
2.064	3.795	0.05386
2.033	-0.3845	0.04737
2.023	-2.441	0.09012
2.087	4.061	-0.05378
2.113	2.91	0.04063
1.953	-0.8706	0.08014
2.051	-1.098	0.01348
1.836	0.791	-0.07503
1.581	-2.189	-0.09089
1.646	-2.867	-0.07067
1.997	1.75	0.1988
1.983	0.8795	0.1913
2.029	2.633	0.1779
2.018	-0.3156	0.1609
2.02	3.628	0.1836
1.988	3.157	0.1851
1.965	-0.5023	0.1584
1.852	-2.112	0.1253
1.76	-0.5156	0.06727
1.936	0.5478	0.1244
1.631	0.6276	0.05467
1.407	-0.006866	-0.01007
1.654	-0.1654	0.02256
1.637	0.2412	-0.0004459
1.26	-0.3773	-0.05388
1.624	0.3984	-0.009844
1.957	2.769	0.1306
1.946	-0.6569	0.1197
1.953	-0.1578	0.1267
1.875	-1.077	0.07333
1.675	-0.2067	-0.02187
1.892	2.024	0.0495
1.44	0.385	-0.08615
1.706	0.3412	-0.03568
1.675	0.8922	-0.06518
1.5	0.6361	-0.09743
1.708	-1.398	0.1079
1.616	0.3572	0.08252
1.984	0.465	0.1594
1.825	-2.568	0.1349
1.793	0.7677	0.1406
1.885	0.1881	0.1527
1.795	1.468	0.1422
1.997	3.046	0.1845
2.011	2.258	0.1771
2.012	1.455	0.2047
2.006	2.978	0.1985
2.028	-0.7511	0.1916
2.097	0.7845	0.2022
2.056	2.427	0.1818
1.963	3.415	0.1649
1.913	2.503	0.1572
1.987	1.689	0.172
2.013	3.284	0.1766
2.102	3.77	0.1771
1.984	3.033	0.161
1.867	3.327	0.152
2.197	-0.1273	0.1868
2.139	2.611	0.1727
2.133	-0.9658	0.1635
2.19	1.922	0.1659
2.112	-1.411	0.1549
2.349	-0.219	0.1841
2.304	2.056	0.1729
2.239	0.6419	0.1953
2.312	0.9462	0.19
2.298	1.234	0.19
2.17	-2.688	0.1955
2.242	0.02934	0.1929
2.097	3.354	0.206
2.177	0.07861	0.2
2.036	1.355	0.2077
2.078	3.073	0.2028
2.106	3.304	0.1922
2.138	-0.9755	0.1961
2.094	1.893	0.1904
2.198	2.913	0.2004
2.105	2.255	0.1945
2.125	0.6451	0.1806
2.113	3.235	0.1756
2.074	2.374	0.1832
2.144	1.574	0.169
2.16	-1.049	0.1615
2.221	0.9868	0.1551
2.334	2.196	0.1844
2.307	1.671	0.1701
2.134	-3.005	0.192
2.313	1.768	0.1892
2.393	-1.564	0.1849
2.221	0.03483	0.1823
2.428	2.359	0.1732
2.116	1.749	0.1754
2.058	1.484	0.1859
2.236	-2.279	0.1462
2.182	2.957	0.1586
2.164	2.899	0.1639
2.237	3.991	0.1568
2.263	2.676	0.1675
2.106	-4.467	0.1866
2.613	3.401	0.1799
2.07	-2.379	0.1845
2.167	0.3522	0.1737
2.308	1.406	0.1665
2.518	-0.9482	0.1648
2.718	-1.308	0.1678
2.38	2.292	0.1487
2.404	-3.059	0.1572
2.437	-2.268	0.1638
2.399	-1.238	0.1444
2.432	-3.947	0.144
2.327	3.048	0.1386
2.383	4.728	0.131
2.231	4.012	0.1412
2.236	1.699	0.1403
2.218	-0.9361	0.1369
2.192	4.352	0.1606
2.348	1.141	0.1685
2.198	0.9077	0.1485
2.188	2.698	0.1405
2.219	0.1368	0.1462
2.206	-3.715	0.1469
2.188	-3.513	0.1687
2.165	3.949	0.1613
2.308	0.9981	0.1748
2.161	1.099	0.1441
2.155	2.459	0.1659
2.168	-0.4287	0.1923
2.355	-3.651	0.2
2.632	-1.757	0.1899
2.253	-3.934	0.2011
2.355	2.237	0.1959
2.292	2.697	0.1888
2.305	-2.418	0.1284
2.362	3.496	0.1299
2.544	4.002	0.1746
2.378	-0.3641	0.1639
2.301	-3.238	0.1479
2.551	-3.01	0.1903
2.191	-3.42	0.1707
2.63	1.105	0.2006
2.88	2.117	0.1944
2.233	1.449	0.1969
2.461	0.1657	0.1962
2.437	-0.4387	0.2222
2.351	-0.1592	0.2207
2.401	2.261	0.2229
2.737	-3.871	0.2137
2.626	-0.563	0.2109
2.801	2.077	0.2063
2.726	2.287	0.2214
2.152	3.897	0.2205
2.431	-2.716	0.2065
2.532	0.8939	0.2033
2.138	1.74	0.215
2.221	-1.098	0.2215
2.252	-4.298	0.208
2.196	-1.453	0.1838
2.24	0.6692	0.1998
2.324	3.154	0.1283
2.411	2.591	0.1368
2.398	2.438	0.1718
2.204	-2.084	0.1307
2.318	3.086	0.1291
2.478	3.611	0.1309
2.663	-4.485	0.1269
2.523	-0.757	0.1956
2.622	-2.606	0.1845
2.24	0.805	0.1938
2.388	0.1392	0.1979
2.414	2.655	0.1911
2.453	0.8366	0.1883
2.608	0.7016	0.1804
2.309	1.611	0.1263
2.619	0.1242	0.1252
2.435	1.771	0.1641
2.462	-0.1969	0.15
2.478	2.986	0.1466
2.66	2.477	0.1194
2.908	1.287	0.1269
2.233	2.773	0.1547
2.251	0.5542	0.1145
2.556	-0.2625	0.1236
2.388	1.498	0.1247
2.556	1.819	0.1488
2.208	-1.602	0.1497
2.1	-2.514	0.1494
2.4	1.768	0.167
2.24	-2.409	0.1563
2.118	-0.7903	0.1419
2.024	2.101	0.1444
1.943	2.445	0.1377
2.607	-0.7641	0.1562
2.489	1.975	0.17
2.491	-4.622	0.1417
2.625	2.468	0.1344
2.835	-0.6649	0.134
2.173	1.004	0.1601
2.13	1.872	0.1532
2.276	-3.343	0.1621
2.566	1.917	0.1608
2.976	1.935	0.1457
2.455	2.834	0.1674
2.179	3.11	0.1606
2.811	2.903	0.166
2.669	0.673	0.172
2.484	1.289	0.1676
1.95	1.183	0.1438
1.841	2.983	0.1425
1.849	2.595	0.1389
1.826	3.121	0.1428
1.805	2.176	0.1447
2.279	0.2511	0.1698
1.917	2.327	0.1553
2.396	1.066	0.1475
2.49	0.4641	0.1714
2.238	0.7109	0.1704
2.054	-2.579	0.1552
1.907	-1.826	0.159
1.8	0.5526	0.146
1.798	0.9207	0.1464
1.845	1.866	0.1486
1.946	0.8452	0.1555
1.818	-3.355	0.1392
1.75	-2.48	0.1289
1.7	-0.7616	0.1126
1.713	-3.521	0.1227
1.648	-0.2225	0.102
1.553	0.3812	0.0484
1.465	0.7107	0.01988
1.367	0.04241	-0.008304
1.748	-1.141	0.1041
1.577	0.9469	0.06663
1.397	0.722	0.01073
1.327	0.07025	0.01745
1.153	-0.5165	-0.002237
2.084	-2.945	0.1323
1.898	-2.052	0.1273
2.296	0.1694	0.1271
2.177	-2.415	0.131
2.093	-4.794	0.1241
2.138	0.247	0.1323
2.026	0.5689	0.1158
1.642	0.8548	0.05762
1.47	0.09429	0.04313
1.77	-1.072	0.09668
1.874	-0.1536	0.09234
2.077	-0.6012	0.1103
1.73	0.5197	0.07511
1.416	-0.1888	0.05018
2.24	-3.19	0.1371
2.07	1.681	0.1082
1.893	-0.5114	0.1105
2.03	0.7527	0.143
1.971	0.8648	0.1321
2.104	-0.4351	0.1587
2.124	-3.494	0.1668
2.285	-1.115	0.1597
2.181	0.4678	0.155
2.162	-0.06737	0.1686
2.208	-1.604	0.1713
2.181	-4.052	0.1587
2.208	1.588	0.152
2.293	-1.347	0.1555
2.175	-4.238	0.1244
2.212	2.095	0.1584
2.361	0.5672	0.1737
2.327	2.133	0.1703
2.206	-2.629	0.1714
2.334	1.667	0.1743
2.391	1.336	0.1806
2.432	2.252	0.1847
2.233	0.7017	0.1723
2.187	1.315	0.1595
2.381	4.071	0.1813
2.231	2.938	0.1824
2.192	3.826	0.1738
2.202	0.448	0.1606
2.136	-3.214	0.1737
2.229	2.33	0.1437
2.223	2.755	0.1487
2.231	-1.895	0.1462
2.237	-2.061	0.1408
2.215	-2.34	0.1563
2.224	3.055	0.1612
2.215	2.667	0.1578
2.194	-0.1382	0.1745
2.212	2.301	0.1684
2.253	2.365	0.1609
2.237	-0.3153	0.1642
2.274	2.754	0.1556
2.265	1.78	0.1285
2.252	-2.741	0.144
2.23	1.657	0.1343
2.299	0.3537	0.149
2.412	2.596	0.153
2.316	0.385	0.143
2.162	2.273	0.1522
2.437	2.444	0.1656
2.455	0.4371	0.15
2.374	3.839	0.1404
2.598	2.222	0.1508
2.382	-1.786	0.1512
2.506	1.015	0.1805
2.645	3.798	0.1965
2.315	2.487	0.1711
2.402	2.583	0.1777
2.492	-0.3758	0.1904
2.449	2.207	0.2015
2.51	2.106	0.2048
2.2	-1.142	0.1784
2.219	2.926	0.1687
2.196	-1.896	0.1794
2.166	-2.862	0.1911
2.225	1.262	0.204
2.39	-0.5641	0.1984
2.442	1.507	0.2087
2.279	-1.277	0.1817
2.314	2.559	0.1969
2.348	2.972	0.202
2.227	-3.433	0.2112
2.19	-3.831	0.2186
2.36	-1.264	0.2136
2.175	-3.256	0.211
2.153	-2.279	0.1984
2.397	-3.283	0.2041
2.371	1.325	0.2077
2.388	1.709	0.2219
2.397	0.6273	0.2262
2.376	-2.451	0.2224
2.33	2.4	0.201
2.321	2.52	0.2069
2.393	-0.6778	0.2164
2.444	-0.2736	0.2117
2.345	2.255	0.2268
2.604	-0.8256	0.2184
2.429	3.262	0.2121
2.428	2.763	0.209
2.323	0.5645	0.2201
2.384	0.4629	0.2204
2.217	1.353	0.2102
2.38	1.816	0.2332
2.264	1.242	0.2247
2.196	-2.589	0.2207
2.167	-0.7987	0.2083
2.172	4.075	0.2162
2.133	-3.828	0.2084
2.411	-3.211	0.2071
2.403	-0.2805	0.1821
2.439	0.1891	0.1968
2.428	0.07381	0.2142
2.334	2.382	0.2176
2.185	0.4924	0.07831
2.366	0.118	0.1332
1.577	-0.1234	-0.02152
1.954	0.1956	0.02185
1.976	0.1536	0.1185
2.121	2.816	0.1493
2.204	1.096	0.1734
2.322	2.779	0.2011
2.293	3.203	0.2124
2.545	2.228	0.1732
2.308	1.813	0.1929
2.381	-2.563	0.2013
2.367	1.027	0.2056
2.435	1.534	0.1905
2.437	-3.341	0.2166
2.539	0.3558	0.2196
2.534	2.517	0.1958
1.537	0.6225	-0.07105
1.735	-0.458	0.01869
1.728	0.06884	-0.02388
1.935	-0.6996	0.07397
1.911	-0.6837	0.04852
1.973	-4.037	0.1115
2.088	-0.8262	0.1415
1.844	-0.7565	0.1046
2.099	-1.771	0.1473
1.944	0.2312	0.1082
2.066	-0.6195	0.1556
2.149	-5.878	0.1751
2.201	-3.437	0.1676
2.2	2.919	0.1489
2.052	2.661	0.15
2.13	-0.7774	0.151
2.01	0.8515	0.1114
2.088	0.6743	0.1266
2.115	2.703	0.1387
2.247	-2.808	0.157
1.994	2.472	0.1498
2.046	4.17	0.1574
1.452	-0.000189	-0.08509
1.302	0.05858	-0.08121
1.355	0.6582	-0.08953
1.493	1.901	-0.07001
1.463	0.4303	-0.04173
1.157	-0.5367	-0.04787
1.209	-0.4189	-0.0649
1.168	-0.4852	-0.03456
1.124	-0.5887	-0.0293
1.201	-0.5065	-0.009478
1.303	-0.1725	-0.02147
1.604	-0.1558	0.06022
1.224	-0.369	-0.05282
1.243	-0.3846	-0.009809
1.285	-0.3885	0.0245
1.728	0.3491	0.09462
1.532	0.2404	0.07223
1.882	0.4244	0.1217
1.747	2.752	0.08281
1.921	-1.888	0.1593
2.143	-1.737	0.1394
2.004	-1.636	0.1774
2.114	0.5136	0.1645
2.024	1.209	0.1802
1.968	1.283	0.1687
2.134	0.7314	0.1532
2.221	1.311	0.119
2.315	-0.6425	0.1286
1.318	-1.586	-0.08159
2.025	2.337	0.1962
1.907	-3.124	0.1219
1.871	-4.291	0.1839
2.181	-5.362	0.1546
2.128	1.013	0.1569
1.723	-1.723	0.06836
1.946	1.941	0.1311
2.037	1.579	0.1098
2.103	-0.855	0.1547
1.541	-1.316	-0.01704
2.025	-1.902	0.179
1.922	2.259	0.1551
2	-1.898	0.1734
2.049	-0.4955	0.1495
2.113	1.062	0.1563
1.992	1.22	0.1718
2.123	2.478	0.1982
2.315	-2.941	0.2024
2.486	1.673	0.2183
2.274	-1.955	0.1186
1.921	3.228	0.1635
2.297	-3.103	0.1323
1.973	-2.615	0.1501
1.112	-0.06898	0.01676
2.084	-1.472	0.1648
2.239	4.357	0.1742
2.215	-1.424	0.1678
2.232	-0.1007	0.2156
2.301	3.017	0.217
1.838	-3.231	0.1493
1.797	-2.245	-0.001474
2.033	-0.7826	0.1175
2.092	-1.317	0.1379
2.154	-4.021	0.1315
1.976	2.117	0.1562
2.013	2.89	0.2066
2.074	3.544	0.1615
2.168	3.994	0.1635
1.913	-2.476	0.1665
2.182	0.7672	0.1731
2.202	-5.445	0.1497
2.048	0.3337	0.1179
2.156	2.07	0.1811
2.172	1.043	0.1622
2.093	-3.37	0.1403
1.807	-2.601	0.1017
1.93	2.182	0.1439
1.811	3.408	0.08818
2.055	2.329	0.18
2.074	0.2633	0.1701
1.873	-2.339	0.08684
1.624	-1.662	-0.02538
1.703	-1.8	0.03838
1.62	2.754	-0.03103
1.965	1.489	0.1715
1.967	2.289	0.1506
1.849	-1.139	0.11
1.602	-0.06057	0.07199
1.909	-2.831	0.1036
1.82	1.679	0.08982
1.347	0.164	-0.06987
2.217	0.4262	0.1571
1.809	-2.918	0.1239
1.954	2.162	0.1823
2.141	2.862	0.1757
2.306	2.857	0.1739
2.1	1.84	0.1691
2.039	0.8999	0.1638
2.043	1.882	0.1705
2.091	-1.538	0.1643
2.052	1.974	0.1821
2.071	3.012	0.1721
2.054	-0.592	0.1613
1.94	-2.14	0.1597
2.121	1.969	0.1597
2.119	2.09	0.1464
1.925	2.556	0.1636
2	-1.203	0.1529
2.249	2.112	0.1393
2.186	0.8175	0.1495
2.312	2.127	0.1399
2.126	-1.541	0.1227
2.227	-1.761	0.1342
2.105	-0.893	0.1786
2.139	2.715	0.1838
2.255	3.653	0.1744
2.001	0.2262	0.1141
2.244	0.2479	0.1843
2.244	1.919	0.1767
2.171	2.589	0.1913
1.985	-2.597	0.1903
2.074	-1.621	0.201
2.319	0.7834	0.1141
2.315	-3.861	0.1236
2.081	-0.2176	0.1961
2.424	-0.772	0.21
2.162	3.445	0.1363
2.059	-2.64	0.1371
2.263	3.373	0.1168
2.028	0.3173	0.1659
2	1.956	0.1628
2.252	2.189	0.1561
2.204	2.266	0.1473
2.317	1.197	0.1363
1.816	3.029	0.161
2.285	-1.841	0.1306
2.009	0.4963	0.1608
1.836	-1.091	0.1479
1.874	1.146	0.1154
1.963	0.6725	0.07106
1.702	0.4584	0.085
1.965	-3.945	0.125
1.932	-3.674	0.1034
1.599	0.005069	0.07532
1.818	0.2324	0.1417
1.567	0.9017	0.07259
2.032	2.356	0.1744
2.022	-5.004	0.185
2.245	1.376	0.2053
2.078	3.606	0.1834
2.025	3.016	0.158
2.186	3.622	0.1527
2.159	-3.601	0.185
2.102	-1.781	0.1679
2.233	2.7	0.1596
2.254	1.149	0.1517
2.312	2.878	0.1755
2.013	3.3	0.1587
2.253	-1.525	0.1872
2.178	-0.05809	0.1999
2.444	2.704	0.189
2.318	2.014	0.2011
2.086	1.249	0.1964
2.142	-0.9921	0.2169
2.148	-1.4	0.2156
2.174	2.818	0.1963
2.298	0.8426	0.2229
2.186	2.777	0.2058
2.305	2.823	0.1936
1.691	-2.09	0.07364
1.879	1.837	0.1486
1.962	-2.936	0.1767
1.868	3.349	0.159
1.483	0.5505	-0.04863
1.807	-0.2383	0.11
1.952	-1.624	0.1459
2.182	2.898	0.1704
1.967	0.1084	0.1647
0.9451	-0.1855	-0.08072
0.834	-0.5001	-0.04131
1.237	0.3633	0.009124
2.112	-4.633	0.1326
2.101	-2.962	0.1259
2.137	-1.801	0.1391
1.937	-2.715	0.117
1.997	-2.61	0.1288
2.026	-2.424	0.1237
2.127	-3.005	0.1294
2.156	-2.107	0.1474
2.198	-5.392	0.1354
1.957	2.567	0.1397
2.007	3.156	0.1598
2.03	0.3618	0.1449
1.993	-1.883	0.1709
2.029	3.72	0.2068
1.994	-2.136	0.1804
1.987	1.835	0.1815
1.935	-1.692	0.2005
2.011	-2.571	0.1667
2.151	-0.7071	0.154
2.182	-1.17	0.1645
2.086	1.954	0.1474
2.143	3.007	0.159
2.032	-0.2978	0.1571
2.191	3.503	0.1726
2.171	0.05672	0.175
1.866	-5.013	0.1687
2.059	-0.328	0.159
2.093	2.515	0.1668
1.983	-1.665	0.1725
2.049	0.737	0.1741
2.157	-3.126	0.1469
2.14	-2.853	0.1301
2.18	-5.367	0.154
2.165	-3.93	0.1415
2.17	-3.803	0.1364
1.999	-1.785	0.1198
1.871	-2.502	0.1111
2.116	2.816	0.1711
2.119	1.975	0.1589
2.125	1.593	0.151
2.093	0.6865	0.183
2.179	-2.573	0.1773
2.181	-1.637	0.1732
2.086	1.398	0.1503
1.967	-2.475	0.1205
1.893	-0.376	0.1018
1.882	-2.235	0.106
1.848	-3.769	0.1144
2.107	0.2963	0.1256
1.902	-0.9231	0.1012
1.767	-2.777	0.08553
1.888	2.992	0.1363
1.788	3.449	0.09957
1.821	3.05	0.1252
1.933	2.234	0.157
1.979	-0.5604	0.1749
1.99	-0.738	0.1661
2.039	2.552	0.1908
1.714	3.12	0.07183
1.886	2.887	0.1083
1.982	-0.8353	0.141
1.939	1.924	0.09765
2.052	0.9182	0.1549
2.089	1.687	0.1314
1.733	-2.722	0.07019
2.046	0.3688	0.1768
2.184	-1.49	0.1664
2.165	-1.053	0.1516
2.08	0.1395	0.157
1.947	0.5571	0.1267
1.634	2.837	0.03432
1.815	2.212	0.03081
1.642	-0.2113	0.03238
1.699	-3.363	0.04208
1.864	0.4489	0.08434
1.625	0.8542	-0.04999
1.897	1.764	0.04969
1.822	-2.616	0.09536
1.659	-2.19	0.02243
1.536	-3.554	-0.06591
1.425	-2.521	-0.08669
1.37	-2.44	-0.07492
1.973	2.81	0.1771
1.98	3.012	0.1724
2.037	3.832	0.165
2.033	0.5886	0.1535
1.997	4.305	0.1639
1.984	3.704	0.1651
1.967	2.346	0.1478
2.057	0.2047	0.1339
1.901	-1.759	0.1064
2.01	-1.285	0.1341
1.742	1.214	0.08672
1.716	2.332	0.06921
1.774	1.641	0.07689
1.825	0.5888	0.06664
1.54	-0.8533	0.04073
1.752	0.2418	0.03635
1.918	1.201	0.1329
1.901	0.6649	0.123
1.951	0.998	0.1348
1.86	-0.2626	0.09622
1.69	-1.158	0.02941
1.773	2.73	0.07358
1.425	-0.8145	-0.04096
1.623	0.4443	0.0009513
1.61	2.508	-0.02119
1.309	0.7219	-0.1054
1.816	-1.538	0.1129
1.751	1.32	0.09978
2.208	1.38	0.157
2.008	-1.573	0.1391
1.941	-1.194	0.143
2.107	0.2111	0.1545
1.863	-0.223	0.1447
2.036	3.536	0.1746
2.164	1.991	0.1674
1.972	2.977	0.182
1.96	1.157	0.1766
2.004	2.572	0.1774
1.974	0.7565	0.1801
2.055	0.1534	0.1803
2.291	2.18	0.1673
2.182	2.718	0.1654
2.274	2.498	0.1674
2.246	2.9	0.1738
2.153	2.592	0.1773
2.198	2.705	0.1692
1.979	2.819	0.1613
2.066	1.588	0.1758
2.172	0.5143	0.1717
2.138	1.186	0.1681
2.125	0.7147	0.1667
2.094	-0.6015	0.1641
2.087	0.7671	0.1662
2.122	-0.2992	0.1651
2.019	-3.116	0.1768
2.053	0.2003	0.1707
2.034	1.701	0.1665
2.016	-0.2634	0.1692
1.988	-1.512	0.1643
1.968	3.62	0.1832
1.991	1.139	0.1825
2.004	2.436	0.1844
2.1	2.791	0.183
2.103	3.52	0.1803
2.067	0.6114	0.1739
2.02	1.289	0.1751
2.048	1.56	0.1777
2.084	1.59	0.1787
2.111	0.6221	0.1701
2.058	3.187	0.166
1.997	3.281	0.1703
2.129	-0.3741	0.1624
2.147	-1.076	0.1559
2.148	-0.3459	0.1496
2.117	0.6707	0.1625
2.118	1.671	0.1628
1.964	-3.642	0.1677
1.994	2.579	0.161
2.099	-1.952	0.1614
2.064	0.7293	0.1562
2.124	1.28	0.1583
1.975	1.162	0.1624
1.96	1.504	0.1714
2.144	-0.8242	0.1422
2.082	2.672	0.151
1.985	3.036	0.1562
2.06	3.598	0.1502
1.929	3.483	0.1603
1.944	-4.54	0.1576
2.039	3.523	0.1535
1.943	-2.54	0.166
1.94	0.08764	0.1586
1.97	1.354	0.1577
2.051	-3.997	0.1505
2.067	-0.3886	0.1575
2.082	-1.83	0.136
2.065	-3.391	0.1439
2.196	-3.165	0.1364
2.304	-3.521	0.1421
2.232	1.366	0.1535
2.427	2.298	0.1335
2.256	2.343	0.1255
2.172	2.641	0.1407
2.36	1.671	0.1423
2.368	-1.432	0.1312
2.147	2.793	0.1651
2.042	2.604	0.1709
2.164	0.03719	0.1352
2.156	3.853	0.1404
2.148	-0.8776	0.1377
2.207	-3.23	0.1349
2.22	-3.634	0.1453
2.168	0.2097	0.1554
2.019	0.1501	0.1719
2.254	0.4612	0.136
2.195	-0.04202	0.1529
2.158	-4.805	0.1684
2.113	-1.291	0.1838
2.115	2.354	0.1782
2.137	-2.884	0.1829
2.172	2.669	0.1878
2.035	-0.3937	0.1828
2.03	-2.155	0.114
2.164	4.873	0.1195
2.054	2.825	0.1728
2.012	-0.9501	0.1521
2.163	3.293	0.1537
2.336	-4.29	0.1844
2.383	0.09506	0.1733
2.135	3.21	0.1799
2.149	0.2457	0.173
2.046	-4.583	0.1815
2.053	-2.758	0.1812
2.29	1.745	0.1788
2.216	-1.837	0.1936
2.196	-1.607	0.1833
2.181	-0.2678	0.1808
2.207	0.9275	0.2108
2.146	0.1597	0.1716
2.205	1.535	0.1811
2.117	2.614	0.1906
2.124	-1.749	0.1963
2.298	1.161	0.2161
1.997	3.378	0.1945
1.996	0.6984	0.194
1.997	-4.121	0.1904
1.978	-1.509	0.1762
1.987	-0.3147	0.1898
2.088	4.052	0.1183
2.301	-2.271	0.1254
2.448	2.452	0.1729
2.314	1.615	0.1156
2.056	3.684	0.124
2.056	4.077	0.1282
2.338	-4.09	0.121
2.33	2.407	0.2106
2.394	-2.748	0.2041
1.989	1.345	0.1806
2.097	-1.33	0.2022
2.255	3.007	0.2122
2.193	3.395	0.2128
2.415	1.39	0.2152
2.212	2.964	0.1331
2.108	3.007	0.1272
2.509	1.09	0.1632
2.543	1.261	0.1753
2.579	2.886	0.1822
2.155	3.144	0.1264
2.278	2.483	0.1186
2.469	-1.615	0.1786
2.103	-1.372	0.1331
2.12	2.465	0.1135
2.068	1.004	0.1154
2.238	1.056	0.1155
2.106	0.1702	0.1619
2.078	-2.299	0.1615
2.106	-0.6103	0.1647
2.109	1.536	0.1649
2.011	-1.451	0.1642
1.946	1.355	0.1661
1.886	2.026	0.1651
2.244	0.9729	0.1563
2.137	0.9995	0.1615
2.334	1.626	0.1426
2.387	-3.703	0.1292
2.356	2.538	0.1355
2.081	1.116	0.1626
2.033	2.687	0.158
2.102	0.2471	0.1643
2.218	-1.721	0.1494
2.448	-0.2389	0.1242
2.3	1.067	0.1424
2.04	2.658	0.1538
2.403	1.024	0.121
2.363	2.629	0.1209
2.319	0.8207	0.1218
1.984	2.25	0.1631
1.856	3.62	0.1634
1.852	2.949	0.1633
1.871	2.976	0.1612
1.813	2.404	0.1568
2.041	2.118	0.1522
1.906	2.798	0.163
2.166	2.806	0.1209
2.365	0.2689	0.1358
2.326	-1.34	0.1484
2.383	-3.887	0.1351
2.171	-2.596	0.149
1.821	1.124	0.1578
1.813	0.2617	0.1501
1.863	2.795	0.162
1.953	-0.04247	0.1581
2.064	-3.266	0.1475
1.806	-2.094	0.135
2.149	1.351	0.1271
1.863	-1.765	0.1307
1.79	-1.527	0.1126
1.766	1.571	0.09296
1.863	1.504	0.09025
1.747	2.527	0.07607
2.245	-0.07746	0.1132
2.064	-0.2775	0.09926
1.929	-3.19	0.07847
1.556	0.5606	0.02631
1.502	0.2404	0.02324
2.114	-1.322	0.1153
2.274	0.5076	0.1116
2.066	0.9164	0.1142
2.056	1.303	0.1146
1.935	-4.877	0.1206
1.921	0.839	0.1427
1.809	-0.659	0.1203
1.767	0.1365	0.0655
1.495	0.9183	0.03831
1.929	-3.529	0.08909
1.814	-1.781	0.09418
1.823	-1.612	0.1221
1.551	1.223	0.06753
1.242	0.1276	0.03081
1.982	-2.631	0.1512
1.782	-0.1801	0.1116
1.721	-0.02272	0.1097
1.817	0.4081	0.1465
1.761	0.587	0.1226
1.889	-1.746	0.162
1.985	-2.792	0.1805
2.084	-3.636	0.174
1.933	2.073	0.161
1.928	-1.117	0.1711
1.959	-2.025	0.1739
2.046	-4.846	0.1746
2.004	1.626	0.1597
2.064	-3.15	0.1816
1.987	-3.319	0.1334
2.183	1.346	0.1767
2.456	0.4854	0.2128
2.064	2.754	0.1803
1.982	-3.423	0.1678
2.176	-2.514	0.1963
2.292	-0.5912	0.2058
2.263	2.609	0.2085
1.991	-1.79	0.1627
2.082	0.4324	0.1598
2.063	4.224	0.1819
1.977	2.524	0.1673
1.956	2.492	0.1606
2.106	-2.275	0.187
2.061	-4.147	0.1858
2.139	0.3622	0.1586
2.129	3.988	0.1605
2.185	0.249	0.1516
2.255	-1.801	0.1546
2.216	-1.745	0.1755
2.162	4.336	0.1629
2.169	2.238	0.164
1.99	0.6142	0.1607
2.071	3.926	0.1586
2.157	2.92	0.1663
2.169	-0.9452	0.1758
2.244	2.288	0.1613
2.283	3.789	0.1432
2.216	-1.374	0.1562
2.203	2.424	0.1549
2.281	2.834	0.1528
2.274	4.186	0.1626
2.194	-0.7048	0.163
2.073	2.095	0.1632
2.286	2.978	0.1743
2.255	-0.82	0.1664
2.233	1.143	0.159
2.267	4.264	0.1545
2.101	2.845	0.1573
2.253	3.363	0.1818
2.182	2.054	0.1816
2.266	3.063	0.1731
2.245	2.82	0.1796
2.211	1.233	0.2005
2.347	-1.05	0.2117
2.273	1.894	0.2097
2.26	0.151	0.1824
2.296	2.971	0.1763
2.075	-2.063	0.1722
2.139	-1.644	0.1831
2.189	2.087	0.1905
2.394	-0.1066	0.1912
2.261	0.1416	0.2079
2.317	-1.594	0.187
2.48	2.008	0.1905
2.222	2.459	0.2011
2.164	-4.095	0.2042
2.164	-3.359	0.2085
2.205	-2.581	0.2
2.181	3.601	0.1936
1.991	-4.728	0.1824
2.062	2.117	0.2058
2.074	2.793	0.2134
2.276	0.3085	0.2207
2.279	-0.1223	0.2262
2.184	-2.583	0.2176
1.998	3.692	0.2104
1.935	4.021	0.2031
2.217	-2.412	0.2039
2.264	-0.05168	0.2086
2.331	2.125	0.2217
2.03	-0.4838	0.177
2.192	1.016	0.2005
2.254	3.076	0.2102
2.242	3.04	0.2165
2.13	2.218	0.2099
1.904	1.382	0.1927
2.272	1.956	0.2241
2.289	0.4492	0.2179
2.195	-1.487	0.2084
1.936	-2.356	0.1873
2.117	2.607	0.2004
1.919	-4.247	0.1874
2.105	-0.9846	0.2086
2.133	1.33	0.1698
2.118	-0.433	0.2083
2.218	2.262	0.2142
2.293	2.871	0.2067
2.048	0.142	0.1011
2.159	2.34	0.1598
1.438	-1.07	-0.01894
1.67	0.6695	0.02663
1.69	2.47	0.1135
1.672	-0.7351	0.1266
1.767	1.581	0.1499
2.171	-1.97	0.1953
2.183	-1.81	0.1937
2.23	-1.8	0.1796
1.879	-1.549	0.1692
1.909	-2.684	0.1634
2.103	0.6876	0.19
1.911	-0.1581	0.1605
1.955	-0.2997	0.1666
1.951	-1.008	0.1747
1.968	-1.748	0.1602
1.349	0.3439	-0.0734
1.621	-0.7035	0.01029
1.627	1.33	-0.02923
1.856	-0.8727	0.04147
1.752	-1.324	0.01864
1.69	-4.296	0.09872
1.789	-2.695	0.1322
1.997	-3.186	0.07549
2.132	-3.851	0.1677
1.994	0.002842	0.1038
1.937	-1.823	0.1538
2.092	-5.456	0.1958
2.185	-2.952	0.1874
2.233	4.415	0.1711
1.972	2.157	0.1499
1.92	-0.9901	0.1516
1.991	-0.5425	0.1305
2.167	-0.4059	0.1629
2.166	3.164	0.1576
1.87	3.49	0.159
1.92	4.782	0.1503
1.846	4.127	0.1558
1.206	0.7046	-0.0984
1.061	-0.2528	-0.0853
1.166	0.3075	-0.09855
1.23	1.216	-0.08266
1.177	0.5338	-0.05852
1.425	0.1553	0.02618
1.01	-0.3654	-0.06138
1.587	-0.06959	0.07893
1.418	-0.293	0.02818
0.9211	-0.4063	-0.01016
0.969	-0.2321	-0.04309
1.529	-0.1124	-0.006167
0.8236	-0.434	-0.06136
0.8867	-0.445	-0.02433
1.051	-0.1906	0.007709
1.677	2.273	0.06239
1.432	0.6811	0.04429
1.756	0.2096	0.09268
