1.863	1.728	0.07878
2.053	-1.832	0.1328
2.017	-4.343	0.08797
2.514	1.786	0.1602
2.228	-1.742	0.08548
2.2	0.2717	0.09828
2.118	-0.4796	0.1171
2.422	2.739	0.1445
2.399	0.1752	0.1225
2.757	0.3753	0.1203
1.56	-2.158	-0.07809
2.319	2.191	0.1234
2.098	-2.104	0.09661
2.213	0.09261	0.1385
2.233	-3.835	0.1192
2.038	0.4495	0.08903
2.037	-2.592	0.05213
2.141	0.3698	0.05611
2.356	-0.5854	0.09063
2.16	-1.013	0.07406
1.607	0.5015	-0.03399
2.334	-1.889	0.0924
2.165	1.583	0.09315
2.191	-1.011	0.09421
2.221	0.7333	0.1103
2.187	2.708	0.1203
2.656	2.203	0.1327
2.273	3.605	0.1394
2.303	-2.983	0.1447
2.448	0.2391	0.1271
2.814	-1.413	0.1116
2.175	2.109	0.1137
2.203	-0.6319	0.1282
2.394	0.2087	0.1216
1.376	-0.1257	-0.005518
2.184	-3.02	0.1233
2.217	0.0811	0.1193
2.354	-0.5842	0.143
2.304	-1.087	0.164
2.562	3.064	0.139
2.211	1.304	0.1223
1.623	-0.6141	-0.01613
2.18	-0.9912	0.08364
2.154	-2.243	0.1076
2.199	-4.808	0.08323
2.154	3.148	0.1157
2.282	-1.018	0.1328
2.157	4.336	0.1167
2.195	4.524	0.1185
2.243	-2.504	0.1397
2.359	2.977	0.1313
1.997	-0.9738	0.09159
2.11	0.8837	0.09811
2.151	0.8742	0.09075
2.198	2.257	0.1096
2.121	-3.899	0.09353
2.054	-4.03	0.08433
2.16	3.151	0.0963
2.154	3.525	0.03751
2.385	2.147	0.1064
2.23	1.097	0.09378
2.044	-1.947	0.07782
2.11	2.563	-0.01154
1.857	-2.534	0.01485
2.269	4.004	-0.03388
2.15	2.759	0.07608
2.043	2.289	0.06444
1.943	1.286	0.09663
1.574	0.6669	0.02377
1.934	-1.233	0.06175
1.949	2.065	0.0385
1.605	1.051	-0.09315
2.184	0.2932	0.08516
2.003	-2.807	0.102
2.188	1.249	0.08594
2.191	3.563	0.06911
2.241	3.26	0.06866
2.409	-2.473	0.09148
2.185	1.787	0.07824
2.259	0.9871	0.09075
2.347	1.326	0.1012
2.129	-0.2551	0.0865
2.074	2.231	0.09153
2.015	3.913	0.09482
2.253	2.586	0.1137
2.245	-0.6709	0.1105
1.999	0.9358	0.0953
2.092	-1.682	0.1086
2.177	-2.55	0.1163
2.47	2.242	0.1255
2.647	-4.78	0.1243
2.239	1.873	0.1064
2.488	0.5369	0.1015
2.148	1.032	0.094
2.399	-1.809	0.1224
2.908	-1.002	0.1523
2.5	-0.3152	0.1477
2.604	2.615	0.1044
2.51	-3.812	0.1604
2.703	3.037	0.1582
2.32	4.217	0.1532
2.161	-4.282	0.1342
2.229	-3.9	0.1382
2.736	-1.439	0.1049
3.013	1.609	0.106
2.238	-2.21	0.1254
2.273	2.388	0.1349
2.539	3.467	0.1097
2.379	-2.89	0.1109
2.431	3.056	0.1207
2.191	1.357	0.115
2.177	-0.3021	0.09388
2.223	3.249	0.1135
2.172	3.086	0.1201
2.301	1.718	0.1356
2.134	2.998	0.1003
2.359	1.822	0.128
2.221	-1.796	0.1311
2.093	-0.1698	0.1156
1.858	1.374	0.1006
1.923	-0.1155	0.04547
1.371	-0.0649	0.01093
2.338	-4.665	0.112
2.218	-2.244	0.1059
2.037	-0.02017	0.06381
2.127	-0.793	0.119
1.75	1.321	0.05169
2.369	1.624	0.1338
2.145	-3.666	0.1473
2.5	2.218	0.1305
2.474	3.836	0.1194
2.138	3.187	0.1112
2.218	1.049	0.108
2.296	-4.852	0.1796
2.217	0.03936	0.1147
2.298	1.866	0.1083
2.33	3.985	0.1117
2.241	2.942	0.1293
2.278	4.605	0.1014
2.286	-0.8714	0.1379
2.431	2.056	0.1466
2.204	2.953	0.1389
2.247	-2.967	0.1538
2.355	2.646	0.171
2.503	-2.04	0.1451
2.607	0.7875	0.1511
2.479	-2.8	0.1462
2.443	2.81	0.1582
2.478	2.376	0.1625
2.527	0.3934	0.1434
1.842	0.01952	0.08446
2.368	1.921	0.1051
2.411	0.7272	0.1294
2.333	2.002	0.1317
1.563	1.176	-0.06044
2.285	-2.263	0.09565
1.952	-2.396	0.1102
2.202	5.402	0.1173
2.332	-1.483	0.09643
1.314	0.4674	-0.08547
1.225	-0.1638	-0.04894
1.308	0.1705	-0.03169
2.089	-5.047	0.08426
2.21	-2.388	0.08212
2.083	-2.664	0.08413
2.146	-2.373	0.09377
2.125	-3.256	0.1036
2.153	-1.865	0.09508
2.185	-2.225	0.09395
2.192	-0.2353	0.1149
2.209	-4.946	0.09423
2.113	1.602	0.1071
2.152	4.038	0.119
2.138	1.781	0.1089
2.229	-1.556	0.1255
2.307	0.6751	0.1314
2.227	-1.436	0.1269
2.195	1.729	0.1321
2.255	-2.629	0.1373
2.177	2.172	0.1217
2.209	2.105	0.1187
2.256	1.653	0.1249
2.17	0.3245	0.1142
2.18	3.941	0.1154
2.173	0.1356	0.1143
2.241	-0.8336	0.1209
2.353	-3.404	0.1348
2.204	-3.634	0.1388
2.171	4.098	0.1151
2.268	3.155	0.1241
2.355	-0.9477	0.1475
2.517	3.026	0.1412
2.01	-4.518	0.08791
2.08	-2.876	0.09134
2.016	-4.722	0.08979
2.068	-4.675	0.09782
2.059	-2.591	0.09725
2.139	-0.9299	0.09155
2.114	-1.985	0.0936
2.078	3.916	0.08851
2.125	3.416	0.08965
2.069	-0.05641	0.09213
2.202	-3.006	0.09644
2.249	-3.79	0.1066
2.222	0.5262	0.1028
2.146	1.317	0.1004
2.062	-3.015	0.07675
2.089	-1.826	0.0842
2.12	-0.5709	0.09087
2.078	-3.228	0.09124
2.106	-0.3515	0.103
2.104	-1.055	0.08836
2.036	-3.017	0.0661
2.087	2.474	0.1028
2.062	3.109	0.07639
2.069	2.835	0.09332
2.158	2.818	0.1089
2.229	-0.946	0.1131
2.248	0.6036	0.09147
2.355	2.912	0.1192
2.059	2.86	0.04338
2.189	3.416	0.07708
2.281	1.33	0.08461
2.306	0.4822	0.07088
2.371	2.308	0.1061
2.08	-2.138	0.09237
2.04	-1.456	0.04602
2.211	1.97	0.09935
2.278	-0.948	0.1095
2.188	1.288	0.09274
2.183	0.7517	0.07544
2.098	-1.903	0.07386
2.115	3.643	-0.003407
2.168	3.546	0.00859
2.103	3.847	0.02485
2.048	-0.3281	0.05793
2.077	-2.169	0.05196
2.156	3.259	-0.0533
2.217	3.946	0.02693
1.933	1.913	0.03833
2.048	-1.374	0.0178
1.91	1.07	-0.05673
1.688	-0.7436	-0.1005
1.72	-3.1	-0.07345
2.193	2.516	0.09183
2.157	0.1152	0.08015
2.111	3.571	0.06913
2.119	-2.246	0.06507
2.069	2.864	0.06961
2.063	3.29	0.07289
1.966	1.293	0.06242
2.039	-3.121	0.08484
1.959	0.7175	0.08508
2.09	0.4232	0.07323
1.898	2.205	0.08953
1.734	0.5257	0.05946
1.888	2.547	0.06775
1.845	1.494	0.05131
1.411	-0.05587	-0.02242
1.75	0.001459	0.03228
1.99	2.406	0.05922
1.93	0.1527	0.04914
2.081	-0.9462	0.0671
1.944	-0.5228	0.04032
1.777	-1.952	0.01805
1.875	1.107	0.03167
1.578	0.6055	-0.05734
1.814	0.05051	0.01362
1.775	2.173	-0.02825
1.528	-0.7957	-0.114
1.967	-1.188	0.1003
1.906	0.4676	0.09822
2.18	0.7013	0.08241
2.061	-3.059	0.09154
2.072	-0.2484	0.09673
2.179	0.9213	0.0888
2.112	1.379	0.0989
2.169	2.356	0.07009
2.16	2.234	0.07074
2.179	1.465	0.09379
2.211	2.838	0.08038
2.262	-1.635	0.07701
2.257	0.6137	0.08484
2.284	2.763	0.07371
2.208	2.165	0.07473
2.205	2.54	0.07685
2.19	1.659	0.07278
2.219	3.271	0.06864
2.325	1.706	0.07881
2.23	0.616	0.07142
2.183	2.77	0.08067
2.366	1.518	0.09926
2.335	0.4561	0.07873
2.309	1.915	0.07653
2.274	0.3324	0.07887
2.231	-0.8884	0.07945
2.401	-1.097	0.09259
2.251	1.135	0.08869
2.293	-0.07956	0.09052
2.376	-1.32	0.09703
2.275	2.086	0.1001
2.246	1.707	0.09011
2.253	2.686	0.1012
2.146	3.366	0.08783
2.197	2.585	0.08825
2.119	2.325	0.09068
2.084	2.707	0.08941
2.067	4.172	0.08774
2.196	2.385	0.08861
2.151	2.174	0.09141
2.205	1.291	0.08725
2.134	2.248	0.08907
2.041	-0.8561	0.08715
2.035	3.52	0.08847
2.063	3.44	0.09214
2.015	0.316	0.0869
1.998	3.028	0.09176
1.977	-1.443	0.0889
2.252	1.091	0.1071
2.243	0.2248	0.09504
2.179	2.013	0.1075
2.295	2.081	0.109
2.315	2.019	0.1234
2.24	2.448	0.1296
2.263	-0.2901	0.1192
2.018	3.98	0.1058
2.08	3.502	0.1056
2.006	-2.843	0.09159
1.991	3.269	0.09818
2.071	2.709	0.1051
2.055	1.928	0.1019
2.167	2.611	0.1152
2.163	1.281	0.1205
2.136	3.176	0.1205
2.106	-0.6181	0.1129
2.19	2.94	0.1097
2.215	-0.3416	0.1178
2.267	3.631	0.1213
2.271	-0.4812	0.122
2.424	0.1226	0.112
2.281	-2.736	0.1202
2.66	-3.201	0.1219
2.556	-3.844	0.1186
2.712	0.3439	0.1262
2.394	2.291	0.1154
2.706	1.781	0.111
2.184	4.153	0.1028
2.21	2.511	0.1129
2.377	-0.8882	0.1124
2.376	3.542	0.1127
2.455	-0.296	0.1258
2.109	0.1589	0.0943
2.106	2.66	0.0982
2.103	-1.283	0.08838
2.174	-2.185	0.08896
2.202	-1.509	0.1037
2.294	3.048	0.109
2.565	1.053	0.1321
2.137	1.338	0.09893
2.228	0.328	0.112
2.288	-0.9535	0.1331
2.568	0.8493	0.1405
2.926	1.337	0.1445
2.425	-2.247	0.141
2.5	-0.8807	0.1318
2.75	3.548	0.1536
2.41	0.1185	0.1056
2.719	3.811	0.1112
2.502	2.395	0.1422
2.341	-1.689	0.1351
2.347	-4.555	0.1285
2.36	-2.5	0.1462
2.367	-4.249	0.142
2.858	2.94	0.1559
2.867	2.852	0.1483
2.613	2.95	0.1635
2.835	1.674	0.1632
2.512	-1.802	0.1571
2.354	-2.28	0.1481
2.381	-0.3402	0.1522
2.576	-3.551	0.1583
2.411	-0.8509	0.155
2.775	0.2974	0.1538
2.561	2.887	0.1561
2.239	4.226	0.1468
2.278	0.9405	0.1437
2.299	3.762	0.1464
2.204	1.599	0.1361
2.211	-0.06507	0.1427
2.172	-4.664	0.137
2.138	-1.235	0.1232
2.139	-1.161	0.1242
2.83	3.993	0.1083
2.685	-3.951	0.1067
2.219	2.937	0.1352
2.593	-2.366	0.1072
2.922	-1.206	0.1127
2.687	-3.061	0.1018
3.199	0.3868	0.1039
2.306	3.401	0.136
2.27	-1.251	0.1409
2.137	0.6837	0.1181
2.245	-2.606	0.1319
2.306	1.218	0.1334
2.473	3.265	0.1307
2.395	3.593	0.1295
2.729	0.6145	0.1139
2.575	1.62	0.1069
2.333	2.026	0.13
2.465	-1.656	0.1247
2.473	3.557	0.1193
2.512	-0.6014	0.1102
2.488	2.23	0.1217
2.454	2.201	0.1213
2.407	1.87	0.1112
2.449	1.448	0.1156
2.394	1.823	0.1158
2.396	1.384	0.1267
2.219	-2.743	0.09936
2.197	-2.048	0.08654
2.207	0.482	0.1196
2.214	-3.001	0.1133
2.188	-0.7593	0.1005
2.17	2.394	0.1097
2.153	2.289	0.1004
2.5	1.937	0.122
2.188	1.784	0.1209
2.937	0.4939	0.1186
2.76	1.722	0.1021
2.54	-1.833	0.1078
2.174	1.325	0.1165
2.164	3.146	0.1199
2.189	-3.215	0.1201
2.177	-0.9933	0.1161
2.39	3.371	0.1182
2.204	3.629	0.1244
2.204	2.294	0.124
2.272	0.8586	0.1249
2.317	1.946	0.1331
2.404	0.7694	0.1331
2.158	2.651	0.08451
2.153	3.435	0.1065
2.132	3.323	0.09501
2.157	3.81	0.08582
2.149	0.5744	0.0933
2.237	0.8411	0.1324
2.2	2.563	0.1173
2.391	0.3488	0.1276
2.344	2.288	0.1401
2.267	-2.639	0.1376
2.28	-3.122	0.1315
2.157	-1.586	0.1314
2.134	1.5	0.1114
2.133	0.7218	0.1057
2.164	0.02182	0.1182
2.196	0.004878	0.1262
2.055	-2.633	0.122
2.037	-1.285	0.106
1.965	-1.831	0.1195
1.984	-3.281	0.1178
1.931	-1.465	0.1079
1.853	1.15	0.08406
1.767	1.458	0.05922
1.686	1.033	0.04872
2.078	1.579	0.09372
1.872	0.4335	0.07153
1.615	0.4975	0.01756
1.552	0.1491	0.009663
1.284	-0.2419	-0.006609
2.282	-2.905	0.1146
2.239	-4.712	0.1145
2.356	0.2653	0.113
2.308	-2.53	0.1136
2.299	-5.115	0.112
2.418	0.1675	0.1175
2.325	-0.9593	0.1045
1.936	0.1025	0.04752
1.655	0.2202	0.02132
2.102	-0.8559	0.08724
2.211	1.837	0.08285
2.263	0.9209	0.09691
1.879	0.49	0.05834
1.501	0.08101	0.01656
2.314	-3.48	0.1253
2.148	0.7531	0.1017
1.972	-0.4106	0.08746
2.049	1.935	0.1172
1.968	2.2	0.09802
2.123	1.181	0.1351
2.127	-3.891	0.1465
2.414	-1.253	0.1351
2.281	1.987	0.1312
2.176	0.2893	0.1381
2.195	0.04441	0.1414
2.171	-4.632	0.1237
2.473	2.223	0.1217
2.45	0.3569	0.1304
2.364	-3.723	0.1125
2.467	2.196	0.1233
2.509	-2.114	0.1266
2.412	3.76	0.1266
2.21	-3.557	0.1269
2.492	-1.348	0.1325
2.593	1.556	0.1283
2.569	1.927	0.1266
2.23	0.06544	0.1169
2.189	0.921	0.1166
2.425	3.509	0.1198
2.132	3.782	0.1147
2.105	3.166	0.1119
2.219	2.726	0.1441
2.175	-1.504	0.1623
2.21	1.099	0.1085
2.185	3.292	0.1164
2.254	-2.078	0.1402
2.324	-3.585	0.1351
2.328	-3.741	0.1668
2.23	3.033	0.1123
2.254	3.296	0.1128
2.142	0.6784	0.1128
2.173	1.399	0.1115
2.263	1.037	0.1102
2.253	0.5235	0.1137
2.313	3.565	0.1092
2.325	1.176	0.09853
2.352	-3.361	0.1131
2.286	3.416	0.09173
2.413	3.383	0.107
2.301	3.433	0.1164
2.279	-1.371	0.1138
2.376	3.352	0.1096
2.192	2.477	0.1242
2.178	3.197	0.1176
2.17	4.577	0.1132
2.387	-0.3234	0.137
2.211	1.364	0.1187
2.341	2.883	0.1382
2.451	-1.833	0.1436
2.181	-0.2355	0.1306
2.245	-1.135	0.1364
2.34	2.754	0.1394
2.328	0.3476	0.1498
2.36	2.993	0.1559
2.194	-1.978	0.132
2.209	2.547	0.13
2.166	-0.9612	0.1221
2.178	-3.191	0.1354
2.233	2.099	0.1389
2.307	-2.485	0.1552
2.267	-0.9094	0.1588
2.225	-2.266	0.1394
2.254	2.717	0.1483
2.239	3.369	0.1435
2.315	-4.582	0.1645
2.378	-2.975	0.1777
2.259	1.877	0.1516
2.419	2.413	0.1659
2.311	-4.017	0.1676
2.407	1.801	0.1286
2.411	2.232	0.1378
2.688	-1.268	0.1477
2.671	2.308	0.1474
2.551	-2.085	0.1508
2.424	1.516	0.1432
2.408	2.067	0.1438
2.375	3.525	0.1404
2.497	-1.36	0.1509
2.479	-1.751	0.1474
2.545	-0.5915	0.1492
2.455	2.185	0.1466
2.418	2.703	0.1535
2.393	-0.4866	0.1625
2.581	0.7113	0.1501
2.329	1.534	0.1478
2.571	0.99	0.1545
2.498	-2.679	0.1597
2.436	1.798	0.1707
2.299	-2.496	0.1581
2.382	2.597	0.1721
2.272	-4.443	0.1682
2.409	0.1155	0.1276
2.36	2.608	0.126
2.387	-0.6279	0.1304
2.454	-0.5535	0.1472
2.621	-1.537	0.1372
2.323	-0.8559	0.05675
2.358	1.759	0.09898
1.569	-0.6322	-0.0157
2.084	1.158	0.02463
2.046	1.727	0.08094
2.198	1.481	0.1087
2.332	-0.5625	0.1225
2.588	-1.427	0.1332
2.481	2.955	0.1348
2.52	2.049	0.1279
2.415	-0.9459	0.1202
2.338	-0.3178	0.1349
2.364	3.376	0.1301
2.261	-0.7435	0.1312
2.344	1.85	0.1284
2.467	-0.4509	0.1396
2.464	2.721	0.1391
1.516	0.2105	-0.06462
1.708	-1.315	0.03604
1.6	2.064	-0.04381
1.971	-0.6475	0.05684
1.958	-3.746	0.04133
2.084	-2.802	0.09192
2.371	-3.434	0.09407
1.724	-1.672	0.06193
2.149	-0.1559	0.131
2.003	0.8816	0.09756
2.055	-0.9474	0.1316
2.243	-5.137	0.1742
2.28	-2.409	0.1679
2.252	2.875	0.137
2.362	0.7267	0.0918
2.384	-3.696	0.1004
2.229	2.127	0.101
2.243	2.135	0.1007
2.262	4	0.1169
2.272	-1.599	0.1126
2.289	0.7693	0.1039
2.235	2.344	0.1131
1.457	0.04149	-0.08831
1.389	0.109	-0.07993
1.387	0.9237	-0.1011
1.43	2.496	-0.07686
1.407	1.198	-0.06571
1.263	-0.2637	-0.0337
1.297	-0.154	-0.057
1.347	-0.1499	0.003892
1.206	-0.2868	-0.02554
1.241	-0.2052	-0.02961
1.295	0.2515	-0.06517
1.46	1.424	-0.03491
1.265	0.1252	-0.06762
1.248	-0.04806	-0.04677
1.292	-0.0817	-0.01674
1.536	-0.4296	0.03608
1.461	0.8223	0.02667
1.791	0.4473	0.08007
1.76	0.6452	0.08678
1.966	-1.364	0.153
1.873	-0.9235	0.0855
2.2	-2.001	0.1381
2.134	2.72	0.0914
2.097	0.1468	0.09374
2.068	0.8652	0.1247
2.101	-1.603	0.1121
2.394	1.285	0.1069
1.93	3.419	0.1172
1.336	-0.9322	-0.0663
2.146	0.3708	0.1287
1.975	-2.424	0.09665
2.206	-3.958	0.1261
1.941	-5.412	0.1168
2.053	-0.6165	0.08153
1.826	-1.312	0.06589
1.942	3.009	0.04724
2.02	1.975	0.1183
2.449	0.9981	0.07703
1.095	0.8519	0.0173
2.353	1.43	0.08922
2.143	-1.395	0.08437
2.05	1.849	0.09178
1.963	0.04881	0.1002
1.982	3.562	0.1073
2.215	-1.968	0.1112
2.469	-0.1017	0.1391
2.321	2.703	0.1325
2.233	0.6188	0.1317
2.618	-2.168	0.1124
2.161	0.4627	0.07964
2.204	0.3617	0.1129
2.171	-0.5092	0.1334
0.9425	-0.008901	0.06048
2.149	-3.899	0.1334
2.311	2.703	0.119
2.476	-1.626	0.1491
2.501	1.603	0.1552
2.424	2.086	0.1527
1.917	-3.78	0.1301
1.417	0.2292	-0.0104
1.889	-0.2507	0.0963
1.939	-3.377	0.1072
1.887	-4.038	0.09402
1.98	2.949	0.1017
2.186	3.011	0.1253
2.059	4.057	0.106
2.252	3.725	0.118
2.143	-3.554	0.1324
2.337	2.699	0.1293
1.996	-5.373	0.08617
2.027	-1.71	0.103
2.194	-1.714	0.09073
2.172	0.2023	0.08955
2.009	-3.902	0.09376
1.93	-1.999	0.08474
1.967	0.8594	0.09643
1.897	3.385	0.09566
2.174	2.955	0.1375
2.076	-0.1886	0.08855
1.78	-2.161	0.0005669
1.607	0.377	-0.01174
1.715	-0.6351	0.01287
1.494	2.503	-0.01521
2.223	3.77	0.07886
2.386	1.982	0.0745
2.077	0.05556	0.07876
1.094	0.33	0.04482
2.048	-0.8033	0.05989
2.029	2.349	0.04813
1.157	1.158	-0.02699
2.328	0.1444	0.07404
2.074	-4.239	0.09861
2.275	2.056	0.08717
2.32	3.344	0.07257
2.244	3.051	0.06532
2.211	1.985	0.08402
2.14	-0.1792	0.07196
2.077	3.688	0.09101
2.134	2.347	0.1035
2.098	0.6535	0.08418
2.01	2.022	0.08072
1.926	-0.3911	0.08443
2.047	-2.992	0.1042
2.134	1.707	0.09835
1.919	2.34	0.091
2.081	0.3392	0.09374
1.912	0.5259	0.09956
1.9	-0.0215	0.1021
1.921	-2.192	0.1159
2.11	1.938	0.1073
2.032	-3.806	0.126
1.976	1.238	0.09809
1.983	-0.183	0.127
2.346	3.052	0.1333
2.382	0.6945	0.1102
2.337	-4.198	0.1124
2.47	2.52	0.1474
2.498	1.995	0.1306
2.351	2.642	0.1447
2.139	-2.913	0.1386
2.172	1.895	0.136
2.365	-2.466	0.1065
2.185	1.688	0.1232
2.162	0.4714	0.1276
2.234	2.56	0.1344
2.281	4.892	0.1156
2.067	-2.371	0.1224
2.53	2.751	0.1135
2.076	-3.666	0.09105
2.166	1.403	0.07423
2	1.003	0.1218
2.158	2.818	0.09832
2.302	-1.521	0.1074
2.133	1.7	0.08289
2.301	2.11	0.1067
2.331	-0.5338	0.1059
2.126	-1.614	0.09466
1.868	-1.678	0.09561
1.734	-0.4991	0.1138
1.096	0.1428	0.08537
2.181	-3.973	0.1228
2.177	1.332	0.1201
1.783	-0.4234	0.09631
2.144	1.024	0.1132
1.593	2.109	0.05952
2.341	1.024	0.1279
2.026	-3.752	0.1737
2.169	-1.895	0.1329
2.299	3.303	0.1242
2.189	4.246	0.1151
2.285	6.89	0.1259
2.152	-4.34	0.1743
2.235	1.181	0.1053
2.385	1.043	0.1133
2.426	3.35	0.123
2.272	3.731	0.1114
2.286	6.645	0.1191
2.384	-0.5232	0.1229
2.326	2.68	0.125
2.333	1.59	0.121
2.381	-1.568	0.1573
2.339	3.763	0.1626
2.29	-3.072	0.1492
2.536	2.603	0.1536
2.241	0.7482	0.1353
2.427	-2.49	0.1588
2.418	2.905	0.1551
2.249	2.531	0.1447
1.707	-2.248	0.03987
1.902	1.387	0.09286
1.997	-0.5906	0.1372
2.021	0.1795	0.1212
1.386	0.8542	-0.02764
1.87	-3.09	0.1082
1.87	-1.793	0.1212
2.237	3.738	0.1321
2.082	-0.1124	0.1224
0.8915	0.8608	-0.03704
0.664	-0.1193	0.01943
0.9669	0.5747	0.003864
1.884	-4.67	0.09022
1.865	-2.853	0.09646
1.883	-2.356	0.09091
1.915	-2.672	0.1002
1.965	-3.447	0.1015
1.866	-2.606	0.1013
1.861	-2.815	0.09935
1.939	-3.671	0.1133
1.889	-5.257	0.1002
1.978	2.82	0.09532
1.998	3.932	0.1039
2.046	2.626	0.1007
2.076	-2.034	0.1143
2.176	0.8013	0.128
2.077	-0.6977	0.1113
2.062	0.2885	0.109
2.211	-1.041	0.1209
2.101	-1.694	0.1075
2.187	-1.094	0.1151
2.206	1.144	0.121
2.121	2.079	0.107
2.14	3.949	0.1105
2.183	0.9595	0.1126
2.316	4.392	0.1246
2.175	-3.3	0.1247
2.164	-3.248	0.1284
2.254	2.864	0.1193
2.287	-0.2718	0.1228
2.169	-1.771	0.1385
2.262	1.751	0.1351
1.901	-3.253	0.08396
1.944	-2.668	0.09403
2.032	-1.732	0.08332
2.039	-4.276	0.09846
2.025	-2.848	0.09901
1.957	-1.355	0.1016
1.96	-2.08	0.1021
2.127	4.155	0.0849
2.127	2.152	0.08977
2.051	0.07395	0.09065
2.149	0.01249	0.09808
2.208	-0.5167	0.1007
2.239	-2.277	0.09739
2.071	2.328	0.09023
1.965	-1.099	0.05757
1.958	-1.123	0.08634
1.991	-1.499	0.1023
1.964	-3.242	0.0904
2.022	-1.236	0.1033
1.982	-1.727	0.09601
1.871	-0.406	0.07335
1.926	2.914	0.09333
1.837	2.902	0.07801
1.878	2.272	0.08404
1.963	2.838	0.1006
2.064	-2.353	0.1181
2.057	0.09672	0.1265
2.165	2.42	0.1347
1.81	2.037	0.08363
1.935	1.515	0.09577
2.03	2.334	0.1211
1.997	-0.4382	0.1159
2.163	-0.6585	0.1392
2.028	1.312	0.05138
1.781	-2.554	0.03896
2.088	1.744	0.0927
2.189	-3.975	0.09718
2.103	-0.7353	0.07079
2.027	1.731	0.07468
1.952	0.5236	0.03995
1.817	2.58	0.08286
1.901	3.904	0.08166
1.764	0.757	0.06845
1.671	-2.472	-0.02279
1.767	-0.886	-0.0198
1.555	1.054	-0.008419
1.855	2.439	0.07476
1.878	-4.359	0.02835
1.583	-3.208	-0.06092
1.492	-3.092	-0.07348
1.392	-1.247	-0.06744
1.39	-1.439	-0.07394
2.078	1.999	0.08452
2.094	1.868	0.08076
2.418	3.401	0.07503
2.477	0.9501	0.07264
2.311	3.503	0.07691
2.163	3.943	0.07781
2.151	1.633	0.0681
2.289	-3.44	0.07459
2.104	-1.084	0.07354
2.354	0.5011	0.07685
1.842	-1.713	0.08163
1.714	1.769	0.06558
1.799	-1.843	0.07068
1.692	0.516	0.04631
0.9216	0.2163	0.02333
1.613	0.2284	0.05165
2.311	-0.998	0.06632
1.949	-2.668	0.04702
2.355	0.681	0.06695
2.036	-1.232	0.05192
1.479	-1.35	0.02215
1.87	1.231	0.03641
1.104	1.232	-0.003327
1.517	-0.6974	0.01391
1.467	0.8014	-0.01617
1.274	1.274	-0.07214
2.116	-1.262	0.09652
1.967	0.3972	0.08825
2.382	-0.224	0.07497
2.265	-0.116	0.07422
2.162	-2.331	0.08418
2.228	0.8383	0.08113
2.088	-0.3128	0.09119
2.31	0.7865	0.07611
2.371	3.525	0.07464
2.115	3.385	0.08853
2.24	0.4507	0.08211
2.343	0.1496	0.07671
2.339	1.575	0.08841
2.361	-0.403	0.07621
2.302	1.535	0.07114
2.2	1.385	0.07551
2.354	2.246	0.07245
2.287	3.122	0.06817
2.307	1.956	0.07348
2.158	3.527	0.07108
2.153	2.719	0.07794
2.306	-0.1841	0.09004
2.257	2.006	0.07026
2.143	-0.8565	0.07587
2.147	-1.201	0.08702
2.126	-1.218	0.07868
2.17	-0.9389	0.09319
2.15	-2.411	0.1001
2.232	-3.225	0.09668
2.21	1.267	0.09334
2.132	-1.207	0.09602
2.036	-1.187	0.08916
2.09	3.005	0.09857
2.193	-0.5307	0.08842
2.191	2.774	0.09148
2.139	3.582	0.09054
2.108	3.034	0.08364
2.079	2.412	0.0805
2.016	2.46	0.08468
2.016	0.6025	0.08535
2.069	-0.8683	0.08802
2.043	1.978	0.07973
2.034	3.003	0.07961
1.975	3.684	0.08027
2.017	3.984	0.08457
2	-1.286	0.07937
1.955	-1.967	0.08248
1.882	1.217	0.084
2.119	1.45	0.1012
2.147	1.437	0.09764
2.1	0.05932	0.1006
2.087	-0.4536	0.1036
2.03	3.098	0.103
1.976	-0.3495	0.1043
2.085	1.91	0.104
1.983	2.137	0.08698
2.093	3.02	0.09233
1.875	0.8232	0.08705
1.881	3.405	0.08608
1.939	0.8305	0.08926
1.973	4.154	0.09343
1.967	-0.479	0.09215
1.986	-4.049	0.1017
1.938	1.77	0.1081
2.09	-0.6709	0.1007
2.035	2.509	0.09784
1.901	1.34	0.09788
1.904	-1.839	0.1096
1.929	3.982	0.1151
1.906	-2.89	0.09993
1.872	-4.128	0.1002
1.892	-5.078	0.108
1.914	0.211	0.1101
1.924	-0.5719	0.1219
1.976	3.526	0.1111
1.944	3.49	0.1223
2.041	2.51	0.1023
2.006	3.371	0.105
2.093	-0.7109	0.1209
2.118	4.02	0.1126
2.138	1.591	0.1194
1.954	0.9927	0.09193
2.017	4.538	0.09751
1.908	-2.347	0.08998
1.924	-2.274	0.0948
1.929	-3.364	0.1048
2.029	1.196	0.1063
2.044	-0.8076	0.1155
2.04	3.411	0.1036
1.965	-1.728	0.1087
1.968	-4.856	0.1267
2.178	0.04437	0.1384
2.272	3.618	0.135
2.125	-3.636	0.1302
2.369	2.391	0.1331
2.216	1.184	0.1367
2.084	-4.7	0.126
2.005	1.489	0.126
2.484	0.3942	0.1188
2.235	1.609	0.1131
2.259	3.906	0.1217
2.264	2.116	0.1228
2.233	-5.939	0.1057
2.351	2.732	0.1298
2.526	-0.7817	0.1277
2.345	-5.493	0.1461
2.35	-3.928	0.1371
2.556	2.403	0.1395
2.51	-2.915	0.1501
2.646	-0.0288	0.1435
2.304	-0.08321	0.1466
2.281	-2.449	0.1405
2.404	-1.497	0.1247
2.36	2.759	0.1419
2.527	1.967	0.142
2.268	3.301	0.1367
2.254	-3.981	0.1356
2.317	3.811	0.136
2.327	-1.256	0.1393
2.114	-4.515	0.1389
2.089	-1.885	0.1305
2.088	-3.918	0.1372
2.261	2.482	0.1216
1.981	2.563	0.1187
2.333	3.245	0.1158
2.312	-3.51	0.1077
2.408	-2.762	0.1236
2.453	-4.319	0.1206
2.393	-3.353	0.1171
2.196	-0.7486	0.1305
2.286	2.863	0.1359
2.094	-2.434	0.1317
2.135	0.6	0.1306
2.181	3.695	0.129
2.245	3.88	0.1286
2.227	3.795	0.1318
2.337	2.278	0.1136
2.448	0.7508	0.1171
2.343	2.732	0.1208
2.303	-2.021	0.1245
2.187	2.343	0.126
2.413	2.859	0.1134
2.608	-1.168	0.1107
2.102	3.563	0.1285
2.103	-1.058	0.1139
2.303	0.5123	0.1132
2.264	1.505	0.1109
2.416	0.8393	0.1109
2.159	-2.122	0.09257
2.134	1.872	0.08399
2.048	2.266	0.1033
2.149	-3.204	0.1008
2.153	-0.7309	0.07892
2.072	-1.126	0.0781
2.132	-0.1655	0.06925
1.943	2.528	0.1211
2.004	-0.1177	0.1181
1.972	-2.38	0.1278
2.015	2.859	0.1245
2.187	-2.112	0.1184
2.032	3.151	0.09509
2.162	1.481	0.08656
2.045	-3.573	0.1057
2.077	-2.024	0.1075
2.399	3.096	0.1041
2.259	1.665	0.09635
2.296	2.773	0.09663
2.413	2.653	0.1033
2.332	2.624	0.1105
2.305	-1.99	0.1113
2.15	2.778	0.07255
2.154	3.919	0.07651
2.154	3.316	0.06977
2.144	3.473	0.07518
2.118	0.1057	0.08421
2.319	1.046	0.1054
2.266	0.5649	0.09752
2.352	-0.4951	0.1063
2.289	-0.09429	0.1105
2.273	-0.0008063	0.1083
2.235	-4.099	0.1158
2.3	-1.963	0.1071
2.12	1.506	0.0917
2.085	1.959	0.09303
2.191	0.5292	0.09257
2.28	0.5844	0.101
2.312	-3.746	0.1039
2.064	-2.616	0.09582
2.147	-0.2194	0.1133
2.166	0.2656	0.1117
2.057	-0.8016	0.1055
1.824	-0.8932	0.1119
1.483	1.646	0.0927
1.504	1.76	0.08104
2.039	-1.016	0.1154
1.751	-0.6302	0.107
1.339	0.7019	0.09628
1.415	0.5966	0.08919
0.9409	-0.02584	0.07427
2.257	-0.1409	0.1006
2.166	-3.69	0.1178
2.319	0.1567	0.1075
2.304	-3.51	0.1024
2.203	-4.632	0.118
2.148	1.41	0.1321
2.138	-0.8156	0.1208
1.736	-0.1578	0.1121
1.432	0.8838	0.07729
2.059	-1.614	0.1254
2.03	0.6352	0.1095
2.081	0.2111	0.1149
1.639	2.123	0.06962
1.145	0.3819	0.04925
2.198	-2.414	0.1207
2.024	-0.6498	0.1059
1.957	-0.7328	0.09553
2.054	2.019	0.1214
1.904	0.6968	0.1057
2.119	-0.481	0.1422
1.982	-3.907	0.1754
2.262	-1.096	0.1266
2.261	1.894	0.1222
2.17	-0.6562	0.1406
2.207	-3.312	0.1383
2.075	-4.44	0.1512
2.114	2.336	0.133
2.177	-0.3024	0.1381
2.11	-3.632	0.1285
2.092	2.659	0.1301
2.202	-1.207	0.1307
2.336	2.615	0.1254
2.184	-1.816	0.1355
2.305	1.569	0.1279
2.321	2.094	0.1263
2.322	2.86	0.1273
2.151	1.51	0.1272
2.222	-0.4136	0.1214
2.21	1.627	0.1271
2.127	1.599	0.1269
2.093	4.012	0.1177
2.072	-0.06693	0.1629
1.998	-5.742	0.1909
2.188	2.59	0.1276
2.119	3.59	0.1458
2.215	2.387	0.146
2.452	-1.636	0.1446
2.295	-1.172	0.1561
2.351	4.969	0.1136
2.277	1.921	0.1229
2.119	2.436	0.1121
2.264	4.078	0.1103
2.36	3.288	0.1107
2.281	2	0.1113
2.26	-0.7638	0.1159
2.501	3.385	0.125
2.501	-1.704	0.1417
2.396	1.533	0.1235
2.461	5.226	0.1206
2.344	4.716	0.118
2.362	-1.386	0.1253
2.448	1.83	0.136
2.342	2.161	0.1166
2.272	3.341	0.118
2.196	2.778	0.1138
2.209	4.512	0.1068
2.067	-1.584	0.1095
2.352	1.212	0.1177
2.233	3.657	0.1133
2.39	0.3035	0.1209
2.378	3.043	0.1175
2.382	3.035	0.1248
2.401	0.06095	0.1263
2.442	2.247	0.1329
2.281	1.727	0.1151
2.302	-0.729	0.1109
2.164	-1.622	0.1192
2.238	-2.314	0.1327
2.352	2.12	0.1346
2.406	-1.138	0.1332
2.437	-0.422	0.1557
2.356	-3.644	0.1219
2.39	0.9877	0.1338
2.379	3.087	0.1468
2.379	-5.452	0.1682
2.367	-3.889	0.1753
2.385	-0.7358	0.1597
2.365	2.13	0.1557
2.257	-4.851	0.154
2.269	0.4351	0.1434
2.28	0.5131	0.137
2.392	2.686	0.1584
2.514	1.758	0.1599
2.353	-2.07	0.1447
2.293	2.785	0.1313
2.354	0.4324	0.138
2.344	2.81	0.1439
2.328	3.3	0.1503
2.523	1.781	0.1594
2.159	2.686	0.1216
2.325	3.437	0.131
2.4	-0.6397	0.1422
2.471	-1.248	0.1564
2.545	-0.9379	0.1555
2.26	3.428	0.1372
2.592	0.983	0.1693
2.617	-3.304	0.1675
2.519	1.248	0.1712
2.13	-0.8531	0.1453
2.335	2.813	0.1636
2.177	-3.707	0.1541
2.265	-1.423	0.1475
2.078	1.396	0.1271
2.259	1.877	0.1464
2.33	2.033	0.1578
2.359	0.6048	0.1556
1.778	-0.8515	0.05824
1.859	2.846	0.103
1.445	-0.5247	-0.03185
1.546	2.266	-0.01505
1.781	0.9868	0.0636
1.747	0.2887	0.09112
1.752	1.651	0.1039
2.221	-0.302	0.1318
2.253	1.229	0.1375
2.069	-3.009	0.1209
2.055	-0.2447	0.1261
1.893	1.73	0.1309
2.12	-2.412	0.1338
2.009	-2.065	0.1331
2.024	-0.7123	0.1342
2.1	0.9592	0.126
2.013	3.751	0.1151
1.297	0.294	-0.0625
1.628	-0.9278	0.01563
1.392	4.458	-0.03146
1.746	-1.945	0.05537
1.734	-3.101	0.04753
1.768	-3.527	0.08963
1.909	-4.863	0.1228
1.593	-1.492	0.04255
1.987	-3.022	0.1332
1.797	-0.6291	0.08986
1.928	-2.479	0.1563
2.009	-5.56	0.1658
2.224	-1.056	0.1578
2.342	2.741	0.1289
1.971	-0.8416	0.1233
2.016	-4.18	0.1286
1.993	2.093	0.1122
2.114	3.606	0.1234
2.369	3.943	0.1304
2.06	-0.5312	0.1334
2.221	0.6528	0.1266
2.09	5.408	0.1146
1.183	1.956	-0.06412
0.8144	0.5484	-0.01941
1.004	2.058	-0.05079
1.183	3.411	-0.04742
1.117	1.877	-0.03199
0.6771	-0.1539	0.02736
0.7025	0.01507	0.00307
0.9791	0.06928	0.06235
0.7067	-0.1972	0.04812
0.7354	-0.1354	0.03816
0.8798	0.6175	-0.01202
1.223	2.549	-0.01237
0.7426	0.2065	-0.006263
0.763	0.1904	0.0127
0.8854	0.1531	0.03316
1.519	-0.1281	0.03704
1.319	1.575	0.03658
1.723	0.2547	0.07888
