1.61	0.5045	0.03685
1.89	0.1222	0.1685
2.161	-2.091	0.1976
2.548	2.404	0.3018
2.052	-2.941	0.2174
2.021	-1.618	0.272
2.163	0.4361	0.2522
2.503	4.349	0.2165
2.135	0.3258	0.1777
2.386	1.821	0.2092
1.604	-1.29	-0.04097
2.194	1.544	0.3256
2.046	-3.243	0.2232
2.111	-4.192	0.2851
2.157	-4.788	0.2488
2.058	-2.263	0.2161
2.056	-1.578	0.1764
1.977	1.388	0.1794
2.23	1.911	0.2432
1.958	1.161	0.2398
1.504	0.6349	-0.05665
2.033	0.138	0.2601
1.994	1.856	0.2024
2.158	-1.985	0.2471
2.165	-0.2608	0.2074
2.195	-3.654	0.2283
2.245	3.003	0.3254
2.265	2.653	0.3293
2.406	-3.771	0.2213
2.304	4.501	0.2834
2.69	-3.447	0.1792
1.932	2.63	0.2007
1.859	-2.796	0.1489
2.026	0.8573	0.2106
1.236	-0.5055	-0.0161
2.032	-3.42	0.2354
2.219	2.103	0.2465
2.184	-0.05864	0.2016
2.329	1.652	0.2993
2.364	2.448	0.3227
2.352	-1.357	0.2219
1.566	-1.965	0.04578
2.196	-2.082	0.1682
2.111	-3.038	0.2318
2.264	-4.371	0.1943
2.091	3.706	0.2714
2.163	0.05323	0.3036
2.125	3.341	0.2626
2.167	2.139	0.277
2.252	1.155	0.275
2.213	0.5574	0.3093
2.097	-4.302	0.204
2.096	0.2346	0.1732
2.043	-0.9128	0.255
2.03	1.918	0.218
2.057	-2.661	0.1906
2.014	-3.199	0.2151
2.088	3.439	0.3114
2.075	4.382	0.2342
2.277	-0.553	0.3599
2.059	-0.2293	0.2505
2.081	-1.129	0.08487
2.102	3.167	-0.02113
1.825	0.8087	0.024
2.016	3.029	0.03348
1.89	3.041	0.2762
1.871	2.804	0.2338
1.77	1.134	0.1278
1.325	-0.2366	-0.03098
1.741	0.03553	0.1122
1.797	2.04	0.1133
1.538	0.2313	-0.09694
2.046	-0.6415	0.2337
1.909	-2.296	0.1491
1.961	2.373	0.2751
1.927	2.828	0.2683
1.954	3.771	0.2467
2.09	1.515	0.2345
1.968	2.268	0.2153
2.107	1.894	0.2501
2.128	2.135	0.2281
2.01	2.277	0.2534
2.055	3.09	0.2302
2.059	3.401	0.2217
2.156	1.815	0.2414
2.12	-0.9436	0.2103
2.138	1.904	0.2054
2.146	-0.6488	0.2301
2.091	0.063	0.2258
2.274	0.4693	0.2065
2.042	-4.071	0.2261
2.382	2.306	0.2397
2.395	1.774	0.2239
2.308	-1.944	0.2176
2.187	0.7514	0.2931
2.367	3.459	0.3273
2.283	2.7	0.2913
2.602	-2.644	0.1922
2.699	-2.286	0.3105
2.831	1.509	0.3299
2.398	2.476	0.2996
2.131	-4.891	0.3015
2.13	-1.757	0.2885
2.642	3.079	0.1715
2.609	-0.3516	0.201
2.075	1.31	0.2957
2.365	-0.8979	0.2428
2.274	4.956	0.1547
2.115	-3.203	0.1679
2.317	3.438	0.1714
2.07	-1.852	0.2041
2.007	1.424	0.2015
2.105	2.443	0.2048
2.01	-0.4232	0.1909
2.091	2.048	0.1924
1.893	2.914	0.1985
2.076	-2.251	0.1875
1.918	0.8706	0.1975
1.848	0.6786	0.1733
1.507	-0.2267	0.07003
1.658	0.5962	0.04965
1.179	-0.4785	-0.04038
2.057	-4.648	0.1872
1.945	-1.663	0.1618
1.765	0.08542	0.09878
1.977	-0.4171	0.1972
1.561	0.5377	0.06293
2.174	1.808	0.2618
1.932	-4.738	0.2068
2.159	-0.4023	0.2691
2.157	3.525	0.2924
2.215	-1.135	0.238
1.962	3.024	0.1966
2.116	-6.041	0.2083
2.249	0.1981	0.2582
2.194	1.794	0.2245
2.145	-1.423	0.2004
2.346	0.5504	0.2453
2.537	5.239	0.203
2.088	-1.939	0.2709
2.145	0.9185	0.2651
2.122	-0.1315	0.2807
2.214	0.7465	0.3176
2.414	-3.635	0.2965
2.266	-0.7548	0.3516
2.266	-2.881	0.3211
2.384	-2.371	0.2691
2.247	-0.1203	0.3087
2.351	1.528	0.32
2.413	2.599	0.3588
2.012	-0.9715	0.1508
2.386	2.369	0.2953
2.401	2.75	0.2919
2.556	-1.321	0.2457
1.5	0.2404	-0.0104
2.091	-0.6658	0.1444
1.969	-2.781	0.1477
2.198	3.325	0.1833
2.414	-0.7983	0.1829
1.274	0.5858	-0.08606
1.153	-0.3882	-0.07523
1.275	0.1415	0.02513
2.21	-4.57	0.1824
2.249	-3.083	0.1742
2.203	-2.482	0.1967
2.117	-2.435	0.1739
2.078	-2.952	0.2272
2.143	-2.915	0.1817
2.176	-3.641	0.1921
2.14	-1.319	0.2433
2.238	-4.679	0.208
2.065	2.256	0.2616
2.111	3.271	0.2669
2.105	2.138	0.2583
2.129	-1.048	0.3043
2.189	2.475	0.3133
2.124	-0.5353	0.2884
2.111	1.022	0.2767
2.122	-2.651	0.297
2.107	1.361	0.268
2.151	-0.0005153	0.2604
2.15	-0.4907	0.2705
2.139	1.494	0.2562
2.152	2.999	0.2682
2.113	1.734	0.2658
2.179	0.5176	0.2878
2.144	-3.368	0.2876
2.136	-3.789	0.2748
2.147	2.012	0.2707
2.29	2.881	0.2869
2.517	1.053	0.2872
2.394	2.05	0.3017
2.141	-1.433	0.1988
2.146	-4.311	0.1827
2.067	-3.099	0.2075
2.068	-4.458	0.1949
2.111	-1.499	0.1862
2.159	-0.2365	0.1657
2.075	-2.058	0.1641
2.011	3.007	0.2373
2.03	1.648	0.2254
2.058	0.4925	0.2025
2.051	-0.302	0.265
2.092	-3.617	0.2549
2.06	0.5284	0.2433
2.033	1.521	0.196
2.053	-3.145	0.1238
2.045	-2.965	0.1341
2.081	-0.6365	0.1568
2.023	-2.858	0.2189
2.068	-1.782	0.1794
2.061	-1.132	0.1533
2.03	-2.446	0.2018
2.033	3.034	0.2706
2.023	4.099	0.2755
2.017	3.512	0.2715
2.088	3.617	0.2876
2.135	0.03887	0.3244
2.151	-0.4269	0.346
2.23	2.814	0.3496
2.043	4.212	0.2274
2.097	2.3	0.2813
2.168	1.157	0.3114
2.153	1.303	0.2414
2.277	-1.485	0.3307
2.04	-3.261	0.1466
2.073	-0.8582	0.09144
2.021	-0.8137	0.2657
2.083	-2.117	0.2359
2.019	1.545	0.2029
2.044	0.9766	0.2229
2.026	-2.629	0.1525
2.074	4.691	0.1043
2.099	3.942	0.06128
2.086	4.104	0.1057
2.095	0.1868	0.02789
2.035	-3.428	0.1055
2.091	3.97	-0.04386
2.104	3.174	0.09685
1.928	0.8	0.1025
2.098	0.005837	0.007784
1.852	0.4595	-0.06659
1.684	-1.918	-0.08554
1.709	-3.062	-0.002749
1.971	1.153	0.2794
1.92	1.722	0.2727
1.903	2.578	0.2688
1.909	-0.1738	0.2408
1.875	4.124	0.2655
1.884	2.817	0.2545
1.856	-0.4095	0.2186
1.856	-3.044	0.1897
1.763	0.5858	0.116
1.86	-0.3256	0.1858
1.715	0.72	0.08172
1.443	0.0676	-0.0001126
1.678	-0.07702	0.06449
1.63	-0.2429	0.05982
1.287	-0.252	-0.04665
1.612	0.05797	0.05082
1.834	2.779	0.178
1.852	-0.7697	0.1491
1.845	-0.146	0.1786
1.736	-2.075	0.1128
1.654	-0.2152	0.04886
1.838	1.488	0.0838
1.46	0.7732	-0.07907
1.669	-0.003449	0.01848
1.707	1.487	-0.03407
1.573	0.7027	-0.09415
1.847	-0.884	0.1421
1.696	0.3336	0.09926
2.014	-0.5027	0.2438
1.959	-1.192	0.1918
2.005	0.5222	0.1886
2.023	0.17	0.2186
1.988	0.3589	0.1858
1.905	3.525	0.2787
1.949	2.762	0.2623
1.983	0.8296	0.2751
1.941	0.6294	0.2793
1.952	2.291	0.2781
1.987	-0.1409	0.269
1.967	0.2479	0.2738
1.979	1.861	0.2386
1.996	2.193	0.22
1.977	2.319	0.2529
1.936	3.527	0.254
1.986	0.9625	0.2501
1.961	3.249	0.2211
1.957	3.541	0.2096
2.044	-0.1149	0.245
2.005	2.237	0.2431
2.001	-0.2892	0.23
2.038	-1.918	0.2314
2.02	-1.082	0.2137
2.118	-0.4382	0.2266
2.083	-1.368	0.2186
2.05	0.9767	0.2478
2.1	0.03808	0.2419
2.116	1.317	0.2356
2.157	0.7825	0.2483
2.143	-0.1671	0.2356
1.979	3.13	0.2656
2.009	2.474	0.2565
1.996	1.17	0.2696
1.994	2.916	0.2563
2.021	2.884	0.2372
2.077	-0.4697	0.2458
2.101	1.485	0.2415
2.047	1.774	0.2504
2.043	1.055	0.2394
2.054	1.636	0.2206
2.059	0.956	0.2273
2.094	2.757	0.2373
2.058	-0.9282	0.2157
2.056	2.098	0.2136
2.108	1.272	0.2039
2.095	-0.8229	0.2171
2.085	-2.169	0.2112
2.188	-1.481	0.245
2.126	2.043	0.2239
2.136	1.421	0.219
2.232	0.1577	0.229
2.22	2.137	0.2173
2.064	3.63	0.2293
2.145	2.7	0.2392
2.15	-0.8384	0.2006
2.08	0.664	0.2088
2.1	2.432	0.215
2.124	3.205	0.2069
2.129	2.757	0.22
2.293	1.276	0.2294
2.113	2.452	0.2253
2.265	1.922	0.2393
2.124	-0.08155	0.2273
2.139	-0.3795	0.222
2.046	-1.065	0.2274
2.06	2.949	0.2249
2.232	-0.6666	0.207
2.122	-4.56	0.2189
2.086	-4.775	0.2178
2.285	1.505	0.2078
2.172	-3.662	0.216
2.403	0.562	0.2119
2.438	0.4394	0.2132
2.255	3.277	0.2113
2.376	0.3986	0.2123
2.379	2.621	0.2356
2.278	4.103	0.3029
2.298	0.5326	0.2958
2.225	1.119	0.2068
2.241	1.839	0.2082
2.214	-0.4462	0.2025
2.279	-2.871	0.2085
2.287	-2.962	0.243
2.286	1.97	0.2877
2.203	1.288	0.3116
2.337	0.2402	0.227
2.323	0.2214	0.2566
2.195	-1.89	0.2745
2.194	-3.516	0.3278
2.286	-1.366	0.3353
2.156	-4.063	0.3023
2.237	2.026	0.317
2.455	0.8886	0.3203
2.439	1.641	0.2066
2.5	-1.977	0.2146
2.264	3.699	0.3288
2.296	-0.7147	0.2719
2.401	-2.506	0.2012
2.42	-3.973	0.2298
2.884	0.739	0.1843
2.744	0.7264	0.3287
2.493	2.476	0.3364
2.625	0.9538	0.3083
2.741	1.982	0.3169
2.826	-2.029	0.3208
2.575	0.3588	0.3218
2.647	1.469	0.3192
2.523	3.197	0.2959
2.47	-0.7641	0.2664
2.624	-0.2372	0.3145
2.726	2.195	0.3094
2.234	3.801	0.3119
2.227	-1.783	0.2825
2.367	1.227	0.2772
2.155	1.538	0.3292
2.179	-1.829	0.3042
2.13	-4.93	0.2869
2.148	-1.217	0.26
2.134	-1.532	0.2711
2.904	2.314	0.2181
2.356	-0.1608	0.2128
2.639	2.845	0.1933
2.788	2.399	0.1809
3.194	2.872	0.1945
3.017	2.654	0.1765
2.687	-4.021	0.187
2.347	2.39	0.2948
2.388	-2.916	0.2273
2.147	-1.012	0.268
2.103	-0.1275	0.2956
2.138	-0.5963	0.3026
2.233	3.002	0.3042
2.354	2.997	0.2737
2.475	1.768	0.1653
2.722	1.905	0.1611
2.551	1.261	0.2003
2.47	3.237	0.1936
2.294	2.662	0.2124
2.41	3.363	0.1523
2.516	2.208	0.177
2.229	2.025	0.2143
2.159	0.5066	0.15
2.262	-0.7856	0.1621
2.146	1.312	0.1729
2.146	1.668	0.1758
2.072	-3.095	0.2047
2.024	0.4788	0.2083
2.236	1.013	0.2217
2.085	-3.155	0.2072
2.036	1.525	0.2038
2.035	-0.7283	0.2005
1.984	1.194	0.2035
2.084	1.203	0.2206
2.175	0.9438	0.2235
2.133	-1.67	0.2117
2.262	0.5702	0.2074
2.265	1.277	0.1966
2.102	0.8183	0.1956
1.99	2.235	0.1953
2.248	-2.853	0.2119
2.067	-3.674	0.1989
2.15	-1.097	0.185
1.997	3.133	0.1914
1.937	3.211	0.1969
2.112	2.66	0.1824
2.109	2.679	0.1836
2.138	0.006379	0.1821
1.97	1.316	0.2068
1.88	3.433	0.2022
1.923	3.034	0.2013
1.927	3.477	0.2026
1.942	1.882	0.195
2.014	1.721	0.1969
1.864	3.073	0.2007
2.127	0.4599	0.1816
2.101	0.9044	0.1909
2.046	-0.35	0.1925
1.97	0.6109	0.1723
1.88	-2.563	0.1829
1.905	1.391	0.1903
1.964	0.5963	0.1823
1.86	2.145	0.1983
1.894	-0.6427	0.1897
1.79	-3.965	0.1593
1.928	-0.2209	0.1611
1.667	-0.4088	0.1165
1.683	-2.907	0.132
1.663	-1.264	0.1045
1.573	0.381	0.041
1.414	0.1851	-0.006197
1.385	-0.0576	-0.01729
1.765	-1.813	0.1139
1.544	-0.01079	0.04625
1.379	0.07479	-0.01715
1.372	-0.213	2.052e-05
1.159	-0.5866	-0.03583
2.001	-1.761	0.171
1.897	-0.7913	0.1498
2.103	1.908	0.1774
2.045	-0.2017	0.1756
2.014	-4.024	0.1824
2.059	0.3991	0.2118
1.955	-2.73	0.1688
1.708	0.6448	0.07189
1.45	-0.1908	0.02618
1.826	-0.2137	0.1223
1.898	0.1596	0.1367
1.92	0.143	0.1577
1.624	0.1316	0.06561
1.323	-0.361	0.01479
2.046	-3.177	0.1998
1.892	1.317	0.1549
1.777	-0.3072	0.116
1.903	1.962	0.1735
1.806	1.414	0.1339
1.978	0.5986	0.2103
1.925	-0.2601	0.1874
2.134	-0.03377	0.2509
2.115	-0.3909	0.2355
2.031	1.218	0.2356
2.059	-0.7968	0.2509
1.959	-4.946	0.2194
2.124	1.112	0.2232
2.111	-0.5235	0.2334
2.085	-3.9	0.1825
2.173	1.689	0.2315
2.21	2.045	0.2795
2.175	3.042	0.2806
2.088	-3.204	0.2707
2.195	0.02484	0.2756
2.227	-0.1268	0.2974
2.241	0.4871	0.3035
2.117	-2.368	0.2697
2.15	-0.636	0.2398
2.117	3.325	0.2933
2.177	0.5007	0.2669
2.287	-0.8061	0.244
1.925	2.853	0.1962
1.956	-0.9718	0.1869
1.959	4.227	0.2001
1.892	5.063	0.1942
2.03	-1.023	0.2043
2.091	-2.747	0.2042
2.171	-5.216	0.2138
2.43	3.73	0.2306
2.104	1.854	0.2198
2.189	-0.06233	0.2459
2.395	0.7431	0.2367
2.469	1.978	0.2382
2.298	3.701	0.253
2.341	2.949	0.2334
2.06	-1.071	0.2114
2.122	-4.177	0.1996
2.069	1.627	0.2058
2.143	5.533	0.2108
2.213	3.638	0.2185
2.285	1.013	0.199
2.29	1.039	0.1989
2.265	1.976	0.2499
2.319	4.881	0.2091
2.447	4.666	0.211
2.437	3.295	0.225
2.555	4.235	0.2067
2.165	3.427	0.26
2.358	3	0.2388
2.153	2.46	0.2638
2.179	2.619	0.2701
2.148	3.556	0.2692
2.132	0.7369	0.2948
2.154	2.891	0.29
2.158	0.09112	0.2652
2.195	3.041	0.2635
2.155	-4.741	0.2634
2.126	-4.225	0.2983
2.14	1.417	0.3265
2.113	-2.577	0.2993
2.302	2.233	0.3058
2.087	-3.311	0.2728
2.143	2.72	0.3076
2.25	2.266	0.3352
2.496	0.009677	0.3098
2.498	-3.702	0.3096
2.397	-0.6484	0.3167
2.556	-2.313	0.2963
2.593	-1.684	0.2851
2.26	1.802	0.3499
2.23	2.745	0.3225
2.368	1.987	0.3509
2.385	2.27	0.3339
2.263	-2.116	0.3414
2.199	2.934	0.3094
2.195	2.991	0.303
2.335	-3.051	0.3004
2.286	1.504	0.2804
2.261	-3.443	0.3142
2.408	-0.5873	0.2213
2.198	0.4032	0.2532
2.175	3.017	0.2824
2.3	-0.9782	0.298
2.291	1.785	0.3188
2.187	1.791	0.2958
2.337	2.801	0.3232
2.377	-0.192	0.3197
2.45	-2.366	0.3125
2.249	0.6945	0.2833
2.368	0.3645	0.3156
2.376	1.249	0.2724
2.281	-1.464	0.3581
2.294	2.188	0.3386
2.3	-0.2794	0.3625
2.297	2.023	0.3633
2.501	-1.368	0.3502
2.132	2.898	0.1832
2.281	1.615	0.2707
1.594	-0.2524	0.07726
1.903	0.1747	0.1213
2.139	-3.445	0.2442
2.223	-0.9247	0.1963
2.259	1.585	0.2754
2.459	1.846	0.3221
2.356	2.808	0.3136
2.466	1.851	0.3201
2.409	-0.1932	0.2966
2.43	1.067	0.2591
2.369	0.3666	0.2846
2.464	-0.9203	0.239
2.409	-0.2006	0.2646
2.473	-2.688	0.253
2.504	3.777	0.1997
1.512	-0.5713	-0.02517
1.749	-0.2912	0.0777
1.527	0.333	0.0001505
1.851	-0.6219	0.1044
1.843	-0.7148	0.08026
2.037	-3.244	0.1519
2.183	-4.693	0.166
1.766	-1.643	0.1062
2.079	-3.011	0.1874
1.929	-0.3738	0.1499
1.884	-1.63	0.1528
2.112	-7.068	0.2044
2.175	0.2454	0.2012
2.209	0.6845	0.2027
2.249	-1.289	0.17
2.361	2.418	0.2019
2.129	1.892	0.1561
2.279	2.353	0.1841
2.279	3.321	0.203
2.522	2.15	0.2244
2.456	1.75	0.2056
2.565	2.152	0.195
1.455	0.171	-0.07957
1.316	0.5013	-0.0973
1.372	1.535	-0.09897
1.382	2.595	-0.06493
1.328	1.302	-0.04266
1.17	-0.4605	-0.07363
1.217	-0.2308	-0.08575
1.19	-0.4607	-0.05221
1.12	-0.5703	-0.06432
1.16	-0.494	-0.04637
1.233	0.07126	-0.05495
1.409	0.3262	0.02058
1.206	-0.01616	-0.08327
1.185	-0.2555	-0.04724
1.213	-0.353	-0.01524
1.566	0.8797	0.06855
1.413	0.8773	0.04352
1.658	-0.5747	0.09269
1.543	-0.1601	0.02089
1.779	-1.62	0.195
2.003	-1.482	0.1937
2.151	0.4508	0.3074
1.967	-2.741	0.2366
1.994	1.112	0.2927
2.04	-0.4519	0.2559
2.339	3.588	0.2182
2.227	-0.1513	0.1793
2.085	1.537	0.2003
1.333	-1.615	-0.09648
2.159	3.517	0.3468
2.037	-2.555	0.2212
1.959	-3.883	0.3277
2.181	-5.052	0.2311
2.094	1.771	0.2364
1.919	-2.514	0.1465
2.02	1.858	0.2189
2.32	3.517	0.1848
2.236	0.8189	0.2616
1.494	0.6794	-0.0442
2.054	-1.952	0.2984
2.154	-0.302	0.2066
2.122	0.7446	0.2497
1.896	0.4513	0.1957
2.006	-3.567	0.2286
2.074	1.728	0.2928
2.43	0.8419	0.3343
2.157	0.8091	0.194
2.328	2.294	0.2422
2.1	-2.111	0.1909
1.91	2.811	0.2083
1.919	1.009	0.1474
2.025	-1.017	0.2022
0.971	-0.1247	0.001356
1.94	-1.986	0.2265
2.128	3.577	0.2048
2.102	-2.943	0.1945
2.266	-3.141	0.326
2.121	1.909	0.3587
1.947	-2.983	0.2034
1.504	-0.4727	0.002869
2.04	-2.296	0.1586
2.132	-1.496	0.2342
2.073	-4.238	0.1845
2.018	2.504	0.2895
2.061	0.7886	0.3406
2.105	3.156	0.2781
2.306	3.438	0.2879
2.014	-2.418	0.2946
2.317	2.535	0.3042
2.036	-5.252	0.2109
1.943	0.4797	0.1659
2.028	0.5684	0.289
2.073	1.298	0.25
2.061	-3.74	0.2078
1.941	-2.65	0.2242
2.076	3.509	0.3131
2.172	4.251	0.2214
2.264	2.79	0.3094
2.006	-1.026	0.2684
1.865	-1.741	0.1172
1.866	-1.824	0.01435
1.909	-2.002	0.08939
1.464	0.8278	-0.05091
2.02	1.567	0.2893
2.134	3.155	0.2514
1.972	0.1869	0.1362
1.232	0.09369	-0.04802
1.975	-2.378	0.1422
1.985	1.059	0.1502
1.221	0.4007	-0.07709
2.305	0.6897	0.2498
1.976	-3.645	0.1601
2.019	2.678	0.304
2.134	3.341	0.2956
2.158	3.03	0.2713
2.036	1.241	0.2675
2.021	2.495	0.2294
2.109	0.9122	0.2884
1.99	1.133	0.2479
2.071	2.463	0.2926
2.066	3.243	0.2507
1.985	0.9351	0.2242
1.961	-3.014	0.2421
1.964	-3.147	0.2291
1.989	1.616	0.1913
1.912	0.04342	0.2273
1.889	-1.443	0.223
1.953	1.022	0.2001
1.965	-4.684	0.2103
2.202	1.374	0.2
2.436	2.837	0.198
2.113	-1.011	0.1962
2.16	-1.554	0.2797
2.272	3.717	0.3256
2.163	2.428	0.2779
2.293	-0.7303	0.1911
2.152	2.021	0.3244
2.566	1.612	0.3197
2.534	0.0499	0.2858
2.205	-3.805	0.2999
2.252	-0.7431	0.285
2.176	1.26	0.1763
2.157	2.427	0.1996
2.194	-1.605	0.2855
2.258	-0.3324	0.1962
2.265	3.343	0.1468
2.031	-3.347	0.1529
2.095	3.371	0.1828
1.925	-2.285	0.2097
1.951	2.223	0.2056
2.004	-0.8918	0.2116
1.916	2.151	0.214
2.023	1.437	0.209
1.962	1.141	0.1997
2.145	0.9198	0.1725
2.021	-0.7978	0.2075
1.886	-1.613	0.1776
1.398	0.3101	0.07497
1.618	-0.3657	0.07722
1.066	0.03907	-0.03896
2.045	-4.661	0.1646
1.998	-0.655	0.159
1.759	-0.4347	0.1052
1.79	1.347	0.196
1.346	1.125	0.0625
2.113	1.876	0.2481
1.839	-5.128	0.2401
2.09	-2.874	0.2472
2.163	3.366	0.2621
1.967	3.196	0.2393
1.953	1.736	0.1831
1.973	-5.239	0.2412
2.071	-2.455	0.247
2.111	1.673	0.2193
2.2	-0.9272	0.1882
2.379	1.773	0.2399
2.603	4.2	0.2
2.298	-0.9527	0.2684
2.359	2.735	0.291
2.308	0.1682	0.3036
2.227	2.745	0.3393
2.126	3.417	0.3085
2.289	1.598	0.3794
2.291	0.8092	0.3833
2.167	2.004	0.2745
2.373	1.827	0.3345
2.277	1.352	0.3704
2.24	0.7068	0.3412
1.592	1.38	0.06919
2.187	-1.274	0.2025
2.012	1.61	0.2784
2.258	0.3253	0.2159
1.229	0.2892	-0.07421
1.9	-0.7325	0.1309
1.742	-1.199	0.156
2	5.392	0.1787
2.204	-0.3224	0.1899
0.7763	0.08376	-0.09227
0.6258	-0.4012	-0.06898
0.9978	0.7446	-0.004052
2.015	-4.947	0.1765
2.075	-3.783	0.1653
2.011	-2.671	0.1851
2.02	-2.371	0.1625
2.089	-2.23	0.2282
2.075	-1.476	0.1706
2.112	-1.892	0.18
2.153	-1.937	0.2356
2.147	-4.687	0.1935
2.041	2.457	0.2708
2.03	3.297	0.2812
2.121	3.1	0.2658
2.057	-0.954	0.3225
2.141	3.201	0.3435
2.006	-2.996	0.325
1.993	-2.022	0.3093
1.994	-2.366	0.3414
2.003	-1.211	0.2946
2.247	0.8906	0.2689
2.266	-1.021	0.2689
2.184	1.76	0.2718
2.181	4.073	0.2832
2.056	-1.787	0.2859
2.344	3.1	0.2889
2.28	-2.905	0.2728
1.941	-5.055	0.3037
2.132	0.9558	0.2853
2.208	3.53	0.2948
2.123	0.3599	0.3026
2.208	2.79	0.3081
2.01	-2.864	0.2009
1.997	-3.658	0.1792
2.052	-4.266	0.2196
2.041	-3.248	0.2022
2.007	-2.263	0.1885
1.979	-0.165	0.1563
1.959	-2.456	0.1564
2.135	2.963	0.2624
2.126	2.355	0.2568
2.099	1.345	0.2321
2.001	0.7864	0.2936
2.018	-0.5225	0.2897
2.058	-0.6309	0.2779
2.103	0.7621	0.2329
1.945	-2.169	0.1703
1.888	-1.53	0.1525
1.912	-3.159	0.1555
1.972	-4.052	0.2207
1.986	-1.311	0.1737
1.889	-0.7749	0.1558
1.921	-2.7	0.2072
1.989	3.767	0.2817
2.004	3.776	0.2801
1.98	3.26	0.2928
2.026	3.695	0.3034
2.118	0.06556	0.3255
2.178	-0.05769	0.3227
2.208	3.061	0.3488
2.056	3.486	0.2145
2.103	3.846	0.2943
2.193	0.9515	0.2817
2.253	3.519	0.2127
2.32	2.51	0.2523
2.061	1.398	0.1855
1.889	-3.322	0.1124
1.998	1.159	0.2879
2.025	-2.742	0.2667
2.04	-2.679	0.2421
2.025	0.9189	0.2507
1.925	0.2738	0.2062
2.062	1.463	0.09448
2.11	2.551	0.06141
1.977	-0.3245	0.09919
1.867	-3.037	0.0746
1.856	-0.3396	0.1437
1.704	-0.675	-0.03244
2.042	3.205	0.0414
2.003	-1.576	0.1592
1.757	-1.81	0.05
1.635	-3.048	-0.02084
1.524	-1.534	-0.05527
1.383	-2.691	-0.08811
1.994	1.905	0.2935
2.006	1.916	0.2856
2.112	3.277	0.2863
2.184	-0.1839	0.2579
2.095	3.874	0.2787
2.026	2.66	0.2723
2.043	2.263	0.2394
2.201	-0.6628	0.2029
1.975	-0.306	0.1326
2.173	0.5633	0.2069
1.686	-0.07871	0.07444
1.552	0.3552	-0.02302
1.721	-0.6056	0.07286
1.833	0.8466	0.06783
1.214	0.1178	-0.05101
1.775	0.09132	0.07619
2.099	2.833	0.2092
2.033	1.006	0.1987
2.127	0.3229	0.2062
1.976	0.8844	0.147
1.712	-0.4945	0.05675
1.973	2.515	0.1343
1.269	0.6985	-0.06155
1.692	1.03	0.03637
1.728	1.342	0.00566
1.306	1.517	-0.1025
2.012	-2.218	0.1516
1.669	-0.5377	0.0988
2.289	-1.162	0.2513
2.235	-1.306	0.2058
2.184	-0.3511	0.2008
2.265	1.457	0.2326
2.072	-1.414	0.1892
2.083	3.397	0.2951
2.206	3.323	0.2872
1.993	2.223	0.2993
2.017	0.5461	0.3031
2.057	1.863	0.307
2.04	1.376	0.3058
2.075	0.1539	0.3024
2.258	0.00683	0.2658
2.21	3.202	0.2495
2.247	0.5609	0.2881
2.181	3.554	0.2879
2.103	2.298	0.2844
2.102	2.197	0.2522
2.123	0.28	0.2171
2.047	2.048	0.2765
2.07	2.279	0.2702
2.004	1.486	0.2586
1.976	-2.873	0.2502
1.965	-1.795	0.2324
2.015	-0.2646	0.2589
1.967	-4.091	0.2455
2.069	-0.6655	0.2943
2.057	0.06745	0.2711
2.082	2.535	0.2702
2.138	-3.277	0.265
2.098	0.4866	0.2563
2.037	1.371	0.2994
2.064	1.464	0.3004
2.003	1.482	0.2987
2.043	3.185	0.2884
2.114	2.775	0.2607
2.118	-2.447	0.2688
2.098	2.064	0.2534
2.094	2.994	0.2944
2.098	0.7571	0.2679
2.09	0.8159	0.2453
2.032	2.772	0.2373
2.002	3.096	0.2419
2.055	-0.7346	0.2317
2.038	-2.036	0.2167
2.005	0.2866	0.2062
1.966	-1.611	0.2415
1.961	-2.71	0.233
2.042	0.4483	0.2461
2.022	2.264	0.2444
1.969	2.632	0.2412
1.962	2.024	0.2374
1.988	0.479	0.2281
1.937	2.603	0.2297
1.983	0.5768	0.2427
2.002	-0.3709	0.1954
1.967	3.299	0.2098
1.924	2.854	0.2114
1.937	1.95	0.1913
1.898	2.539	0.2101
1.93	-2.417	0.2349
1.916	2.895	0.2293
1.949	-2.449	0.241
1.906	-2.293	0.225
1.878	0.7046	0.2112
1.91	2.367	0.2183
1.99	1.056	0.2212
1.87	-3.405	0.1968
1.875	-4.856	0.2096
1.936	-3.968	0.2056
2.035	2.133	0.2011
2.001	-0.9294	0.2038
2.062	3.391	0.201
2.222	2.705	0.2073
2	2.766	0.1916
2.034	3.161	0.1955
2.385	1.738	0.2048
2.117	3.434	0.2438
2.09	1.936	0.23
2.02	-0.5338	0.1869
1.998	3.84	0.1902
2.014	-2.253	0.1838
2.103	-1.655	0.1928
2.166	-3.245	0.2209
2.161	1.383	0.2436
2.09	0.4847	0.2808
2.152	-0.04562	0.1996
2.175	0.3704	0.2345
2.185	-5.532	0.2483
2.187	-1.422	0.307
2.172	2.684	0.3201
2.224	-2.216	0.296
2.292	2.783	0.3228
2.206	2.075	0.3184
2.38	2.688	0.1983
2.281	1.78	0.2115
2.1	3.445	0.3018
2.167	-1	0.2009
2.112	-4.561	0.1858
2.116	-3.253	0.1982
2.139	-4.669	0.1729
2.294	0.1013	0.3273
2.453	-1.377	0.3163
2.101	-3.721	0.3156
2.13	-2.073	0.321
2.179	-2.05	0.3297
2.261	0.4723	0.3309
2.487	0.2731	0.3261
2.496	2.53	0.2708
2.385	1.977	0.2242
2.727	-0.8717	0.3085
2.762	1.937	0.2981
2.591	1.961	0.3159
2.346	-3.148	0.2759
2.33	-1.31	0.2232
2.448	2.925	0.3224
2.285	-0.2913	0.2945
2.16	-4.38	0.2785
2.074	-1.032	0.2651
2.094	-1.518	0.2793
2.186	1.844	0.2052
2.078	-0.394	0.2032
2.205	0.1862	0.1601
2.241	2.48	0.1823
2.164	2.61	0.1884
2.215	2.842	0.1815
2.199	-2.608	0.1949
2.348	1.033	0.243
2.199	1.154	0.2006
2.107	-0.1676	0.2759
2.221	-2.2	0.2871
2.31	3.013	0.2701
2.287	3.74	0.278
2.329	0.9027	0.2183
2.226	-1.84	0.1569
2.209	0.602	0.1746
2.171	1.617	0.1557
2.115	2.992	0.1569
2.096	2.257	0.1589
2.206	3.419	0.1608
2.085	2.787	0.1902
2.071	0.8137	0.193
2.178	2.909	0.1483
2.271	-0.6474	0.1599
2.249	0.631	0.1564
2.202	1.417	0.177
1.959	-1.532	0.2097
1.964	-0.6907	0.2211
1.982	-0.5171	0.2172
1.964	-1.129	0.2114
1.935	1.978	0.2
1.91	0.9782	0.2073
1.909	2.221	0.203
2.024	1.509	0.2138
1.99	1.454	0.2181
2.012	-2.046	0.2116
2.077	1.561	0.2109
2.107	2.57	0.2056
1.889	0.4666	0.2121
1.898	2.371	0.2121
1.908	-3.413	0.2166
1.955	-0.1162	0.2094
1.994	0.8996	0.2079
1.978	3.03	0.2109
1.972	3.213	0.2119
2.024	1.892	0.2059
2.028	2.931	0.1985
2.097	0.3398	0.1948
1.975	2.301	0.2172
1.908	3.144	0.2029
1.947	2.827	0.2029
2.036	3.096	0.2069
2.015	0.9255	0.1996
2.031	-0.178	0.2092
1.947	2.417	0.2081
2.215	-1.655	0.1775
2.052	-1.796	0.2003
2.01	-3.043	0.2039
2.046	-0.9177	0.1635
1.914	-4.165	0.1954
1.949	1.422	0.1935
1.993	0.343	0.1889
1.922	0.1929	0.2009
1.942	1.257	0.1956
1.793	-3.788	0.1671
1.929	-3.365	0.1646
1.57	-0.1434	0.1135
1.696	-1.399	0.1363
1.773	0.4902	0.1198
1.569	-0.8518	0.04687
1.311	0.322	0.009594
1.428	0.5795	-0.02784
1.751	-0.8737	0.1062
1.464	0.1553	0.05853
1.318	0.8477	0.004264
1.47	1.306	0.02434
0.8868	-0.1862	-0.02157
2.079	-4.625	0.162
2	-3.095	0.1559
2.186	-0.4979	0.1602
2.121	-3.223	0.1636
2.035	-4.606	0.1691
1.997	1.034	0.1939
1.955	-0.9666	0.1727
1.808	-0.9867	0.09514
1.494	0.6258	0.04449
1.901	0.875	0.1295
1.94	0.1192	0.1379
1.961	0.4514	0.1792
1.551	1.364	0.07756
1.117	0.2003	0.02339
2.019	-2.676	0.215
1.842	-1.742	0.1606
1.599	0.3001	0.1322
1.708	0.5125	0.184
1.612	1.143	0.1399
1.834	-1.833	0.2205
1.826	-3.683	0.2235
2.127	-3.065	0.2425
1.978	1.591	0.2268
1.886	-0.882	0.2392
1.939	-2.449	0.2456
1.862	-4.847	0.2346
1.999	1.449	0.202
2.072	-3.003	0.226
2.042	-3.757	0.1626
2.011	1.552	0.2051
2.178	1.258	0.259
2.148	2.929	0.2594
1.983	-2.515	0.2446
2.196	-0.7035	0.2631
2.304	-0.02903	0.277
2.341	1.68	0.2847
2.012	-0.4584	0.2454
1.993	1.319	0.2338
2.188	0.9881	0.2751
2.056	3.796	0.2554
1.992	1.966	0.2468
1.909	2.867	0.2104
1.849	-4.858	0.2336
1.947	1.434	0.205
1.878	2.583	0.1997
1.952	0.4994	0.1976
2.03	-4.687	0.1795
1.989	-3.001	0.1979
2.033	4.03	0.2412
2.022	1.665	0.2294
2.001	1.117	0.2524
1.975	2.939	0.2444
2.052	3.407	0.243
2.067	3.522	0.23
2.132	1.685	0.1983
2.045	1.527	0.1784
2.143	-5.227	0.1891
2.019	1.704	0.1993
2.154	2.019	0.1873
2.224	1.123	0.1953
2.423	2.268	0.1946
2.317	1.194	0.1982
2.326	-0.9765	0.2313
2.373	3.551	0.2088
2.481	2.592	0.2138
2.364	3.07	0.2307
2.402	4.957	0.2101
2.43	3.02	0.272
2.372	3.108	0.2514
2.367	2.778	0.2367
2.465	0.6589	0.266
2.403	2.022	0.2949
2.302	0.1946	0.3292
2.306	1.387	0.3159
2.163	2.121	0.235
2.196	-2.025	0.2227
2.229	-5.194	0.2732
2.357	-0.742	0.3039
2.457	2.59	0.3326
2.271	-1.994	0.333
2.227	2.157	0.3364
2.271	-1.945	0.2579
2.345	1.554	0.3323
2.358	1.267	0.3443
2.14	-4.037	0.3101
2.2	-2.836	0.322
2.152	-2.52	0.3184
2.123	2.013	0.3137
2.064	-3.97	0.3053
2.205	3.104	0.3574
2.187	3.497	0.3555
2.209	2.587	0.3746
2.272	2.484	0.3838
2.294	0.8154	0.3758
2.168	2.823	0.3655
2.134	2.689	0.3661
2.134	2.52	0.3095
2.214	-2.588	0.2985
2.25	1.685	0.3535
2.299	1.985	0.2358
2.271	3.243	0.2726
2.261	3.344	0.306
2.373	2.084	0.3277
2.291	2.973	0.3846
2.07	0.9009	0.3594
2.366	1.76	0.387
2.414	1.444	0.3775
2.394	-1.625	0.3569
1.999	-1.238	0.3333
2.201	2.817	0.3227
2.017	-3.707	0.31
2.326	0.6071	0.3763
2.491	1.11	0.2672
2.409	-0.5872	0.3282
2.268	-1.106	0.3796
2.121	-1.187	0.3624
1.983	0.9509	0.07421
2.371	3.144	0.1488
1.242	-1.015	-0.05465
1.428	1.892	0.01247
2.009	-2.537	0.1363
1.969	-3.552	0.1746
1.998	-0.4551	0.2325
2.139	1.15	0.3187
2.088	0.1868	0.3261
2.333	1.742	0.2637
2.041	2.271	0.2693
1.992	1.5	0.2446
2.073	1.551	0.2832
2.089	-2.415	0.2229
2.071	-1.099	0.2562
2.219	-1.537	0.2618
2.358	3.833	0.2178
1.203	-0.2629	-0.09071
1.387	-0.4859	0.002145
1.295	1.591	-0.05873
1.735	0.007062	0.03346
1.602	-0.7029	0.01231
1.875	-2.315	0.1114
1.933	-4.041	0.1719
1.761	-2.739	0.09514
1.932	-3.534	0.1955
1.855	2.039	0.1409
1.769	-1.45	0.1695
1.915	-5.825	0.2417
1.988	-4.393	0.2307
2.061	4.431	0.1923
2.074	2.438	0.173
2.108	0.3605	0.1865
1.931	1.531	0.1543
2.085	0.7587	0.1887
2.158	3.678	0.1915
2.25	2.228	0.2021
2.391	3.972	0.1921
2.417	2.279	0.2098
1.096	0.4645	-0.1099
0.8545	-0.04687	-0.1039
1.025	1.252	-0.1093
1.036	2.071	-0.09545
0.9776	0.9985	-0.06031
0.6996	-0.4013	-0.08487
0.6949	-0.3394	-0.09523
1.026	-0.1045	-0.06339
0.6514	-0.4212	-0.05949
0.7115	-0.3789	-0.03499
0.8466	0.3067	-0.04491
1.285	2.294	0.01689
0.681	-0.234	-0.0807
0.7091	-0.2098	-0.04359
0.8603	-0.0636	-0.009442
1.297	2.34	0.04593
1.088	0.8854	0.02426
1.536	-0.3042	0.09066
