1.778	0.5318	0.06275
2.067	-0.9935	0.1803
1.99	-2.419	0.1659
2.283	1.628	0.2111
2.15	0.0677	0.205
1.987	0.5278	0.2512
2.25	1.777	0.2522
2.271	2.13	0.2185
2.158	1.203	0.1818
2.171	2.682	0.2008
1.434	-1.683	-0.09103
2.402	0.2191	0.2651
2.051	-3.31	0.1647
2.261	-4.95	0.2126
2.153	-4.535	0.1931
2.086	-0.2606	0.1918
2.025	-2.23	0.157
2.017	-1.084	0.1204
2.275	-0.2154	0.2407
2.019	0.4442	0.2071
1.444	0.0475	-0.04686
1.936	-1.4	0.2214
2.023	1.939	0.1801
2.18	0.7093	0.1961
1.98	-0.6966	0.1777
2.254	0.519	0.1814
2.222	2.95	0.2044
2.342	2.74	0.2377
2.157	-3.696	0.2324
2.201	2.169	0.25
2.221	-3.46	0.2019
2.141	3.053	0.1779
1.942	0.09452	0.15
2.063	-0.7067	0.1949
1.233	-0.4434	-0.01805
1.971	-3.362	0.2503
2.239	2.469	0.2404
2.233	-1.184	0.2515
2.387	1.613	0.2412
2.605	1.581	0.2552
2.531	-0.05705	0.2045
1.786	-1.078	0.00999
2.071	-1.598	0.1401
2.099	-1.074	0.166
2.113	-5.152	0.1472
2.168	3.363	0.215
2.377	1.259	0.2415
2.153	3.485	0.1915
2.171	3.125	0.1868
2.207	-0.06062	0.2047
2.246	2.221	0.2082
1.969	-2.138	0.179
2.009	-0.215	0.1586
2.101	-5.492	0.2018
2.119	2.829	0.1646
2.066	-2.775	0.1584
2.031	-3.455	0.1669
2.193	2.881	0.2445
2.131	2.365	0.2221
2.462	1.225	0.312
1.977	0.2451	0.2303
2.012	-1.553	0.103
2.067	3.606	-0.000574
1.718	-0.1073	-0.00336
1.995	3.183	-0.03128
1.871	2.26	0.2692
1.863	2.255	0.2137
1.886	-0.4529	0.1446
1.42	-0.3392	-0.02032
1.779	-2.491	0.1203
1.775	2.163	0.1063
1.408	0.7651	-0.09132
2.068	-0.5384	0.1894
1.984	-0.3832	0.1521
1.932	2.225	0.2478
1.947	2.964	0.2227
1.969	2.483	0.2004
2.026	0.07685	0.2096
2.003	2.31	0.1956
2.114	0.08635	0.2018
2.088	0.8984	0.2002
2.163	1.371	0.2084
2.148	1.611	0.1899
1.965	3.152	0.1876
2.203	1.292	0.1998
2.255	-2.571	0.1914
1.972	2.023	0.1764
1.969	-0.5058	0.1983
1.985	2.065	0.1905
2.087	-0.6162	0.1914
2.173	-2.393	0.2023
2.089	0.8265	0.1728
2.173	1.544	0.1862
2.093	0.1991	0.1638
2.137	0.4417	0.2103
2.356	2.633	0.2135
2.24	-0.7999	0.2237
2.172	2.118	0.2087
2.353	-0.5509	0.2341
2.404	0.8124	0.2202
2.317	0.8175	0.2427
2.313	-3.838	0.2438
2.284	-0.231	0.2727
2.148	0.3191	0.2198
2.256	-2.782	0.223
2.24	-0.002756	0.2906
2.145	1.313	0.2429
2.069	3.725	0.1953
2.073	0.6226	0.1823
2.136	3.284	0.176
2.207	0.9042	0.1784
2.127	-2.076	0.1904
2.275	2.872	0.1734
2.254	-0.8504	0.1731
2.199	1.681	0.1831
2.056	2.537	0.1769
2.181	-2.25	0.1844
2.132	0.1021	0.1826
2.021	0.1802	0.1723
1.779	0.2279	0.09584
1.662	0.2306	0.06161
1.248	-0.5175	-0.04069
2.063	-3.458	0.1958
1.911	-1.543	0.1602
1.764	-0.1683	0.1038
2.021	-0.8005	0.1829
1.722	1.047	0.06744
2.159	1.485	0.2523
2.034	-5.363	0.237
2.224	-2.57	0.2342
2.154	3.108	0.2858
2.086	-0.1227	0.249
2.032	2.22	0.2411
2.162	-4.488	0.2386
2.249	2.327	0.2415
2.088	3.247	0.2513
2.207	2.557	0.2353
2.248	2.06	0.2263
2.329	3.928	0.2221
2.28	-0.01358	0.2355
2.319	-0.06308	0.2333
2.34	-1.435	0.2337
2.354	2.2	0.2393
2.378	2.118	0.241
2.624	2.201	0.2757
2.589	-2.736	0.2446
2.454	-2.85	0.2213
2.517	2.877	0.236
2.467	2.073	0.2326
2.502	1.504	0.3144
1.724	1.053	0.08915
2.235	2.437	0.207
2.567	1.493	0.2329
2.359	1.072	0.2166
1.448	1.27	-0.03026
2.467	0.5565	0.1498
2.076	-2.574	0.1351
2.318	3.176	0.2066
2.454	0.1676	0.2216
1.195	0.1508	-0.08359
1.1	-0.4651	-0.08322
1.277	-0.05375	-0.04509
2.034	-4.74	0.1496
2.109	-3.029	0.1377
2.033	-2.41	0.1565
2.069	-2.205	0.1449
2.072	-2.873	0.1628
2.101	-2.538	0.1451
2.124	-3.436	0.1491
2.125	-0.5011	0.1795
2.151	-5.436	0.1624
2.076	2.221	0.1931
2.156	3.485	0.2033
2.086	1.357	0.185
2.29	1.085	0.2417
2.408	0.8624	0.2544
2.278	-0.3057	0.2273
2.254	-0.8988	0.2101
2.307	-2.937	0.2258
2.231	0.9829	0.1933
2.126	0.244	0.1816
2.152	-2.036	0.1937
2.1	2.232	0.1782
2.162	3.802	0.183
2.219	2.29	0.1857
2.205	1.347	0.196
2.186	-1.989	0.2125
2.214	-3.17	0.2054
2.216	3.335	0.1881
2.23	2.12	0.196
2.244	2.828	0.208
2.272	0.8598	0.2052
1.977	-3.078	0.1707
2.001	-3.61	0.1558
2.048	-5.455	0.1905
2.048	-4.311	0.1812
1.992	-2.751	0.1698
2.023	-1.354	0.1473
2.041	-2.33	0.1451
2.132	2.695	0.1905
2.115	0.7826	0.1776
2.079	-1.011	0.179
2.033	-0.9672	0.2268
2.051	-0.04959	0.2123
2.095	4.51	0.1917
2.111	0.0135	0.1576
2.014	-2.47	0.1179
2.026	-1.522	0.1207
2.021	-1.334	0.1427
2.039	-3.367	0.1673
2.042	-0.8144	0.1609
2.033	-0.1316	0.1321
2.027	-2.44	0.1658
2.078	2.731	0.2041
2.07	3.531	0.2241
2.07	2.599	0.2157
2.184	2.888	0.2286
2.292	-0.06314	0.26
2.304	-0.9963	0.2809
2.462	0.8264	0.2825
2.064	3.214	0.2059
2.192	1.772	0.2507
2.31	-1.823	0.2813
2.249	0.2423	0.2396
2.362	2.902	0.3053
2.016	-1.992	0.1054
2.024	-1.383	0.1303
1.974	-0.2197	0.2517
2.077	0.7926	0.1902
2.123	-1.557	0.1321
2.003	0.1111	0.1777
2.038	-1.468	0.07637
2.091	3.676	0.1301
2.109	3.345	0.09847
2.076	3.581	0.1461
2.023	-0.3988	0.06141
2.012	-2.125	0.03109
2.088	3.849	-0.03822
2.126	1.99	0.09288
1.87	1.356	0.07124
1.985	-0.3135	-0.02435
1.731	0.6083	-0.08192
1.516	-1.846	-0.0932
1.565	-3.362	-0.09497
1.928	1.414	0.2722
1.884	1.795	0.2687
1.932	3.137	0.2387
1.945	1.076	0.2189
1.874	4.256	0.2489
1.86	3.707	0.2452
1.828	-0.003772	0.1915
1.957	-0.1599	0.1786
1.853	-1.394	0.1315
1.942	-1.964	0.1771
1.875	1.061	0.1001
1.611	0.06158	0.02191
1.814	0.859	0.07858
1.74	0.2828	0.05254
1.297	-0.4185	-0.04014
1.636	-0.09342	0.04123
1.815	2.126	0.1654
1.82	-0.5541	0.1357
1.88	0.3416	0.1733
1.767	-1.145	0.1132
1.62	-0.748	0.03713
1.786	1.363	0.06862
1.357	0.4107	-0.06884
1.603	0.4458	0.01889
1.607	1.26	-0.03677
1.416	-0.5449	-0.1098
1.976	-0.8782	0.1478
1.843	-0.1411	0.1127
2.059	-1.537	0.1979
2.03	-2.34	0.1788
2.042	-0.9313	0.1755
2.043	1.555	0.1849
2.035	-0.4805	0.1715
1.905	2.502	0.2433
2.003	2.284	0.2195
1.959	1.724	0.2562
1.889	2.053	0.2649
1.885	1.631	0.2411
1.915	0.9983	0.2342
1.916	1.987	0.2238
2.017	2.226	0.1934
2.008	2.461	0.1879
2.017	3.256	0.2024
1.966	3.117	0.207
1.929	1.674	0.2115
1.968	2.236	0.1962
1.997	3.264	0.1853
1.944	0.1773	0.2135
1.943	1.751	0.2055
1.962	0.2996	0.202
2.067	-0.3785	0.2063
2.07	0.1957	0.2025
2.091	0.626	0.2055
2.188	-0.0237	0.2056
1.99	0.6771	0.2147
2.02	-0.3967	0.2087
2.104	1.96	0.1991
2.185	0.2816	0.1962
2.161	0.7455	0.1968
2.011	2.025	0.2271
2.033	1.347	0.221
2.045	1.676	0.2315
2.156	2.513	0.2065
2.154	3.515	0.1954
2.173	-2.546	0.1954
2.166	2.627	0.191
2.098	2.147	0.206
2.183	-0.5792	0.195
2.107	-0.4334	0.192
2.045	2.078	0.1882
2.057	2.731	0.1931
2.042	-0.9539	0.1889
1.961	2.662	0.1829
1.953	-0.5268	0.1781
2.221	-1.235	0.1993
2.213	-1.442	0.2023
2.191	0.5793	0.2021
2.111	1.612	0.1984
2.207	1.795	0.1924
2.218	1.539	0.1899
2.246	2.126	0.1841
1.954	3.467	0.1941
2.051	2.57	0.2029
1.982	-1.007	0.1713
1.937	2.577	0.184
1.939	1.976	0.19
1.965	3.79	0.1758
1.948	2.046	0.1888
2.035	-2.875	0.1928
2.095	2.858	0.187
2.019	-1.049	0.2043
1.96	2.416	0.1933
1.97	-1.089	0.1886
2.055	-0.7514	0.1967
2.152	3.286	0.1868
2.026	-0.9175	0.1822
2.017	-4.636	0.1912
2.112	-4.404	0.2029
2.147	-1.089	0.1985
2.183	-1.609	0.2087
2.118	3.09	0.1848
2.158	3.445	0.1909
2.023	2.97	0.1735
2.064	3.678	0.1778
2.117	-1.021	0.1782
2.109	4.693	0.1902
2.21	2.788	0.1986
2.04	0.7384	0.1652
2.024	2.762	0.1689
2.044	-1.405	0.1617
2.119	-3.362	0.1579
2.144	-0.4269	0.177
2.102	4.379	0.1892
2.161	2.67	0.2048
2.07	1.386	0.1677
2.104	2.274	0.1856
2.144	-1.488	0.2099
2.241	-3.462	0.2206
2.312	-0.4802	0.2137
2.206	-3.679	0.2213
2.289	1.345	0.2137
2.308	2.045	0.2096
2.178	-1.115	0.1954
2.167	2.454	0.2011
2.249	2.938	0.2143
2.212	-1.167	0.2084
2.186	-3.136	0.2143
2.183	-4.919	0.228
2.158	2.776	0.2221
2.437	1.358	0.2129
2.378	2.581	0.2148
2.312	-0.1724	0.221
2.424	-2.168	0.2157
2.421	2.194	0.2247
2.36	-2.837	0.2412
2.403	-0.7993	0.2347
2.255	0.9421	0.2353
2.197	-1.793	0.2429
2.329	2.889	0.2256
2.347	2.195	0.2324
2.346	2.076	0.2413
2.297	-1.569	0.2558
2.216	1.806	0.2559
2.335	0.1192	0.2405
2.326	-0.5444	0.2471
2.304	-3.542	0.2565
2.265	1.046	0.2469
2.266	-1.135	0.2663
2.208	2.967	0.2172
2.192	2.219	0.2123
2.123	2.913	0.2277
2.164	1.267	0.221
2.224	2.342	0.2297
2.183	2.131	0.2216
2.273	-3.436	0.2201
2.225	1.225	0.2714
2.151	-1.368	0.2388
2.242	-0.1266	0.2708
2.261	0.9028	0.2842
2.241	1.846	0.2803
2.212	3.002	0.2878
2.186	3.139	0.2488
2.114	2.274	0.2128
2.149	0.724	0.2043
2.118	-0.1782	0.2275
2.11	-1.724	0.2183
2.115	0.8678	0.2054
2.104	2.767	0.1844
2.147	1.18	0.1842
2.13	2.001	0.21
2.065	1.701	0.1773
2.101	2.639	0.1718
2.113	1.188	0.1784
2.171	0.3368	0.1756
2.196	-2.289	0.1931
2.13	-1.352	0.2011
2.298	-0.8535	0.1783
2.242	-2.149	0.1853
2.178	-0.2148	0.1854
2.154	1.549	0.1789
2.119	1.442	0.183
2.218	-0.9957	0.1881
2.257	1.048	0.1742
2.242	-5.575	0.209
2.246	0.5038	0.197
2.218	1.6	0.1901
2.274	0.9529	0.1714
2.214	1.552	0.1736
2.327	-2.017	0.1705
2.273	-1.388	0.1709
2.174	2.047	0.1829
2.205	2.201	0.1759
2.185	3.01	0.1769
2.171	1.698	0.1751
2.186	1.719	0.1794
2.167	0.6474	0.1838
2.064	1.355	0.1933
2.086	3.055	0.18
2.071	2.872	0.1845
2.021	3.182	0.1842
2.025	1.946	0.1778
2.205	1.562	0.1816
2.112	3.016	0.1801
2.156	1.192	0.1864
2.189	-1.09	0.1874
2.218	-2.371	0.1817
2.124	0.7282	0.1728
2.048	-0.5098	0.1773
2.044	1.368	0.1753
2.029	0.6691	0.1704
2.068	1.206	0.1809
2.109	-0.1374	0.1807
1.981	-2.64	0.167
1.998	-0.04503	0.1591
1.83	0.3239	0.1259
1.913	-3.23	0.1456
1.851	-2.131	0.124
1.759	0.2198	0.06976
1.633	0.2697	0.02676
1.548	-0.002057	0.003944
1.78	-1.705	0.1134
1.655	-0.9638	0.06738
1.431	-0.1592	0.006104
1.364	-0.2478	0.01131
1.156	-0.5604	-0.03713
2.068	-1.623	0.1752
1.919	-3.228	0.1464
2.109	0.6815	0.1882
2.101	0.7043	0.1876
2.043	-4.796	0.1879
2.048	0.4187	0.2017
1.974	-1.163	0.1763
1.653	0.4235	0.0756
1.458	-0.1184	0.03889
1.788	-0.4254	0.1197
1.868	-0.4108	0.1378
1.94	-1.158	0.1586
1.634	0.2134	0.08232
1.357	-0.2409	0.0125
2.087	-1.5	0.193
1.876	-0.3	0.1446
1.878	0.4945	0.1294
2.035	1.625	0.1726
1.99	1.438	0.1312
2.062	-0.09209	0.2142
2.085	-3.976	0.2122
2.187	-0.2132	0.2289
2.119	1.293	0.2238
2.057	-0.5812	0.2436
2.029	-1.464	0.2605
1.984	-5.325	0.2457
2.089	-1.144	0.2149
2.169	-0.5645	0.2186
2.072	-0.3709	0.1911
2.127	-0.1298	0.2166
2.242	-2.987	0.245
2.154	2.595	0.2733
2.024	-3.245	0.2671
2.241	0.2915	0.2537
2.252	0.5154	0.2726
2.236	1.787	0.2841
2.077	-0.5118	0.2726
2.025	-0.3548	0.252
2.189	2.643	0.291
2.173	3.048	0.2731
2.179	2.999	0.2481
2.058	1.401	0.2328
2.134	-4.263	0.2071
1.986	2.479	0.244
1.984	2.566	0.2365
2.081	0.5587	0.24
2.171	-2.079	0.2534
2.193	-2.209	0.2485
2.089	3.563	0.2453
2.027	3.588	0.2523
2.239	2.406	0.24
2.189	3.475	0.24
2.21	-2.435	0.2458
2.256	-1.598	0.243
2.214	2.614	0.2448
2.12	0.2783	0.2489
2.199	-2.476	0.2457
2.098	0.05634	0.2508
2.191	-0.2441	0.2458
2.224	2.875	0.2353
2.286	2.09	0.2274
2.291	2.216	0.2352
2.244	2.2	0.2335
2.271	3.963	0.225
2.29	3.267	0.219
2.253	2.657	0.2173
2.292	1.669	0.2162
2.257	2.564	0.2295
2.254	2.705	0.2214
2.252	0.86	0.2349
2.251	1.973	0.2345
2.261	2.536	0.2374
2.334	-1.24	0.2367
2.373	1.99	0.239
2.305	1.438	0.2391
2.289	0.3109	0.2373
2.281	0.9547	0.2361
2.324	-0.4599	0.236
2.332	1.501	0.2347
2.332	0.1902	0.2313
2.364	3.461	0.2404
2.301	-0.4989	0.2326
2.348	1.303	0.2312
2.328	2.982	0.2411
2.363	-3.885	0.2466
2.403	-1.887	0.2452
2.32	4.054	0.2486
2.333	-0.818	0.242
2.246	-3.339	0.2261
2.555	2.842	0.2756
2.52	3.765	0.2579
2.645	0.2501	0.2743
2.613	-1.633	0.2563
2.599	-1.669	0.2628
2.453	-0.2491	0.2416
2.443	0.02523	0.2304
2.526	1.571	0.2253
2.448	0.1647	0.2284
2.567	2.862	0.2348
2.326	2.127	0.22
2.449	0.7438	0.2275
2.447	0.6327	0.236
2.433	-2.752	0.2392
2.544	2.962	0.2331
2.339	3.92	0.2234
2.579	1.737	0.2413
2.535	0.7398	0.238
2.473	1.422	0.2426
2.271	-0.1457	0.2244
2.435	1.769	0.2375
2.246	-2.099	0.2263
2.554	1.918	0.2939
2.318	0.7667	0.3086
2.441	1.035	0.3225
2.582	-0.6464	0.298
2.621	2.155	0.2805
2.142	1.561	0.08455
2.283	-0.5603	0.2283
1.394	-1.898	-0.03993
1.765	1.54	0.004151
1.886	0.2776	0.1248
2.413	0.006891	0.1883
2.308	0.03212	0.2222
2.547	0.7988	0.2844
2.594	2.595	0.2517
2.333	2.875	0.2947
2.539	-0.329	0.247
2.528	-2.139	0.2166
2.537	1.896	0.2169
2.493	0.293	0.2089
2.501	-1.543	0.2102
2.432	-2.747	0.2178
2.319	2.664	0.2184
1.362	-0.7575	-0.07664
1.614	-0.1311	0.04797
1.656	2.285	-0.02432
2.275	-1.915	0.08293
1.977	-0.2236	0.06175
2.152	-1.878	0.1421
2.488	-2.707	0.1882
1.928	-1.66	0.07426
2.224	-0.7902	0.1806
2.222	1.023	0.1343
2.08	-1.668	0.1605
2.196	-5.63	0.2052
2.258	0.2109	0.2315
2.284	3.166	0.2379
2.49	1.499	0.2015
2.49	-1.774	0.2109
2.395	-0.4559	0.1746
2.402	2.439	0.2185
2.349	2.987	0.2366
2.42	0.8627	0.2168
2.403	3.288	0.2229
2.376	3.523	0.2192
1.305	0.256	-0.09646
1.229	0.168	-0.09661
1.253	0.8508	-0.1036
1.348	2.206	-0.07039
1.344	0.7948	-0.05067
1.164	-0.5165	-0.07241
1.17	-0.361	-0.08986
1.243	-0.5409	-0.03692
1.092	-0.5789	-0.06509
1.125	-0.5058	-0.06733
1.197	-0.06858	-0.07727
1.494	0.7224	-0.03968
1.132	-0.2711	-0.08248
1.146	-0.3443	-0.07111
1.195	-0.3793	-0.04155
1.689	0.3261	0.02925
1.462	0.4402	0.006431
1.836	-0.7895	0.08479
1.636	1.349	0.08504
2.077	-2.178	0.2122
1.913	-1.725	0.1587
2.076	-0.4724	0.184
2.111	-1.641	0.1953
2.12	1.635	0.2681
2.147	1.191	0.2425
2.247	1.91	0.2218
2.229	1.801	0.1828
2.072	2.937	0.2158
1.295	-1.066	-0.07711
1.967	1.225	0.2202
1.981	-2.39	0.1605
1.889	-5.172	0.1784
1.985	-4.358	0.1985
2.066	0.1354	0.1883
1.988	-2.194	0.1464
2.064	1.64	0.1576
1.928	1.222	0.2051
2.172	0.7021	0.2141
1.311	0.3301	0.000654
1.966	0.2683	0.2195
2.128	0.2788	0.194
2.135	-2.308	0.1963
2.004	-0.8886	0.1695
2.229	1.471	0.1905
2.032	2.388	0.1814
2.371	1.781	0.2168
2.173	1.166	0.2214
2.23	2.757	0.2347
2.097	-1.553	0.1674
2.108	3.239	0.1943
2.131	-3.269	0.1639
2.136	-0.5096	0.1955
1.054	-0.2941	0.00235
2.059	-3.838	0.2612
2.179	2.129	0.2254
2.063	-1.234	0.2222
2.404	1.225	0.2272
2.356	1.549	0.2275
2.181	-2.924	0.199
1.733	-2.482	-0.00644
1.924	-1.163	0.1562
2.001	-1.667	0.1778
1.944	-4.86	0.1606
1.993	2.502	0.1703
1.948	1.909	0.1963
1.985	1.452	0.1515
2.009	3.016	0.1762
1.99	-1.712	0.172
2.055	2.867	0.1954
1.967	-4.281	0.1687
1.976	0.6045	0.1608
2.181	0.6251	0.2325
2.275	1.219	0.2236
2.097	-2.544	0.1844
1.975	-2.824	0.1727
1.932	2.033	0.2134
1.906	4.018	0.1938
1.929	0.1263	0.2776
2.143	0.3127	0.2543
2.095	-0.5449	0.1356
1.911	-1.918	0.01638
1.842	-1.426	0.04433
1.648	0.7041	-0.02373
2.017	1.669	0.2593
2.039	3.127	0.216
1.958	-2.147	0.1436
1.271	0.06427	0.03123
1.928	-2.705	0.1267
1.914	1.964	0.1182
1.255	0.2487	-0.04558
2.208	0.1928	0.2042
2.014	-3.627	0.1497
2.014	1.792	0.2441
2.055	2.997	0.227
2.06	3.205	0.2135
1.996	-0.1051	0.2062
2.053	1.688	0.2005
2.046	1.328	0.2028
2.137	1.859	0.1949
2.07	2.326	0.2109
2.076	2.863	0.1875
1.977	2.961	0.1713
2.096	-1.71	0.2036
2.138	-1.858	0.1949
1.93	1.882	0.157
2.006	-1.447	0.1842
2.004	2.85	0.1989
2.056	-1.803	0.22
2.067	-2.762	0.22
2.053	1.203	0.165
2.091	0.3501	0.1862
1.979	0.2511	0.159
1.918	-1.477	0.1964
2.111	1.662	0.1964
2.124	1.192	0.2098
2.076	0.736	0.1847
2.303	-1.073	0.2016
2.361	1.484	0.207
2.289	2.406	0.2295
2.22	-3.444	0.2242
2.2	-1.958	0.258
2.128	-3.461	0.1509
2.087	-0.6234	0.199
2.138	1.676	0.2751
2.191	2.689	0.2228
2.131	3.901	0.128
2.158	-2.487	0.1662
2.178	3.473	0.164
2.142	0.9942	0.1927
2.101	1.664	0.1976
2.165	2.13	0.1834
2.166	1.047	0.1893
2.235	2.319	0.1891
2.082	1.559	0.1976
2.229	-2.052	0.189
2.154	-0.3897	0.1912
2.061	0.2223	0.1773
1.716	0.5607	0.1137
1.68	0.3922	0.08963
1.252	0.2382	0.02223
2.13	-3.836	0.2012
1.983	-3.279	0.1735
1.774	-0.8312	0.1038
2.11	-0.0719	0.186
1.715	1.573	0.08591
2.216	2.085	0.2367
2.095	-1.981	0.2565
2.263	0.2363	0.2258
2.157	2.497	0.2648
2.047	3.864	0.2544
2.055	2.18	0.2451
2.094	-3.461	0.2373
2.139	0.7055	0.2418
2.133	2.633	0.2514
2.087	1.374	0.1942
2.221	3.825	0.214
2.196	4.161	0.1914
2.277	0.1651	0.2425
2.29	2.654	0.2418
2.256	0.9969	0.2216
2.38	1.712	0.2173
2.318	-2.693	0.2007
2.108	-1.574	0.229
2.165	-0.6192	0.2068
2.329	0.5961	0.2354
2.322	1.215	0.2284
2.133	-1.939	0.1988
2.292	1.265	0.2801
1.709	0.1456	0.06067
1.983	2.235	0.153
2.238	1.438	0.2174
2.227	1.486	0.2195
1.412	2.023	-0.04592
2.175	-1.426	0.1351
2.009	-2.709	0.1574
2.156	2.745	0.1834
2.243	0.7745	0.2002
0.8486	0.1767	-0.06074
0.7918	-0.3556	-0.04184
1.125	0.2018	-0.02033
1.912	-4.909	0.1559
1.934	-3.736	0.1558
1.917	-3.516	0.1565
1.95	-1.772	0.1591
1.993	-2.411	0.1643
1.96	-2.605	0.1623
1.974	-2.658	0.1679
2.002	-1.211	0.1919
1.978	-5.587	0.178
1.999	3.267	0.1592
1.987	2.457	0.1568
2.008	2.659	0.1552
1.97	0.656	0.1991
1.983	2.365	0.2079
1.956	-1.693	0.1828
1.929	-0.7979	0.1695
1.901	-1.875	0.1853
1.912	-1.136	0.1612
2.033	1.5	0.1836
2.027	-2.009	0.1956
2.022	2.129	0.1651
1.998	3.745	0.1613
1.924	0.9457	0.1606
2.037	2.854	0.1862
2.017	-0.5736	0.2046
1.929	-4.563	0.1725
1.97	1.778	0.1654
2.03	2.106	0.1746
2.045	-0.3323	0.1784
2.066	1.638	0.1837
1.915	-3.039	0.1625
1.916	-3.228	0.1585
2.01	-4.468	0.1777
2.021	-3.868	0.1749
1.97	-1.54	0.1655
1.925	-1.062	0.1577
1.949	-1.563	0.1597
2.163	3.687	0.2039
2.202	2.565	0.2113
2.082	0.4577	0.1898
2.151	1.541	0.2561
2.212	-1.535	0.2555
2.232	-0.1621	0.2389
2.213	1.947	0.2028
2.146	-0.7945	0.1675
2.06	-0.3379	0.1581
1.971	-1.119	0.1614
1.971	-3.139	0.1652
2.033	0.2014	0.1676
2.011	-0.5502	0.1602
1.983	-2.625	0.1683
1.982	3.503	0.1758
1.942	3.647	0.1984
1.967	3.226	0.1899
1.963	3.065	0.1935
1.941	0.4914	0.222
1.91	0.4431	0.2449
1.935	0.7172	0.2365
1.945	3.511	0.1742
1.91	2.699	0.2223
1.895	0.2547	0.249
1.902	4.359	0.2048
1.916	1.566	0.2702
2.302	1.385	0.1767
2.004	-2.547	0.1333
2.129	1.381	0.2709
2.245	-2.253	0.2414
2.294	-1.771	0.196
2.132	-0.0262	0.2126
2.193	-0.3753	0.1439
1.931	2.407	0.1082
1.938	3.608	0.09108
1.954	0.262	0.1208
1.972	-2.247	0.08214
2.111	0.2459	0.09154
1.807	-1.176	-0.02147
1.944	4.169	0.07762
2.015	-0.9218	0.1067
1.887	-0.464	0.02155
1.631	-2.697	-0.04602
1.487	-0.1442	-0.05477
1.395	-2.509	-0.07014
2.071	1.986	0.2718
2.042	2.087	0.2669
2.089	3.487	0.2385
2.116	0.08053	0.2205
2.035	3.317	0.244
2.02	3.279	0.2491
2.001	3.226	0.2064
2.159	-3.482	0.1816
1.992	-0.5112	0.1345
2.115	0.2734	0.1787
1.761	1.855	0.1097
1.63	1.396	0.06417
1.793	-0.3862	0.09495
1.765	0.1354	0.07919
1.137	-0.07133	0.01214
1.656	-0.7806	0.0706
2.002	2.427	0.1719
1.983	1.974	0.1578
2.052	-0.3421	0.175
1.917	0.4237	0.1208
1.516	-2.295	0.05668
1.914	3.09	0.09282
1.278	0.1779	-0.02016
1.646	0.4759	0.0428
1.686	2.89	-0.0005162
1.291	-0.2781	-0.08263
1.966	-2.465	0.1474
1.728	1.075	0.1171
2.205	0.4222	0.2111
2.192	-3.364	0.1845
2.175	-2.592	0.1801
2.177	1.597	0.1985
2.125	0.3584	0.1787
2.04	2.672	0.2392
2.145	2.707	0.2262
2.078	2.336	0.2608
2.007	1.362	0.2562
1.986	1.142	0.2365
1.981	0.7168	0.2293
1.992	2.37	0.2253
2.144	2.887	0.2105
2.113	3.09	0.203
2.155	2.769	0.217
2.067	3.242	0.2187
2.002	2.557	0.2181
2.035	3.607	0.2057
2.077	2.885	0.199
1.975	1.261	0.2138
1.997	2.299	0.2121
2.03	0.8521	0.2045
2.075	-1.894	0.1995
2.076	-0.04733	0.1989
2.075	1.934	0.1993
2.117	-2.322	0.1934
1.978	1.158	0.2123
2.003	1.164	0.2059
2.104	2.177	0.1982
2.134	-3.835	0.1989
2.169	1.059	0.1975
2.032	2.276	0.2267
1.993	0.7201	0.2185
2.094	2.256	0.2428
2.129	1.558	0.2179
2.101	3.743	0.2004
2.108	0.692	0.1992
2.112	1.257	0.1922
2.047	2.694	0.207
2.091	1.363	0.1988
2.06	2.631	0.1867
2.027	3.462	0.1782
2.033	3.437	0.1857
2.018	-1.163	0.1768
1.978	0.4263	0.1673
1.923	-0.423	0.1623
2.143	0.3686	0.1931
2.123	-2.631	0.1923
2.133	0.5138	0.204
2.169	1.643	0.1992
2.174	0.7886	0.1991
2.169	2.602	0.1969
2.162	2.096	0.1925
1.98	1.572	0.1769
2.07	1.117	0.1946
1.915	-0.9393	0.1584
1.934	2.921	0.1638
1.958	3.845	0.1696
1.965	3.31	0.1587
1.972	2.551	0.1771
2.059	-2.514	0.1939
2.108	1.226	0.1965
2.053	-0.9223	0.1986
1.999	1.224	0.1862
1.98	0.6532	0.1933
2.03	0.8316	0.2156
2.114	2.79	0.1979
2.028	-1.569	0.1941
2.006	-3.228	0.2153
2.042	-4.516	0.2318
2.069	1.061	0.2237
2.068	-1.848	0.227
2.083	3.273	0.2033
2.077	2.412	0.2014
2.066	2.68	0.1665
2.087	3.181	0.1916
2.082	0.3042	0.1753
1.954	4.446	0.1685
2.057	2.001	0.1797
1.966	0.9513	0.1524
2.021	3.505	0.151
1.934	-1.02	0.1551
1.965	-2.915	0.1616
1.966	-4.31	0.1867
1.9	3.484	0.1698
1.93	0.543	0.1834
2.008	0.8977	0.1539
1.926	0.1189	0.1809
1.956	-4.525	0.2026
2	-1.27	0.2032
2.114	2.097	0.198
1.993	-1.487	0.207
2.071	2.973	0.1977
2.093	1.107	0.1886
2.083	0.03245	0.1871
2.072	2.885	0.1986
2.119	1.296	0.1988
2.091	-2.001	0.189
2.087	-4.698	0.1917
2.123	0.4535	0.2152
2.111	-3.874	0.1897
2.261	-0.919	0.1981
2.268	0.3688	0.2029
2.213	0.1479	0.1921
2.226	1.391	0.1954
2.314	-2.434	0.2019
2.358	1.508	0.2102
2.377	0.6518	0.212
2.246	2.094	0.2227
2.23	0.0009824	0.2309
2.243	1.673	0.2152
2.34	-0.5029	0.2179
2.346	1.07	0.2243
2.24	1.726	0.2421
2.201	-2.085	0.2441
2.306	2.54	0.2196
2.26	-0.5231	0.2289
2.21	-3.578	0.2379
2.17	-1.204	0.2333
2.167	-0.8535	0.2499
2.065	3.469	0.1899
2.075	2.59	0.2122
2.15	0.2977	0.1815
2.117	-4.431	0.1705
2.063	3.695	0.1729
2.069	3.649	0.1549
2.1	-1.161	0.1788
2.195	0.9239	0.2585
2.182	2.428	0.2222
2.144	1.563	0.2568
2.168	0.3345	0.2702
2.173	2.52	0.2674
2.153	3.485	0.2727
2.187	2.408	0.229
2.12	-0.5257	0.1354
2.095	3.907	0.1383
2.16	0.07454	0.1743
2.173	0.8373	0.1669
2.208	2.88	0.1678
2.154	3.441	0.1367
2.138	2.59	0.163
2.236	0.2686	0.1894
2.167	-0.02056	0.1388
2.195	1.587	0.1482
2.186	-0.2961	0.1715
2.227	2.378	0.1735
2.119	-2.406	0.1943
2.101	-0.4408	0.1956
2.191	-2.525	0.1891
2.133	-0.9338	0.1947
2.107	1.389	0.198
2.106	1.814	0.1948
2.098	2.411	0.1992
2.122	0.7898	0.1967
2.212	-0.3864	0.1826
2.086	-5.01	0.2139
2.107	-0.5915	0.1958
2.125	2.65	0.1889
2.155	0.5531	0.1896
2.128	0.9019	0.1878
2.197	-3.136	0.1847
2.176	1.299	0.1857
2.131	1.558	0.1855
2.172	3.271	0.1879
2.162	3.015	0.1856
2.159	1.08	0.1856
2.21	1.874	0.1851
2.252	-2.087	0.1875
2.083	1.863	0.1976
2.1	3.032	0.199
2.09	2.711	0.1992
2.073	3.065	0.1977
2.086	1.024	0.1946
2.177	-0.151	0.1878
2.126	2.033	0.1919
2.222	1.113	0.1919
2.264	0.9741	0.19
2.225	-1.105	0.187
2.196	-3.35	0.1812
2.15	-2.989	0.1852
2.088	-0.6709	0.1931
2.094	-0.3745	0.1827
2.106	0.8899	0.1981
2.111	0.2739	0.1911
2.081	-4.387	0.1732
2.033	-1.387	0.1603
1.878	0.0618	0.1438
1.948	-3.123	0.1493
1.897	-1.544	0.1288
1.69	1.279	0.09264
1.584	1.368	0.07326
1.562	1.146	0.05672
1.912	-1.074	0.1318
1.666	-0.3136	0.1021
1.455	0.8039	0.0525
1.356	-0.8514	0.03302
1	-0.3172	-0.005005
2.129	-0.8563	0.1865
2.061	-1.428	0.161
2.181	-0.4961	0.1896
2.166	-1.229	0.1945
2.089	-3.588	0.1999
2.089	-0.6536	0.2061
1.991	-1.535	0.1865
1.759	-1.14	0.08631
1.529	-0.7328	0.04302
1.863	-1.407	0.131
1.899	-0.3902	0.1425
2.036	-0.4289	0.1608
1.743	0.8591	0.08637
1.322	0.1758	0.03024
2.174	-0.2876	0.1913
1.974	0.0169	0.145
1.967	0.01412	0.143
2.056	1.457	0.1926
1.971	0.7653	0.1539
2.125	-1.096	0.2248
2.102	-4.187	0.2387
2.251	-0.1914	0.2169
2.199	0.8828	0.2163
2.119	-2.125	0.2436
2.096	-1.667	0.2533
2.078	-5.33	0.2618
2.143	0.2439	0.2112
2.206	-0.5541	0.2149
2.147	-3.087	0.1884
2.203	-0.7229	0.2062
2.278	1.443	0.2323
2.19	2.376	0.2528
2.075	-2.145	0.2577
2.3	0.5027	0.2374
2.272	-0.2056	0.2537
2.216	1.997	0.2647
2.063	-1.591	0.2595
2.047	0.199	0.2612
2.128	2.317	0.2734
2.079	-0.1031	0.258
2.103	2.22	0.2435
2.084	-3.942	0.2518
2.102	-5.477	0.2332
2.068	1.581	0.2596
2.053	1.318	0.2576
2.042	2.718	0.2466
2.036	-2.724	0.2325
2.079	-0.886	0.2292
2.1	3.985	0.2563
2.095	3.153	0.2609
2.136	1.002	0.2375
2.087	3.519	0.2468
2.127	3.244	0.2481
2.148	2.183	0.2373
2.146	0.9876	0.229
2.073	1.982	0.2197
2.048	-3.901	0.2083
2.101	-0.4993	0.2474
2.112	1.789	0.2192
2.134	4.597	0.2072
2.131	0.6722	0.1887
2.115	1.92	0.2034
2.203	1.721	0.2175
2.156	2.179	0.1914
2.186	3.025	0.1896
2.246	3.963	0.2106
2.236	0.1184	0.2021
2.25	3.128	0.237
2.265	3.261	0.2347
2.215	1.384	0.2351
2.232	2.2	0.2382
2.262	2.227	0.2472
2.357	0.619	0.2366
2.331	1.086	0.2399
2.191	-0.8932	0.2309
2.206	1.285	0.2319
2.186	-2.837	0.2276
2.257	0.2862	0.2184
2.333	2.399	0.2143
2.353	-1.155	0.2293
2.405	2.038	0.2229
2.273	-0.2513	0.2305
2.324	1.236	0.2176
2.374	0.3503	0.2138
2.387	-0.8013	0.212
2.394	0.3885	0.2146
2.349	2.887	0.211
2.352	0.7073	0.2014
2.125	0.4033	0.1884
2.021	-0.2717	0.2274
2.025	1.908	0.2119
2.342	1.751	0.2342
2.296	1.004	0.2235
2.201	-0.8282	0.221
2.001	2.413	0.1992
1.983	2.141	0.191
2.338	1.618	0.2267
2.369	2.317	0.2346
2.35	2.421	0.2257
2.265	1.874	0.2354
2.339	2.806	0.24
2.366	2.896	0.2388
2.367	-3.05	0.2283
2.127	1.583	0.1964
1.957	0.6791	0.1856
2.245	2.035	0.2159
2.216	1.633	0.2168
2.28	2.492	0.2154
1.989	-0.4668	0.1867
2.195	1.603	0.199
2.053	-0.3873	0.1881
2.021	0.4896	0.251
1.967	2.702	0.2744
2.007	1.144	0.2892
2.201	1.622	0.2561
2.367	-2.576	0.2411
1.901	-0.5895	0.07295
1.964	3.219	0.1855
1.334	-1.958	-0.04345
1.644	2.011	0.00768
1.876	-0.02704	0.09584
2.036	-0.5757	0.1447
2.087	1.076	0.1714
2.264	0.4566	0.2359
2.329	2.04	0.2246
2.057	2.07	0.238
2.168	0.0865	0.1967
2.215	0.3892	0.2126
2.292	1.387	0.2282
2.215	-1.582	0.213
2.249	0.2214	0.2238
2.257	-0.4669	0.2309
2.236	0.5353	0.2216
1.243	-0.3275	-0.07943
1.599	0.7991	0.01896
1.57	2.369	-0.03766
2.035	-0.6309	0.06353
1.891	-0.7373	0.03852
2.035	-1.835	0.1146
2.172	-1.136	0.1758
1.881	-1.789	0.08569
2.077	-6.353	0.1767
2.055	-0.4359	0.1282
2.062	-2.493	0.191
2.09	-6.096	0.2163
2.105	0.6935	0.2124
2.137	3.636	0.2096
2.244	0.1771	0.1805
2.219	0.8186	0.1971
2.209	0.5588	0.1583
2.234	2.833	0.1896
2.165	3.392	0.2096
2.24	1.834	0.2094
2.222	2.502	0.2017
2.236	3.263	0.2077
1.12	1.953	-0.09236
0.8747	0.1455	-0.05121
1.033	1.277	-0.07236
1.06	1.927	-0.06503
1.164	0.9457	-0.05112
0.7589	-0.421	-0.01338
0.7384	-0.204	-0.03322
1.221	0.1041	0.01526
0.791	-0.537	-0.02688
0.8556	-0.3683	-0.03117
0.9402	0.08808	-0.047
1.421	1.676	-0.02327
0.7759	-0.1756	-0.04929
0.8329	-0.2572	-0.0409
0.9998	-0.202	-0.01476
1.524	-0.6534	0.05264
1.372	0.5361	0.03143
1.812	0.1481	0.1098
