1.728	0.9508	0.09303
1.933	-2.923	0.1987
2.159	-2.79	0.1855
2.086	1.883	0.2992
1.959	-2.942	0.2164
1.999	0.4099	0.2641
2.114	2.863	0.2584
2.038	2.437	0.2791
2.257	1.504	0.1729
2.055	2.381	0.2014
1.618	-2.529	-0.02781
1.998	0.263	0.281
2.024	-3.588	0.1974
2.216	-0.4606	0.2958
2.151	-4.376	0.225
2.04	-0.2842	0.2315
1.926	-1.84	0.1644
2.073	-0.2067	0.2171
2.005	0.8186	0.2176
1.928	1.055	0.2515
1.644	-0.03061	0.02662
1.89	-1.21	0.2573
1.941	1.888	0.2207
2.148	1.593	0.2427
2.396	-0.8325	0.1864
2.336	-1.624	0.196
2.242	3.406	0.264
2.134	2.441	0.2886
2.175	-1.446	0.222
2.243	-1.721	0.2001
2.66	-0.2017	0.16
1.946	2.916	0.2111
1.972	-2.818	0.1782
2.225	0.5721	0.1878
1.353	-0.5204	0.05518
2.118	-2.9	0.2396
2.173	1.87	0.2659
2.109	-1.252	0.2171
2.115	2.426	0.3062
2.184	0.8538	0.2955
2.163	2.168	0.2346
1.694	-0.744	0.04999
2.129	0.09124	0.1654
2.136	-2.31	0.2127
2.194	-4.619	0.178
1.966	2.794	0.2289
2.036	2.57	0.2745
2.059	3.397	0.2241
2.121	0.7573	0.2778
2.063	-1.396	0.2947
2.146	0.09247	0.2814
2.095	-2.897	0.2058
2.035	0.08096	0.1778
2.034	-0.1476	0.2551
2.069	1.896	0.2198
2.036	-3.114	0.2057
1.958	-3.938	0.1914
1.941	2.871	0.2449
1.936	3.455	0.2153
2.023	1.744	0.285
2.053	-0.1254	0.2543
1.929	-1.781	0.1286
1.944	3.808	0.05048
1.863	-0.5472	0.09465
1.998	4.039	0.02145
1.921	3.34	0.2794
1.938	1.977	0.2559
1.934	0.8512	0.1637
1.448	-0.3907	0.048
1.912	-1.743	0.1549
1.911	1.908	0.1721
1.674	-0.03391	-0.005954
1.943	0.4388	0.2304
1.863	0.4192	0.1769
1.935	1.7	0.2647
1.886	2.362	0.2754
1.921	3.253	0.2557
1.957	-0.01964	0.235
1.925	2.288	0.2282
2.084	2.432	0.2488
2.052	2.061	0.217
2.001	1.85	0.2568
2.044	1.941	0.2387
2.119	2.789	0.2159
2.151	2.535	0.2082
2.051	-3.49	0.1954
2.228	0.907	0.1835
2.295	-1.206	0.2141
2.574	2.235	0.192
2.312	-2.376	0.2011
2.548	0.1917	0.1993
2.049	2.959	0.2057
2.1	-1.209	0.2199
2.111	-0.6269	0.1917
2.032	1.195	0.2274
2.273	1.277	0.301
2.293	1.665	0.2594
2.035	0.1581	0.198
2.106	-4.872	0.2913
2.299	1.04	0.2842
2.264	3.041	0.2676
2.12	-3.188	0.2878
2.238	-2.855	0.2615
2.018	-0.5684	0.1635
2.286	-3.413	0.1915
2.313	-0.2093	0.2532
2.125	2.619	0.2224
2.26	5.039	0.1533
2.213	-3.21	0.1613
2.46	2.285	0.1719
2.066	-1.984	0.2017
1.96	1.964	0.2095
2.738	2.581	0.1815
2.288	1.745	0.2041
2.23	0.3443	0.2054
1.9	2.572	0.2181
2.214	0.2933	0.1836
1.982	1.952	0.2088
1.874	1.381	0.1936
1.724	0.3478	0.1264
1.852	1.122	0.1071
1.344	-0.5534	0.06891
2.169	-5.215	0.1782
2.097	-3.372	0.1693
1.914	0.3107	0.1226
1.983	0.2582	0.1797
1.688	0.7427	0.102
2.174	1.607	0.2238
2.033	-5.684	0.2475
2.355	-0.6817	0.2194
2.319	-2.614	0.2448
2.118	1.379	0.2434
2.073	1.777	0.1925
2.041	-1.939	0.2268
2.076	-3.29	0.2644
2.049	3.372	0.2416
2.126	2.316	0.2115
2.236	4.14	0.276
2.135	3.94	0.2439
2.159	0.496	0.3149
2.068	2.202	0.3084
2.123	-0.1714	0.2926
2.087	1.893	0.2987
2.041	2.2	0.3025
2.123	-0.05796	0.3025
2.146	1.491	0.3047
2.165	-1.787	0.2968
2.151	-2.393	0.2961
2.115	2.495	0.3063
2.104	2.33	0.2945
1.866	1.006	0.1219
2.193	0.4225	0.2252
2.294	2.076	0.2877
2.143	2.172	0.2673
1.579	0.9225	0.001393
2.022	-0.6145	0.174
1.877	-1.397	0.1708
2.096	4.162	0.2181
2.034	-0.1129	0.2195
1.291	0.02657	-0.01178
1.212	-0.5192	0.01748
1.36	0.05161	0.05403
2.142	-5.311	0.1765
2.193	-1.452	0.1724
2.177	-3.074	0.1819
2.115	-2.272	0.1757
2.084	-3.205	0.2039
2.168	-1.453	0.1775
2.214	-2.354	0.1857
2.161	-0.7759	0.2243
2.2	-4.821	0.1944
1.972	2.338	0.2177
2.021	3.296	0.2226
2.027	0.9105	0.2194
1.982	-1.318	0.2649
2.003	0.5551	0.2778
2.009	-1.462	0.2496
2.076	-2.776	0.2387
2.131	2.902	0.2742
2.129	2.119	0.2726
2.132	-0.299	0.2314
2.126	-3.884	0.2498
2.099	1.595	0.2241
2.109	-3.008	0.241
2.181	2.95	0.2827
2.112	2.183	0.2849
2.12	-1.389	0.2707
2.117	-2.798	0.2947
2.152	2.938	0.2895
2.116	3.251	0.2922
2.061	0.3899	0.2969
2.138	3.578	0.2954
2.134	-3.916	0.1967
2.104	-4.959	0.1835
2.067	-5.294	0.2169
2.06	-4.438	0.2065
2.074	-2.812	0.1931
2.069	-1.173	0.171
2.039	-2.191	0.171
2.026	3.95	0.245
2.052	2.761	0.2361
2.049	0.09122	0.2226
2.037	0.1937	0.2609
2.09	-1.025	0.2495
2.077	0.283	0.2467
2.04	1.505	0.2156
1.94	-2.885	0.1664
1.959	-1.495	0.1599
2	-0.8272	0.1676
1.988	-3.983	0.1929
2.034	-0.981	0.1895
1.978	-0.5249	0.1667
1.93	-2.842	0.1855
1.934	2.962	0.2246
1.912	3.345	0.2279
1.917	3.11	0.233
1.946	2.832	0.2497
1.973	-0.6865	0.2728
1.974	-1.11	0.2743
2.011	1.871	0.2785
1.917	3.35	0.2017
1.947	2.064	0.2405
1.977	-1.318	0.2497
1.972	0.5617	0.2091
2.018	1.84	0.2623
1.952	-1.67	0.1674
1.924	-1.481	0.113
2.008	-0.1041	0.2606
2.109	-1.143	0.2313
2.046	1.738	0.2082
2.143	0.8599	0.2404
1.959	-1.094	0.1891
1.932	4.309	0.1002
1.95	3.74	0.08316
1.935	4.209	0.1094
1.927	-0.3129	0.1122
1.945	-1.923	0.1556
1.961	3.842	0.01636
1.989	1.417	0.09742
2.023	1.584	0.1669
1.937	-0.3774	0.07599
1.824	0.751	0.03328
1.691	-0.4544	-0.0003019
1.69	-3.611	-0.02872
1.95	-0.09115	0.2741
1.926	1.819	0.2749
1.934	3.374	0.2737
1.934	0.3211	0.2584
1.943	3.86	0.2739
1.92	3.22	0.2686
1.903	-0.7094	0.2484
1.943	-3.474	0.2178
1.934	-0.4717	0.1557
1.931	0.8059	0.2064
1.831	-0.8145	0.1196
1.596	0.002042	0.06707
1.862	0.1292	0.09434
1.831	-0.528	0.08259
1.384	-0.4345	0.03438
1.771	-0.6582	0.07678
1.918	2.112	0.2261
1.903	-1.164	0.2085
1.924	-1.313	0.2237
1.907	-1.064	0.1618
1.817	0.3097	0.0846
1.921	1.26	0.1428
1.649	0.4582	0.00924
1.857	0.4731	0.09337
1.828	2.199	0.05485
1.6	-1.549	-0.04391
1.897	1.059	0.1689
1.769	-0.7027	0.1278
1.932	1.317	0.2431
1.946	-3.435	0.2113
1.927	-1.87	0.2133
1.952	2.27	0.2272
1.911	1.583	0.2076
1.901	3.051	0.2773
1.915	3.46	0.2677
1.961	1.784	0.2694
1.921	2.776	0.2793
1.891	0.6598	0.276
1.908	-0.7868	0.266
1.875	2.169	0.2693
1.935	2.863	0.2448
1.955	2.567	0.2344
1.92	1.357	0.2535
1.892	2.973	0.2628
1.874	2.472	0.2604
1.935	1.627	0.236
1.943	2.972	0.2294
1.885	-0.9407	0.2493
1.881	1.969	0.2499
1.897	2.205	0.2331
1.931	-0.1178	0.224
1.927	-1.998	0.2244
1.997	0.5423	0.2252
1.993	-2.309	0.2147
1.941	0.9602	0.2522
1.965	0.07746	0.2417
2.091	1.278	0.2308
2.147	1.718	0.2451
2.14	-0.3837	0.2299
1.955	3.178	0.262
1.967	2.624	0.2598
1.981	0.6691	0.2636
2.005	2.434	0.2579
2.011	3.055	0.2495
2.043	-0.8498	0.2465
2.094	1.837	0.2403
2.012	1.86	0.2503
2.02	1.774	0.2515
2.03	-1.119	0.2339
2.081	2.641	0.2281
2.111	3.103	0.2333
2.065	0.03516	0.223
2.107	0.1074	0.2111
2.151	-0.613	0.2019
2.02	-2.859	0.2049
2.015	-3.355	0.2087
2.184	0.2796	0.2326
2.09	2.357	0.2127
2.046	1.357	0.1973
2.18	1.765	0.1942
2.185	0.07582	0.1922
2.134	2.865	0.2191
2.165	2.179	0.2304
2.182	-1.301	0.1864
2.181	2.784	0.2023
2.302	2.802	0.2007
2.349	2.965	0.1876
2.459	-2.817	0.1968
2.325	0.586	0.1978
2.617	2.024	0.196
2.264	-0.786	0.2192
2.483	1.555	0.2023
2.446	-2.531	0.1861
2.48	-2.282	0.1856
2.689	1.256	0.1968
2.325	2.019	0.1935
2.325	1.257	0.189
2.453	-3.866	0.2012
2.176	-0.3601	0.2047
2.216	-2.95	0.2038
2.128	3.422	0.1957
2.043	2.955	0.2007
2.259	0.8362	0.1898
2.157	2.911	0.2002
2.06	-0.5448	0.2015
2.032	3.597	0.2292
2.206	2.249	0.2368
2.219	-0.3731	0.1812
2.247	3.068	0.188
2.204	-1.474	0.1802
2.177	-1.075	0.1869
2.119	-2.048	0.2035
2.009	3.283	0.2163
2.095	-1.738	0.2396
2.105	0.7901	0.1987
2.013	2.794	0.2121
2.069	-0.4331	0.2358
2.159	-2.513	0.268
2.291	-0.8655	0.2791
2.125	-3.794	0.2632
2.203	-0.697	0.3006
2.148	3.52	0.3014
2.15	0.3294	0.2009
2.023	1.473	0.1851
2.31	0.6224	0.2768
2.234	-2.392	0.2492
2.194	-4.288	0.2261
2.234	-1.363	0.2347
2.089	0.5244	0.2177
2.326	2.248	0.3008
2.41	0.627	0.2825
2.086	0.8647	0.2967
2.232	-0.7245	0.3039
2.219	-3.344	0.2915
2.202	-3.266	0.2845
2.307	0.7838	0.2807
2.218	-0.6704	0.2558
2.176	-2.916	0.2456
2.337	1.116	0.2709
2.291	1.823	0.2684
2.184	3.133	0.2806
2.24	-0.6724	0.2651
2.187	0.4805	0.2477
2.129	1.547	0.2902
2.2	0.4542	0.2834
2.155	-2.983	0.2798
2.103	1.602	0.2598
2.195	0.8899	0.2672
2.026	2.967	0.1771
2.082	2.299	0.1957
2.053	3.038	0.2152
2.022	-1.982	0.1821
2.096	3.732	0.1774
2.182	1.644	0.1633
2.533	-4.741	0.1753
2.216	-1.573	0.246
2.151	0.7703	0.2267
2.236	2.574	0.2635
2.272	0.2221	0.2606
2.306	2.917	0.2386
2.377	2.244	0.2373
2.234	4.041	0.2081
2.06	0.3182	0.1464
2.385	-0.3445	0.1562
2.039	-1.031	0.2008
2.066	1.823	0.1988
2.196	3.041	0.1689
2.421	2.845	0.1431
2.565	2.051	0.1569
2.276	1.485	0.187
2.254	0.1399	0.1387
2.317	1.062	0.1546
2.23	1.189	0.1626
2.288	1.816	0.1759
1.996	-3.174	0.1994
1.952	-0.4192	0.2135
2.221	0.7453	0.1982
2.045	-2.115	0.1961
2.009	2.184	0.2027
2.003	1.457	0.2077
1.96	0.03882	0.2098
2.549	-3.104	0.183
2.568	2.165	0.1991
2.468	-5.024	0.1958
2.498	2.512	0.1811
2.557	-3.823	0.1684
2.07	0.1438	0.2035
2.009	2.488	0.2088
2.231	-3.83	0.1983
2.526	-0.5233	0.1954
2.648	-0.08736	0.1687
2.234	2.031	0.2087
2.052	2.884	0.2107
2.489	2.342	0.1936
2.297	2.32	0.1985
2.272	1.726	0.189
1.932	2.298	0.2181
1.912	3.176	0.2144
1.927	2.64	0.2182
1.922	3.397	0.2238
1.909	1.108	0.2195
2.108	2.426	0.208
1.931	2.843	0.2123
2.249	1.608	0.1766
2.22	1.04	0.2005
2.11	0.6392	0.2019
2.08	-2.917	0.1915
1.962	1.579	0.1938
1.886	0.3088	0.2125
1.904	1.08	0.2066
1.897	1.598	0.213
1.949	0.05882	0.2046
1.884	-1.564	0.1819
1.855	0.9958	0.1845
1.802	0.6182	0.1465
1.8	-3.75	0.1621
1.776	-2.278	0.1452
1.724	0.7734	0.1104
1.643	-0.3	0.08432
1.558	-0.09216	0.07252
1.942	-1.542	0.1492
1.72	-0.7783	0.1073
1.572	-0.1481	0.06995
1.541	-0.1978	0.0742
1.278	-0.6143	0.05645
2.14	-1.706	0.1709
2.051	-0.2056	0.1682
2.196	0.2151	0.1698
2.169	-1.223	0.1732
2.143	-5.462	0.1795
2.192	-0.6503	0.1922
2.108	0.4961	0.1774
1.851	0.548	0.116
1.583	-0.2574	0.07836
1.982	-1.891	0.1452
2.034	1.06	0.1548
2.069	0.4142	0.1538
1.727	-0.1928	0.1041
1.453	-0.3653	0.06689
2.157	-1.498	0.1768
1.958	0.8247	0.1471
1.845	0.6926	0.1448
1.926	0.7016	0.1818
1.874	0.159	0.1551
1.99	-0.4762	0.2102
1.982	-4.786	0.2271
2.223	0.2793	0.2137
2.094	0.8227	0.2095
2.062	-1.205	0.2322
2.131	-1.141	0.2394
2.062	-5.389	0.2403
2.269	1.141	0.2053
2.322	-2.124	0.2066
2.194	-4.199	0.1692
2.296	2.012	0.2031
2.357	1.697	0.214
2.225	1.693	0.2337
2.184	-3.998	0.242
2.268	1.109	0.2254
2.348	0.9118	0.2336
2.391	2.007	0.2393
2.293	-0.242	0.2497
2.117	0.308	0.2394
2.387	2.238	0.2516
2.229	2.582	0.2544
2.076	3.222	0.2496
2.045	1.962	0.2383
1.98	-5.513	0.2381
2.075	0.6664	0.2146
2.06	2.728	0.2131
2.079	-0.6918	0.1997
2.095	-2.557	0.1902
2.096	-0.2588	0.2128
2.021	3.689	0.2433
2.053	2.737	0.2396
2.067	1.962	0.2566
2.033	-0.03296	0.2497
2.051	0.07766	0.255
2.102	2.954	0.2626
2.098	2.226	0.25
2.089	2.555	0.2021
2.103	-3.47	0.205
2.087	1.022	0.2156
2.128	2.838	0.2291
2.145	3.768	0.2449
2.149	-0.6346	0.231
2.114	1.341	0.2398
2.272	2.936	0.2711
2.14	-1.165	0.2391
2.124	1.238	0.2494
2.043	4.021	0.2884
2.032	-0.4453	0.2638
2.171	1.015	0.3108
2.047	3.19	0.2967
2.24	2.074	0.29
2.239	2.056	0.2976
2.166	1.589	0.3092
2.083	0.8411	0.3159
2.087	2.525	0.3082
2.116	-2.332	0.2726
2.153	3.18	0.2795
2.099	-3.466	0.277
2.107	-1.277	0.2893
2.098	0.9023	0.2942
2.08	-1.172	0.31
2.103	2.573	0.3073
2.167	1.784	0.2977
2.079	0.4268	0.303
2.122	1.569	0.2955
2.119	-1.74	0.2967
2.128	-3.295	0.302
2.13	1.902	0.2869
2.02	-2.119	0.2912
2.005	-4.74	0.2936
2.053	1.567	0.2883
2.069	1.821	0.2924
2.132	1.284	0.3057
2.151	1.965	0.3048
2.155	-0.21	0.3067
2.197	2.06	0.2915
2.197	1.923	0.2996
2.256	2.247	0.2933
2.113	1.283	0.3088
2.176	-4.045	0.2941
2.036	-0.04137	0.2887
2.123	1.873	0.3022
2.122	0.1641	0.3105
2.119	1.67	0.3038
2.139	2.089	0.3069
2.113	2.935	0.3082
2.164	2.406	0.3028
2.146	-0.317	0.2981
2.126	-0.2488	0.3021
2.047	0.5826	0.3091
2.077	2.559	0.3052
2.01	-2.981	0.3022
2.054	1.879	0.2939
2.039	2.539	0.2665
2.049	1.437	0.2944
2.092	0.03659	0.3037
2.177	2.817	0.2994
2.036	1.522	0.1147
2.043	2.743	0.2105
1.543	-1.55	0.03594
1.885	2.254	0.07741
2.024	-2.394	0.182
2.111	0.6189	0.2041
2.176	0.04912	0.2338
2.247	-1.436	0.2785
2.232	-4.093	0.2891
2.184	1.674	0.2363
2.327	2.182	0.2514
2.346	1.076	0.2604
2.287	2.626	0.2965
2.252	-2.562	0.257
2.286	1.82	0.2797
2.147	-3.359	0.2822
2.083	2.103	0.2716
1.508	-0.4533	-0.006858
1.707	-0.09471	0.06068
1.61	1.621	0.01828
1.892	0.3928	0.1131
1.826	-0.2821	0.0731
1.987	-1.288	0.1479
2.043	-3.563	0.2073
1.788	-0.8751	0.1242
1.983	-1.383	0.21
1.912	-1.202	0.1762
1.913	-2.182	0.1888
1.989	-5.534	0.2339
2.064	-0.6644	0.2301
2.114	4.28	0.2143
2.038	1.561	0.2153
2.035	-2.218	0.2109
2.052	2.59	0.2001
2.075	0.1099	0.2063
2.081	3.214	0.2271
2.056	1.499	0.2496
2.052	0.6898	0.2323
2.043	2.716	0.2563
1.436	-0.1054	-0.03117
1.411	-0.04932	-0.006778
1.414	0.3784	-0.02972
1.404	1.709	-0.01838
1.387	0.6589	0.004161
1.264	-0.5942	0.03767
1.302	-0.4396	0.01268
1.318	-0.5544	0.05732
1.209	-0.6452	0.0427
1.249	-0.5397	0.03257
1.283	-0.07005	0.009573
1.534	1.123	0.05109
1.241	-0.3763	0.004715
1.25	-0.3493	0.02205
1.315	-0.3676	0.04491
1.657	0.4588	0.0922
1.523	0.9234	0.07497
1.744	-0.6893	0.1329
1.777	-3.132	0.1343
1.964	-3.005	0.2142
1.815	-1.752	0.1939
1.997	2.166	0.2651
1.983	-0.2135	0.167
1.917	1.917	0.2788
2.134	0.3233	0.2264
2.001	3.978	0.2738
1.955	1.952	0.1626
2.105	0.7772	0.1793
1.358	-2.806	-0.05318
2.061	2.767	0.3047
1.911	-2.653	0.1987
2.032	-4.019	0.3065
2.041	-5.153	0.2056
2.044	1.14	0.2441
1.789	-2.713	0.1596
1.846	2.498	0.2182
1.948	1.158	0.1425
1.857	1.856	0.235
1.514	-0.4063	0.09373
1.955	0.6076	0.2474
1.96	0.6982	0.2043
1.995	1.028	0.2229
1.977	-0.8819	0.1704
1.96	1.955	0.1954
2.011	1.119	0.246
2.027	2.16	0.2762
2.147	-1.292	0.2346
2.266	-0.3655	0.246
2.018	-2.413	0.1503
1.93	2.809	0.1982
1.975	-2.443	0.1671
2.025	-0.7098	0.1839
0.893	-0.02526	0.06599
1.929	-5.783	0.2269
2.368	3.685	0.2915
1.837	0.3429	0.242
2.155	2.496	0.3397
2.187	3.174	0.3209
1.621	-4.783	0.24
1.617	-2.239	0.009701
1.796	-1.256	0.1767
2.011	-1.261	0.1975
1.838	-4.497	0.1808
1.981	2.166	0.238
2.058	2.519	0.3167
1.99	3.445	0.2371
2.003	3.419	0.2461
2.036	0.5571	0.2767
2.005	3.125	0.2505
1.908	-5.203	0.2145
1.791	-0.05902	0.1883
1.971	0.6579	0.2751
2.039	2.99	0.2434
1.968	-3.766	0.2183
1.824	-3.608	0.197
1.934	1.735	0.2453
1.853	3.951	0.1715
2.041	2.209	0.2832
1.928	0.2273	0.2655
1.869	-0.5103	0.1689
1.714	-1.92	0.03442
1.781	-0.9045	0.1088
1.592	1.71	-0.008119
1.876	2.553	0.274
1.82	2.717	0.2434
1.85	-2.178	0.1822
1.672	-1.821	0.1398
1.806	-1.438	0.1679
1.732	1.736	0.17
1.352	-0.2821	0.01969
1.929	1.93	0.2263
1.888	-1.417	0.1728
1.912	1.669	0.2746
1.902	3.297	0.2573
1.953	2.914	0.2296
1.982	-0.9059	0.2068
1.967	1.782	0.1924
1.959	2.618	0.2512
1.97	0.1704	0.2151
1.922	2.37	0.2743
1.985	2.695	0.2435
1.966	1.043	0.21
2.032	0.6374	0.2081
1.962	1.368	0.1896
1.856	1.629	0.1868
1.989	-1.141	0.1992
1.989	0.4136	0.1961
2.406	2.363	0.1624
2.136	-1.161	0.1713
2.05	2.49	0.1564
1.945	1.166	0.1889
1.971	-1.518	0.1801
2.164	-4.083	0.2067
1.966	2.272	0.2576
2.002	0.7682	0.2579
1.917	2.237	0.1853
2.061	-0.1635	0.258
2.05	2.447	0.2641
2.073	2.242	0.2711
2.034	-4.142	0.2611
2.166	-0.2365	0.2581
1.944	-2.482	0.1635
2.12	-2.374	0.179
2.223	0.8384	0.2548
2.215	2.82	0.2317
1.878	4.079	0.1675
1.899	-3.182	0.1712
2.033	-0.4669	0.1442
1.941	-1.367	0.1937
1.95	0.997	0.1945
1.904	3.008	0.1561
1.891	1.579	0.1621
2.141	2.126	0.1749
1.887	2.144	0.1985
1.943	-1.568	0.1705
2.036	0.9539	0.1979
1.862	0.1325	0.1797
1.423	-0.2361	0.1271
1.372	-0.8541	0.1102
1.26	1.223	0.1061
1.821	-4.735	0.1812
1.759	-0.7785	0.1772
1.524	-0.5077	0.129
1.959	0.9777	0.1915
1.496	1.508	0.1104
2.106	2.153	0.2358
2.004	-6.905	0.1925
2.325	-1.217	0.2282
2.157	3.565	0.2539
2.082	3.997	0.2372
2.011	1.1	0.2155
1.982	-4.287	0.2131
2.157	2.011	0.257
2.248	3.147	0.25
1.995	1.114	0.2372
2.006	3.641	0.2568
1.893	2.739	0.254
2.18	1.193	0.3532
2.109	2.614	0.3632
2.141	-3.607	0.3108
2.184	-1.987	0.3197
2.048	0.9834	0.2807
2.203	-0.2724	0.3476
2.272	-1.237	0.3476
2.36	2.802	0.3609
2.127	-2.962	0.3396
2.124	1.656	0.3162
2.065	-1.096	0.2947
1.601	0.5359	0.08666
1.761	1.171	0.2051
1.818	2.449	0.3034
1.887	3.433	0.3055
1.355	0.6453	-0.03406
1.771	0.6378	0.1677
1.961	-2.242	0.1931
1.992	3.972	0.2249
1.701	1.302	0.2265
0.9172	-0.08728	-0.01866
0.8877	-0.1653	0.06516
0.9948	0.3206	0.02641
1.772	-5.188	0.1857
1.829	-3.19	0.18
1.797	-2.73	0.1868
1.912	-2.303	0.1843
1.968	-1.582	0.1988
1.952	-2.267	0.1816
1.978	-3.069	0.183
2.038	-5.211	0.2035
1.995	-5.443	0.1885
1.91	2.948	0.2224
1.992	1.09	0.2366
1.958	2.292	0.2189
2.018	1.118	0.271
2.117	2.605	0.3005
2.029	-0.3187	0.2691
2.014	-2.832	0.2751
2.024	-0.2654	0.318
1.995	-1.029	0.2723
2.018	0.04619	0.2272
2.041	0.4852	0.2343
1.994	-1.312	0.2188
1.986	3.869	0.2426
1.998	-0.8667	0.2592
2.031	2.515	0.2473
2.035	2.566	0.2366
2.041	-4.11	0.2864
2.028	1.619	0.2582
2.038	-0.6543	0.259
2.001	2.527	0.2709
2.004	-1.945	0.2557
1.835	-2.819	0.2017
1.789	-4.163	0.1913
1.978	-4.617	0.2278
1.958	-4.288	0.2173
1.853	-2.428	0.2016
1.757	0.3843	0.1813
1.833	-2.13	0.1807
2.044	3.635	0.263
2.063	2.375	0.2475
2.033	1.135	0.2348
1.936	1.956	0.2793
1.983	-1.265	0.2702
2.018	-1.03	0.2683
2.054	1.248	0.2357
1.93	-0.9493	0.1936
1.791	-0.02492	0.1826
1.778	-1.957	0.182
1.855	-4.158	0.1964
1.9	-0.06086	0.2012
1.769	-0.6589	0.1806
1.804	-3.17	0.1839
1.881	2.605	0.2285
1.84	3.059	0.2182
1.857	2.701	0.2335
1.941	2.768	0.2466
1.989	-2.117	0.2786
1.977	-1.462	0.2448
2.038	2.351	0.2991
1.814	3.035	0.1626
1.895	3	0.2258
1.948	-0.7875	0.2214
1.863	3.617	0.1788
2.014	2.439	0.2526
2.033	2.198	0.2055
1.769	-3.362	0.1601
1.923	0.2312	0.2751
1.986	-1.346	0.2567
2.005	-1.733	0.2328
1.925	0.2204	0.2507
1.934	-1.114	0.2052
1.766	2.204	0.09945
1.774	3.137	0.08741
1.768	0.3334	0.1083
1.749	-3.65	0.1218
1.894	-0.2281	0.1636
1.681	-0.4957	-0.002808
1.803	4.218	0.07273
1.822	-1.612	0.1791
1.752	-0.6479	0.07937
1.614	-3.168	0.01992
1.535	-0.745	0.01195
1.413	-3.372	-0.04988
1.899	2.28	0.2787
1.888	2.863	0.2741
1.849	4.046	0.2602
1.834	-0.2329	0.2428
1.844	3.937	0.2611
1.868	3.646	0.2654
1.837	2.7	0.2398
1.863	-0.9888	0.2035
1.84	-1.864	0.1742
1.831	1.069	0.2033
1.822	1.284	0.1478
1.778	-0.6026	0.1364
1.827	1.567	0.1461
1.803	0.9731	0.1384
1.574	-1.595	0.1194
1.75	-0.5357	0.1282
1.795	2.026	0.2155
1.777	0.6505	0.2069
1.817	-0.8999	0.212
1.776	0.1738	0.1704
1.66	-1.974	0.1001
1.708	2.788	0.1581
1.34	-2.966	0.06217
1.615	1.133	0.1025
1.635	3.301	0.0904
1.383	-2.076	-0.03407
1.871	-2.192	0.1815
1.792	-1.914	0.1395
1.896	-0.2697	0.2326
1.89	-0.9249	0.2074
1.914	-0.9678	0.2061
1.961	1.16	0.2123
1.932	-1.584	0.1986
1.879	3.141	0.2669
1.876	2.279	0.2592
1.904	2.909	0.2811
1.897	2.469	0.2793
1.912	-0.03155	0.265
1.93	-0.1889	0.2661
1.93	2.759	0.2521
1.943	3.872	0.2342
1.973	2.442	0.2107
1.912	2.051	0.2405
1.924	3.172	0.2487
1.943	2.044	0.2399
1.972	2.343	0.2032
1.968	3.252	0.2022
1.971	0.8715	0.2345
1.963	3.174	0.2231
1.972	-0.9003	0.193
1.982	-4.254	0.1849
1.974	-2.343	0.1841
1.984	-2.021	0.2137
1.985	-5.909	0.1815
1.965	-0.9043	0.2489
1.977	-0.3838	0.2318
1.968	2.249	0.2346
1.982	-0.7618	0.2425
1.991	-0.3267	0.2262
1.919	3.35	0.2736
1.945	0.05276	0.2612
1.912	2.839	0.2794
1.932	3.075	0.2775
1.995	3.491	0.2646
1.951	1.206	0.2484
1.97	1.542	0.2371
1.942	1.908	0.2604
1.944	2.802	0.2606
2.019	1.232	0.2447
1.991	1.499	0.2301
1.992	2.418	0.2165
1.995	-1.074	0.2312
1.964	-1.98	0.2157
1.869	-1.29	0.2037
1.966	-0.3906	0.1893
1.971	0.8274	0.1798
2.03	1.399	0.2126
1.98	1.061	0.2108
1.967	-0.3149	0.2005
1.987	-2.041	0.2038
1.957	1.882	0.1966
1.968	2.69	0.2019
2.017	2.207	0.209
1.822	-0.8696	0.1904
1.912	3.278	0.1967
1.946	2.088	0.1922
1.922	2.933	0.1806
1.955	3.52	0.1889
2.034	0.5177	0.2022
2	1.545	0.1986
2.034	-2.438	0.2061
1.999	2.006	0.1955
1.971	1.847	0.1893
1.999	0.334	0.1969
1.982	2.845	0.1933
2.063	0.746	0.1708
2.037	-4.538	0.1854
2.191	-2.32	0.1721
2.332	-3.401	0.1739
2.399	-2.784	0.1849
2.146	3.068	0.1654
1.94	4.151	0.1782
2.136	-0.6619	0.1594
2.298	1.391	0.1564
1.907	-2.967	0.1703
1.958	3.136	0.2148
1.97	2.015	0.2255
1.891	-0.7619	0.1773
2.01	3.332	0.1743
1.83	-0.926	0.1861
1.923	-2.025	0.1836
1.962	-0.1272	0.1963
1.992	1.668	0.2014
2.099	-2.188	0.2341
2.037	1.491	0.1691
1.976	0.7306	0.1894
2.037	-2.918	0.2117
2.165	-3.377	0.1964
2	2.332	0.2509
2.133	-2.984	0.2152
1.998	2.401	0.2469
1.993	-1.922	0.2617
1.944	-2.554	0.1863
1.918	3.166	0.1793
1.935	3.585	0.2591
1.931	-0.8425	0.2377
1.966	-3.786	0.2108
2.087	-1.291	0.2526
2.047	-4.971	0.2154
2.01	0.7724	0.2642
2.04	3	0.2596
2.013	-5.844	0.2588
2.016	-0.3926	0.2601
2.061	-4.242	0.2606
2.05	0.2843	0.2677
2.025	-1.98	0.2689
2.138	0.7774	0.2592
2.129	-0.8085	0.2657
2.132	-0.3826	0.2615
2.064	0.4803	0.2655
2.018	2.689	0.276
2.105	1.569	0.2641
2.194	2.203	0.2513
1.983	3.86	0.2755
2.033	0.9252	0.2675
2.102	-3.159	0.2557
2.102	-1.921	0.2295
2.15	0.8246	0.245
1.905	3.304	0.1771
2.116	0.8429	0.1837
2.099	1.556	0.2016
1.961	1.601	0.1682
1.883	3.183	0.1678
1.909	3.744	0.1644
2.122	-3.752	0.1648
2.227	2.391	0.2519
2.201	2.008	0.2277
2.162	1.566	0.2296
2.205	0.2367	0.2525
2.246	1.028	0.2516
2.274	2.503	0.256
2.251	4.107	0.2401
1.915	0.1787	0.1491
1.892	3.183	0.1626
2.107	-1.015	0.1963
2.093	2.249	0.2018
2.21	0.697	0.2008
1.933	3.872	0.1618
2.008	2.861	0.1441
2.188	1.654	0.1995
1.898	-1.02	0.1571
1.924	1.692	0.1519
1.882	0.3352	0.1608
1.98	2.324	0.1505
1.97	0.9835	0.189
1.977	0.6398	0.1773
1.944	-0.1255	0.1986
1.956	1.471	0.195
1.944	0.6025	0.1939
1.935	1.915	0.1967
1.916	2.756	0.1987
2.035	-0.02243	0.1685
1.919	-0.2052	0.1854
2.331	1.26	0.1845
2.305	-0.3458	0.1696
2.122	-1.351	0.1501
1.903	1.665	0.1866
1.939	1.55	0.1895
1.893	1.153	0.1849
1.885	-3.157	0.1529
2.005	-0.9512	0.14
1.958	2.853	0.1681
2.008	3.141	0.1933
2.027	1.838	0.1438
2.093	2.497	0.1537
2.068	0.916	0.1672
1.954	2.025	0.1942
1.911	2.974	0.1986
1.907	3.075	0.1973
1.93	1.906	0.1973
1.916	2.229	0.199
2.067	1.214	0.1942
1.969	2.534	0.1995
1.921	0.8312	0.1643
2.147	-0.4671	0.1777
2.185	0.7414	0.1828
1.986	-1.205	0.1747
1.983	-2.699	0.1863
1.89	1.392	0.1956
1.914	-1.381	0.1932
1.931	1.941	0.1982
1.946	0.6371	0.1915
1.814	-4.262	0.1707
1.889	1.48	0.1688
1.562	0.08346	0.1534
1.641	-3.118	0.1499
1.751	-3.121	0.1331
1.738	-2.898	0.1252
1.346	0.06038	0.1047
1.736	-2.73	0.1266
1.645	-1.146	0.1409
1.402	0.7174	0.1217
1.256	1.058	0.09425
1.16	0.3715	0.08653
0.877	0.05694	0.07228
1.84	-4.711	0.1708
1.846	-0.8923	0.1594
1.866	-0.654	0.1645
1.847	-1.87	0.1686
1.799	-2.816	0.1848
1.912	1.845	0.1946
1.767	1.121	0.1763
1.493	-0.1889	0.1204
1.263	0.5383	0.09198
1.612	-1.186	0.1436
1.676	1.725	0.1519
1.805	-0.3886	0.1593
1.412	1.382	0.1144
1.106	0.4189	0.07717
2.101	-0.2959	0.19
1.783	-0.2762	0.1588
1.786	0.1599	0.1528
1.888	-1.137	0.1929
1.833	-0.5391	0.1695
1.954	-0.2752	0.1978
1.992	-5.212	0.2119
2.252	-0.7819	0.224
2.073	0.6333	0.2145
1.967	0.3333	0.2168
1.959	-2.929	0.228
1.922	0.01108	0.1959
1.982	0.4642	0.2066
2.181	-1.444	0.2083
1.85	-4.188	0.1796
2.128	2.586	0.2076
2.315	2.48	0.24
2.118	3.049	0.2495
1.982	-4.475	0.2352
2.279	-2.55	0.2447
2.241	-0.3586	0.2559
2.255	1.885	0.2586
2.058	-2.15	0.2345
1.979	-0.07921	0.2373
2.243	0.9496	0.2552
2.112	-0.8645	0.2293
2.139	0.03875	0.2316
1.997	-4.075	0.2098
2.003	-7.284	0.2312
1.962	3.069	0.221
1.925	1.736	0.1913
1.924	-0.1762	0.1899
1.902	-2.093	0.2143
1.937	-0.9304	0.2291
2.223	3.547	0.2553
2.049	2.093	0.2463
2.115	-2.038	0.2429
2.193	2.995	0.2503
2.302	2.717	0.2614
2.208	2.116	0.2797
2.376	1.529	0.2753
2.056	2.331	0.2292
1.858	-2.756	0.2279
2.057	1.72	0.231
2.17	1.294	0.2408
2.247	3.776	0.2537
1.975	1.752	0.2388
1.732	2.447	0.2481
2.09	1.958	0.2678
2.134	3.571	0.2472
2.049	5.342	0.2453
1.977	3.408	0.2629
2.021	5.635	0.2552
1.956	3.084	0.295
1.985	4.159	0.3157
2.173	1.297	0.3184
1.99	3.161	0.3018
2.073	-0.2668	0.3621
2.259	0.1029	0.3586
2.257	1.95	0.3689
2.096	0.7441	0.2723
2.218	1.076	0.3167
2.071	-0.4042	0.2483
2.012	0.2071	0.275
2.079	2.988	0.3004
2.259	-1.955	0.3447
2.166	2.421	0.3345
2.227	2.69	0.347
2.194	0.7908	0.33
2.111	2.025	0.3037
2.093	-1.649	0.298
2.078	-3.866	0.3078
2.089	2.499	0.2873
2.061	2.026	0.267
2.017	-5.897	0.2663
2.157	1.679	0.3188
2.123	2.806	0.3315
2.164	0.6424	0.3358
2.183	-1.324	0.3332
2.257	1.524	0.3481
2.093	2.617	0.3388
2.099	3.069	0.3323
2.259	1.244	0.3339
2.238	3.36	0.3613
2.157	0.6085	0.3345
2.056	-0.803	0.3459
2.343	-0.5696	0.3794
2.288	1.481	0.3705
2.153	0.4989	0.3376
2.233	1.354	0.338
2.105	-0.1051	0.3219
2.201	2.169	0.3282
2.147	-0.9146	0.3182
2.085	-0.101	0.3078
2.086	1.626	0.2986
2.054	2.298	0.3008
2.04	-3.895	0.2869
2.173	-0.2867	0.3218
2.109	1.897	0.2584
2.154	-0.5809	0.2953
2.151	-0.9633	0.3377
2.057	2.175	0.3051
1.783	-1.06	0.09283
1.941	2.555	0.1499
1.355	-1.1	-0.009197
1.545	1.863	0.02869
1.732	-3.089	0.1488
1.62	-3.281	0.21
1.578	0.0165	0.2554
1.931	1.72	0.269
2.059	2.105	0.3128
1.946	2.434	0.2365
1.647	2.347	0.262
1.757	-0.5018	0.2881
2.164	-1.315	0.3367
1.816	1.405	0.2718
2.037	-0.1739	0.3148
2.081	2.54	0.3433
2.025	1.492	0.3164
1.29	-0.6125	-0.04916
1.505	-0.1091	0.03079
1.43	2.39	-0.02141
1.812	-1.385	0.07127
1.67	-0.6192	0.03956
1.703	-1.669	0.1283
1.634	-3.468	0.21
1.913	-2.648	0.1226
2.003	-4.969	0.2222
1.943	0.4833	0.1633
1.965	-2.626	0.206
2.007	-6.5	0.2374
1.98	-1.948	0.237
1.934	3.784	0.2392
1.775	0.01304	0.217
1.717	-3.931	0.236
1.892	2.028	0.2057
1.916	2.003	0.2381
1.792	2.871	0.2357
1.687	-1.598	0.2528
1.615	4.937	0.2342
1.737	5.486	0.2756
1.2	-1.842	-0.05426
1.191	0.001096	0.0377
1.164	-0.2944	-0.01541
1.121	1.036	-0.04129
1.081	0.8286	-0.02048
1.456	-1.124	0.1255
1.253	0.1088	0.08918
1.611	-1.093	0.1358
1.003	0.211	0.09761
0.7076	-0.2786	0.04158
0.8597	-0.01147	0.001077
1.236	1.671	0.002412
0.8334	-0.2187	0.01858
0.726	-0.2291	0.01969
0.8652	0.02081	0.04731
1.535	0.7046	0.08491
1.251	0.9174	0.07623
1.757	-0.8891	0.1305
