1.315	-0.08107	0.05815
1.544	-0.8226	0.1672
1.727	-2.409	0.1301
1.872	1.608	0.1953
1.74	-1.378	0.1575
1.602	2.04	0.2106
1.858	2.461	0.2338
1.717	3.822	0.2442
1.773	0.9071	0.1709
1.807	4.204	0.1327
1.084	-1.368	-0.08666
1.836	1.716	0.2682
1.838	-4.934	0.157
1.968	-7.47	0.1727
1.856	-4.939	0.1619
1.792	-3.398	0.1614
1.693	-1.395	0.1437
1.488	1.468	0.1238
1.767	2.208	0.1805
1.489	0.8394	0.2002
1.108	0.3005	-0.02538
1.622	-0.3883	0.2351
1.473	1.933	0.1774
1.803	0.853	0.1608
1.749	-0.5943	0.1611
1.883	-1.113	0.1452
1.753	2.459	0.1669
1.79	2.116	0.2366
1.903	0.8416	0.2039
1.816	-1.03	0.2001
1.838	-5	0.1251
1.623	2.243	0.1461
1.635	-3.479	0.1629
1.676	0.4188	0.1866
1.067	-0.01729	0.05237
1.739	-0.3716	0.2279
1.697	2.597	0.2886
1.836	1.386	0.1944
1.837	1.526	0.2492
1.772	1.751	0.2053
1.682	-5.076	0.1695
1.241	-1.62	0.05564
1.786	-2.946	0.1366
1.819	1.464	0.1605
1.758	1.788	0.1408
1.851	3.257	0.238
1.883	0.5104	0.2272
1.853	3.865	0.193
1.845	2.202	0.1817
1.931	0.5203	0.1946
1.765	2.888	0.1818
1.715	-1.894	0.1549
1.722	-0.2456	0.1498
1.673	-0.9006	0.2004
1.66	3.027	0.1759
1.744	-3.795	0.1572
1.778	-4.869	0.1831
1.837	3.189	0.2708
1.805	2.759	0.191
1.782	1.295	0.2784
1.58	0.9277	0.192
1.631	-1.397	0.1171
1.691	4.104	-0.02965
1.232	1.186	-0.001609
1.62	3.493	-0.0542
1.517	3.557	0.2309
1.391	3.559	0.183
1.379	-0.1929	0.1439
1.106	-0.09118	0.0137
1.295	-1.051	0.09684
1.304	1.603	0.08239
1.051	1.681	-0.07431
1.484	1.051	0.2008
1.431	-1.629	0.1576
1.617	3.208	0.2358
1.558	3.481	0.234
1.529	3.327	0.2113
1.682	-0.9015	0.1931
1.606	1.792	0.165
1.75	2.659	0.1953
1.72	2.111	0.1593
1.676	1.674	0.2151
1.716	2.257	0.1813
1.739	2.249	0.1496
1.766	0.0181	0.1598
1.82	-0.677	0.1526
1.785	3.474	0.1465
1.906	-2.55	0.1531
1.818	3.552	0.1563
1.741	-0.7377	0.1519
1.884	-5.182	0.1472
1.676	0.7904	0.1462
1.76	-0.535	0.1242
1.702	1.428	0.153
1.706	1.475	0.169
1.786	2.573	0.1857
1.902	2.463	0.1695
1.844	2.273	0.1237
1.896	-0.7836	0.2295
1.892	2.131	0.2064
1.882	0.6244	0.2048
1.85	-3.25	0.2286
1.852	0.67	0.2014
1.769	-1.174	0.1355
1.915	-3.136	0.125
1.844	-3.456	0.219
1.83	2.627	0.2063
1.689	5.173	0.1431
1.726	-1.851	0.159
1.792	3.096	0.1448
1.772	-0.2654	0.1391
1.72	1.026	0.152
1.869	2.585	0.1394
1.795	-0.4167	0.1366
1.775	1.637	0.1591
1.536	2.257	0.1598
1.781	1.921	0.187
1.599	0.8236	0.1709
1.511	-0.5082	0.1637
1.323	0.7741	0.09537
1.454	-0.1136	0.08094
1.04	-0.1233	0.023
1.7	-3.528	0.1921
1.639	-1.067	0.1761
1.412	0.1088	0.1232
1.515	0.7272	0.1698
1.28	0.9738	0.1034
1.727	2.813	0.2047
1.658	-4.342	0.1886
1.798	-0.8846	0.208
1.811	4.493	0.2148
1.806	1.564	0.2252
1.789	0.9175	0.2201
1.714	-5.412	0.1781
1.809	1.51	0.2873
1.754	4.723	0.2934
1.752	2.334	0.2705
1.708	3.686	0.2681
1.783	4.354	0.2372
1.681	-0.3461	0.2693
1.725	3.656	0.2561
1.723	1.4	0.2686
1.757	-3.222	0.2478
1.989	0.3531	0.2248
1.801	1.661	0.2383
1.846	-1.89	0.2261
1.709	-0.7474	0.2268
1.922	0.6289	0.2427
1.942	1.866	0.2252
1.705	1.878	0.1987
1.272	1.061	0.01551
1.61	1.014	0.131
1.658	1.171	0.1922
1.736	-1.035	0.2125
1.03	2.734	-0.07187
1.634	-2.447	0.0889
1.516	-2.582	0.1413
1.718	3.775	0.1553
1.783	2.494	0.1886
0.9512	0.5583	-0.04439
0.9235	-0.1102	-0.01369
1.008	0.4265	0.0601
1.756	-6.331	0.1284
1.803	-7.563	0.1215
1.752	-2.875	0.1329
1.824	-2.659	0.1431
1.839	-3.823	0.1537
1.833	-4.581	0.1376
1.836	-3.096	0.1456
1.842	-1.717	0.1604
1.853	-5.002	0.1461
1.831	2.148	0.2011
1.852	3.23	0.2215
1.832	1.666	0.1866
1.849	-0.1201	0.2644
1.844	3.027	0.2463
1.864	0.8489	0.2388
1.886	-2.178	0.2107
1.935	-4.997	0.1956
1.906	0.0798	0.1864
1.826	-1.034	0.1774
1.822	-1.85	0.1689
1.826	2.056	0.1824
1.852	3.553	0.1777
1.91	1.813	0.1796
1.8	-0.5264	0.1801
1.741	-5.55	0.1725
1.929	0.8265	0.1884
1.879	2.443	0.1845
1.83	3.011	0.1865
1.877	0.4755	0.1903
1.804	3.019	0.1838
1.71	-4.324	0.1354
1.712	-4.925	0.1412
1.929	-6.319	0.1594
1.88	-5.214	0.1575
1.803	-2.282	0.1563
1.732	-2.036	0.1517
1.795	-2.987	0.1535
1.725	2.551	0.1837
1.71	2.083	0.1715
1.78	-1.999	0.159
1.638	0.5095	0.1966
1.651	-1.654	0.1869
1.672	0.5108	0.1896
1.68	1.085	0.1632
1.627	-3.045	0.1425
1.638	-1.555	0.1414
1.737	-1.891	0.1532
1.816	-4.874	0.1695
1.764	-1.862	0.1565
1.683	-0.6195	0.1447
1.731	-2.406	0.1804
1.823	2.061	0.2233
1.791	3.352	0.2216
1.807	2.577	0.2453
1.846	4.411	0.2672
1.841	-0.4084	0.2794
1.836	-0.3592	0.2813
1.823	2.611	0.2847
1.761	3.029	0.1862
1.826	1.668	0.2404
1.827	0.2111	0.2581
1.814	0.8561	0.2071
1.74	1.504	0.2544
1.607	-1.776	0.1504
1.676	-0.5319	0.1119
1.583	1.136	0.2027
1.645	-1.007	0.177
1.64	1.419	0.1584
1.531	0.9154	0.1692
1.609	-2.18	0.1168
1.767	3.858	0.08818
1.76	3.984	0.05698
1.73	3.941	0.1139
1.65	-0.6712	0.03973
1.597	-1.821	0.06304
1.695	3.794	-0.0402
1.721	3.278	0.0238
1.392	-1.615	0.0726
1.574	-0.1986	0.0001744
1.369	1.134	-0.06775
1.126	-1.556	-0.08283
1.194	-0.9143	-0.07877
1.569	2.131	0.2254
1.509	2.798	0.2188
1.516	3.099	0.2179
1.449	0.2983	0.1959
1.458	4.261	0.2101
1.438	3.112	0.1979
1.384	3.615	0.1582
1.445	-0.2777	0.1774
1.377	-0.438	0.1206
1.424	-0.8901	0.1666
1.367	-0.02051	0.1009
1.204	0.133	0.03613
1.329	-0.235	0.06818
1.287	0.2097	0.05235
1.046	-0.1144	-0.004633
1.253	-0.2839	0.04395
1.342	2.648	0.1418
1.367	2.634	0.1107
1.369	0.4297	0.1518
1.303	-0.676	0.09563
1.199	0.05195	0.02605
1.305	2.418	0.05077
1.018	0.719	-0.0606
1.173	1.063	-0.02376
1.135	0.3541	-0.0756
1.061	0.4108	-0.08498
1.421	0.0824	0.1545
1.344	0.6459	0.1146
1.51	1.107	0.2028
1.456	-0.0006083	0.1828
1.443	-0.1352	0.188
1.473	1.921	0.1932
1.462	1.521	0.1808
1.559	3.822	0.2363
1.536	3.148	0.2194
1.599	1.534	0.2284
1.588	2.293	0.2385
1.593	1.494	0.2439
1.621	1.224	0.2371
1.586	1.741	0.2391
1.506	3.145	0.2083
1.489	2.812	0.1938
1.527	3.477	0.2162
1.548	3.307	0.2271
1.582	2.449	0.2303
1.547	2.77	0.192
1.508	2.674	0.1734
1.61	2.467	0.217
1.584	0.8782	0.2053
1.615	1.545	0.1859
1.701	-1.178	0.1737
1.691	-1.755	0.16
1.73	0.8818	0.1744
1.77	-0.7571	0.1606
1.668	-0.7788	0.2162
1.675	0.9715	0.1991
1.744	-0.3844	0.1837
1.794	-2.345	0.1823
1.781	-1.257	0.1696
1.645	3.097	0.229
1.66	2.887	0.2264
1.645	2.902	0.2229
1.684	1.183	0.2102
1.713	2.922	0.1997
1.708	2.22	0.1903
1.75	-0.8101	0.1806
1.688	1.936	0.2061
1.693	2.136	0.2017
1.756	1.058	0.1754
1.73	1.714	0.1641
1.762	2.167	0.1575
1.763	0.8619	0.1681
1.722	1.62	0.1582
1.716	-0.9248	0.129
1.795	0.04368	0.1565
1.793	0.009615	0.1559
1.827	1.628	0.1568
1.733	1.869	0.1582
1.799	0.05525	0.1591
1.884	-4.716	0.1544
1.85	1.434	0.1486
1.756	1.873	0.1418
1.813	1.039	0.1511
1.735	-0.1112	0.1349
1.769	1.335	0.1349
1.868	0.8147	0.1523
1.78	3.648	0.1562
1.835	2.824	0.16
1.874	-0.2833	0.1519
1.847	3.165	0.1533
1.901	0.6717	0.1522
1.851	3.418	0.1569
1.798	-0.5605	0.1571
1.819	0.9915	0.1517
1.875	0.8806	0.15
1.726	0.4558	0.161
1.786	-4.34	0.1561
1.822	-4.792	0.1523
1.782	2.039	0.141
1.846	-1.874	0.1442
1.724	3.383	0.1342
1.777	3.275	0.1275
1.699	3.926	0.1565
1.686	3.984	0.1502
1.707	0.2104	0.1359
1.699	2.541	0.1543
1.77	0.1298	0.1565
1.738	0.4848	0.1536
1.703	4.901	0.1565
1.762	2.578	0.139
1.792	-5.785	0.1468
1.759	-2.125	0.1555
1.683	-0.1894	0.1557
1.718	1.964	0.1637
1.679	2.056	0.1524
1.681	2.377	0.1603
1.721	-5.03	0.1616
1.716	-5.744	0.1749
1.748	-1.522	0.1804
1.729	-2.766	0.178
1.749	1.506	0.1807
1.836	2.459	0.1885
1.791	-2.329	0.1341
1.819	2.849	0.1173
1.802	3.296	0.1684
1.812	-1.44	0.145
1.879	-0.9749	0.1533
1.981	-3.815	0.1884
1.904	-4.314	0.1664
1.887	-0.5282	0.2003
1.846	2.113	0.1822
1.911	-0.6401	0.2055
1.901	-1.676	0.1986
1.895	3.17	0.2214
1.829	0.6764	0.2354
1.851	1.567	0.2227
1.931	1.069	0.2009
1.943	-3.854	0.2034
1.893	1.686	0.1891
1.895	3.478	0.2078
1.839	1.831	0.2166
1.869	0.535	0.1998
1.868	-0.0319	0.2135
1.831	0.7699	0.2329
1.86	-1.457	0.2116
1.857	-2.794	0.2013
1.852	0.9578	0.2296
1.853	0.827	0.2037
1.85	1.089	0.1141
1.846	1.409	0.1284
1.821	2.338	0.1885
1.815	-0.8648	0.1227
1.836	3.736	0.1175
1.794	2.206	0.1281
1.93	-5.126	0.1255
1.847	2.15	0.2126
1.859	1.709	0.2046
1.848	0.2544	0.2016
1.846	1.303	0.2036
1.841	-2.914	0.2183
1.828	3.796	0.2212
1.818	2.805	0.2109
1.733	0.7857	0.1429
1.773	0.323	0.1374
1.783	2.537	0.1928
1.738	-0.2468	0.1721
1.735	3.777	0.1619
1.741	1.276	0.1409
1.81	1.018	0.1314
1.735	1.591	0.189
1.712	2.293	0.149
1.756	3.014	0.153
1.761	2.048	0.1721
1.782	0.1798	0.1604
1.79	-0.9954	0.1487
1.723	0.6453	0.1531
1.856	1.085	0.1358
1.813	-3.183	0.1441
1.766	-2.253	0.1473
1.707	0.7962	0.141
1.681	-0.08258	0.1477
1.899	1.571	0.1453
1.891	0.2787	0.1409
1.901	-3.971	0.1404
1.912	0.5232	0.134
1.868	2.525	0.1335
1.744	-0.06568	0.137
1.706	2.784	0.1406
1.843	-3.468	0.1368
1.819	-0.3637	0.1301
1.834	2.128	0.1373
1.774	2.381	0.1459
1.685	2.866	0.1515
1.805	2.927	0.1406
1.784	1.81	0.1555
1.778	-0.1629	0.166
1.646	1.503	0.1549
1.561	2.927	0.1547
1.598	2.469	0.1545
1.514	2.918	0.1604
1.498	2.387	0.1665
1.695	0.7921	0.167
1.575	2.191	0.1598
1.772	1.487	0.182
1.779	0.8668	0.175
1.744	-0.4596	0.1791
1.744	-3.272	0.1834
1.621	0.2177	0.1779
1.506	1.617	0.1664
1.474	1.785	0.1711
1.534	2.212	0.1661
1.578	-1.194	0.1701
1.542	-1.713	0.1673
1.453	-1.544	0.1579
1.447	0.1656	0.1259
1.426	-3.463	0.1401
1.35	-2.548	0.1193
1.299	-0.3628	0.06917
1.293	1.235	0.04958
1.159	0.09787	0.02371
1.586	-0.09878	0.1306
1.386	0.3949	0.08779
1.239	0.4837	0.03935
1.189	0.2078	0.06156
1.005	-0.1567	0.03267
1.729	-1.488	0.1885
1.716	-0.2055	0.1639
1.752	3.68	0.1838
1.737	1.041	0.1925
1.68	-3.203	0.188
1.676	-0.5713	0.1928
1.615	-0.0509	0.1777
1.417	0.4142	0.1044
1.234	0.3757	0.08605
1.598	-0.2288	0.1433
1.565	1.113	0.1525
1.541	0.333	0.1533
1.295	0.5516	0.1074
1.136	0.1482	0.07271
1.651	0.6134	0.1794
1.426	-0.1308	0.1419
1.378	0.5042	0.1371
1.513	2.497	0.1642
1.461	1.574	0.1369
1.592	0.5446	0.185
1.609	-4.779	0.1791
1.752	0.1567	0.1992
1.642	1.435	0.1913
1.665	1.274	0.1948
1.725	-0.8169	0.2027
1.691	-4.042	0.2105
1.719	0.5037	0.2007
1.756	-1.412	0.1967
1.717	-2.749	0.1882
1.742	0.7342	0.1962
1.822	1.31	0.2111
1.766	4.412	0.2081
1.758	-2.548	0.2136
1.797	-0.7491	0.2179
1.821	0.5266	0.2271
1.83	2.851	0.2252
1.803	-1.319	0.2182
1.778	-0.9974	0.2274
1.834	3.902	0.2172
1.832	2.416	0.213
1.84	2.119	0.2244
1.701	-1.06	0.1851
1.635	-4.54	0.1744
1.751	1.487	0.2296
1.745	0.6628	0.1949
1.803	2.009	0.1887
1.864	-0.9059	0.2024
1.801	0.5503	0.174
1.792	3.934	0.2843
1.753	5.321	0.2745
1.86	2.401	0.2594
1.835	3.06	0.2759
1.788	1.032	0.3006
1.751	2.227	0.2979
1.729	2.636	0.2966
1.793	0.004783	0.2545
1.842	3.3	0.2303
1.769	3.023	0.2708
1.73	3.948	0.2832
1.696	3.555	0.283
1.739	-0.8479	0.257
1.805	-0.5441	0.229
1.7	2.192	0.279
1.708	4.655	0.2701
1.713	4.327	0.2542
1.709	5.061	0.2535
1.728	4.455	0.2422
1.713	3.072	0.2638
1.714	4.467	0.249
1.686	1.401	0.2811
1.697	2.354	0.275
1.711	2.9	0.267
1.715	-0.5	0.2651
1.753	2.771	0.2584
1.768	-0.1424	0.2861
1.711	1.798	0.2824
1.831	0.3884	0.2646
1.807	-1.654	0.2496
1.756	1.788	0.2475
1.704	-2.498	0.2567
1.779	-0.2173	0.2515
1.674	0.6012	0.2687
1.72	1.437	0.2534
1.76	2.888	0.2465
1.897	-0.04394	0.2415
1.917	-2.515	0.2357
1.792	-1.533	0.2425
1.923	-3.224	0.229
1.951	0.3615	0.2028
1.815	2.193	0.2689
1.849	2.068	0.2433
1.793	-0.149	0.2207
1.823	2.123	0.2254
1.828	0.7288	0.2319
1.878	1.459	0.2272
1.881	1.367	0.2106
1.69	1.948	0.2144
1.721	2.733	0.2369
1.889	0.6622	0.2218
1.711	3.758	0.2351
1.753	1.327	0.242
1.832	1.901	0.2476
1.891	1.28	0.2509
1.886	1.179	0.2246
1.923	0.7816	0.2046
1.896	1.469	0.23
1.935	-2.644	0.234
1.966	-2.478	0.2341
1.976	0.7461	0.2148
1.97	1.352	0.2241
1.985	-2.831	0.2018
1.782	1.58	0.2663
1.696	0.4343	0.1975
1.721	0.5092	0.2477
1.749	1.745	0.2241
1.728	0.6061	0.1941
1.664	3.843	0.03719
1.691	1.15	0.1292
1.05	-0.2559	-0.06712
1.391	3.091	-0.02155
1.456	-3.068	0.07705
1.672	-3.348	0.1079
1.662	-1.946	0.145
1.66	1.483	0.1767
1.686	3.209	0.1946
1.648	1.184	0.1529
1.648	-3.378	0.1673
1.664	-1.147	0.1859
1.675	1.918	0.2139
1.691	-2.642	0.191
1.681	1.581	0.2065
1.709	-1.016	0.2238
1.721	2.414	0.2325
1.026	0.8074	-0.0863
1.131	0.9389	-0.04744
1.077	1.39	-0.03915
1.414	-1.56	0.05897
1.253	-0.9747	-0.006629
1.55	-2.957	0.06898
1.696	-1.7	0.1402
1.508	-2.192	0.1308
1.601	-2.624	0.1437
1.513	-2.163	0.124
1.537	-0.736	0.1528
1.667	-6.565	0.1742
1.715	-2.663	0.1805
1.796	3.059	0.1737
1.748	0.9451	0.161
1.739	1.063	0.1857
1.642	1.327	0.1208
1.779	-0.9852	0.1614
1.821	3.994	0.2007
1.767	0.4033	0.2021
1.825	2.606	0.2174
1.8	3.375	0.2252
1.01	0.4495	-0.08254
0.9865	0.6359	-0.05012
0.9786	1.066	-0.06814
0.9773	3.263	-0.06493
0.9836	0.9993	-0.02446
0.98	-0.1918	-0.007655
0.9693	-0.05691	-0.02909
1.016	-0.1984	0.006489
0.9374	-0.2146	0.003429
0.9581	-0.1109	0.01548
0.9439	0.2947	0.005081
1.138	0.5672	0.06176
0.9301	0.2379	-0.02472
0.9403	0.04461	0.01079
0.999	0.02203	0.04418
1.228	0.8131	0.09188
1.105	0.686	0.08031
1.322	-0.104	0.1101
1.346	0.3599	0.07
1.613	-1.554	0.2214
1.744	-1.928	0.1904
1.795	-0.09584	0.2433
1.737	-0.08891	0.1839
1.748	1.855	0.2071
1.895	1.898	0.291
1.768	1.969	0.2572
1.854	1.694	0.1742
1.956	1.84	0.1928
1.202	-0.6412	-0.06818
1.817	1.614	0.2707
1.633	-4.072	0.2032
1.817	-3.57	0.2341
1.867	-5.153	0.2242
1.723	0.5272	0.221
1.589	-2.301	0.173
1.681	1.206	0.1065
1.755	2.644	0.2909
1.598	0.8193	0.1861
0.9915	0.525	0.005858
1.745	-0.2174	0.2293
1.7	1.286	0.1786
1.651	0.3203	0.2014
1.748	-1.001	0.1927
1.7	1.471	0.1641
1.996	0.9972	0.2196
1.83	2.137	0.2753
2.048	1.065	0.2839
1.949	3.201	0.2637
1.848	-0.3192	0.1569
1.786	-0.551	0.1707
1.522	0.01903	0.1279
1.729	-0.4164	0.2086
0.8135	-0.3542	0.05049
1.672	0.1564	0.2412
1.842	3.013	0.2777
1.732	-1.155	0.2639
1.741	0.3715	0.2313
1.717	-0.1034	0.2606
2.003	-2.283	0.2354
1.359	-2.444	0.02955
1.725	-3.69	0.169
1.78	-3.635	0.2229
1.834	-5.097	0.1872
1.678	2.886	0.2492
1.81	2.934	0.2345
1.731	3.19	0.2367
1.793	3.976	0.2397
1.79	-1.256	0.2413
1.851	1.929	0.2337
1.695	-4.38	0.198
1.64	-0.4422	0.1672
1.765	0.5751	0.2175
1.686	1.861	0.1731
1.665	-3.507	0.1818
1.58	-2.872	0.1985
1.716	2.827	0.2875
1.706	3.147	0.2722
1.85	0.9438	0.3069
1.743	0.7619	0.1861
1.557	-2.354	0.06475
1.466	0.7542	0.04356
1.42	0.2554	-0.009516
1.459	2.948	0.01766
1.687	3.5	0.2173
1.644	3.001	0.1788
1.556	-1.098	0.1033
0.9898	-0.1721	0.02574
1.455	-2.465	0.106
1.448	0.8656	0.08941
1.066	1.384	-0.05807
1.636	0.08213	0.1892
1.711	-6.056	0.1303
1.763	1.745	0.2302
1.663	3.114	0.2239
1.646	0.5409	0.2084
1.726	-0.989	0.2037
1.657	1.374	0.1888
1.796	1.968	0.2219
1.765	0.7502	0.1958
1.808	2.298	0.2326
1.718	2.735	0.2279
1.634	-0.8017	0.194
1.659	-0.9036	0.1795
1.731	1.574	0.1773
1.708	3.17	0.1911
1.643	1.178	0.1796
1.693	1.371	0.1719
1.856	-0.6544	0.2013
1.77	-3.044	0.1611
1.956	3.379	0.2033
2.138	-3.018	0.2063
1.862	-0.286	0.199
1.872	-0.6271	0.2261
1.886	2.612	0.2369
2.062	0.3294	0.2461
2.237	-1.23	0.1871
1.834	0.7627	0.2655
1.931	2.396	0.2706
1.919	2.758	0.2871
1.86	-3.016	0.2791
1.87	2.092	0.2886
2.136	-4.335	0.1805
1.878	0.7543	0.1485
1.872	0.3197	0.283
2.023	0.4009	0.2772
1.954	1.715	0.1585
1.911	-1.046	0.1769
1.849	2.498	0.1586
1.736	0.2271	0.1542
1.698	1.003	0.1775
1.754	1.337	0.1238
1.641	-1.161	0.1386
1.783	-2.175	0.1697
1.838	1.404	0.1792
1.8	-3.211	0.1726
1.786	-2.15	0.1727
1.782	0.9459	0.1548
1.446	0.1899	0.08779
1.144	-0.1157	0.08937
0.8881	-0.2914	0.04021
1.826	-3.116	0.1871
1.612	-1.471	0.1585
1.395	-0.4287	0.1492
1.639	0.6346	0.2093
1.29	0.5891	0.1364
1.82	0.4759	0.2425
1.647	-4.564	0.2276
1.894	-2.45	0.2431
1.852	2.404	0.2608
1.82	3.393	0.2731
1.526	3.648	0.2306
1.639	-6.16	0.2486
1.969	0.937	0.2904
1.662	2.719	0.2702
1.615	-0.0174	0.2605
1.722	3.362	0.2589
1.828	3.796	0.2805
1.869	1.546	0.2439
1.75	0.6596	0.236
1.942	0.6522	0.2605
1.774	3.499	0.2465
1.775	2.714	0.2527
1.867	2.005	0.2653
1.856	1.701	0.2518
1.778	2.743	0.2582
1.718	-0.4453	0.2459
1.789	2.166	0.2521
1.735	3.018	0.2797
1.593	-0.3056	0.06312
1.798	2.047	0.2274
1.84	1.532	0.2623
2.11	2.476	0.2775
1.228	2.335	-0.05569
1.791	0.5262	0.1339
1.552	-2.577	0.1958
1.896	3.831	0.2479
2.169	1.931	0.265
0.8326	0.2309	-0.0517
0.6147	-0.4432	-0.01188
0.9004	0.3661	0.04336
1.766	-4.505	0.1775
1.8	-4.377	0.1771
1.802	-4.326	0.1907
1.674	-3.039	0.1779
1.71	-3.02	0.2138
1.753	-2.413	0.1869
1.825	-2.553	0.1927
1.839	-2.461	0.2287
1.861	-4.986	0.1995
1.639	2.957	0.227
1.699	3.628	0.2362
1.689	1.961	0.2288
1.748	1.913	0.2673
1.796	2.481	0.2462
1.748	-0.225	0.2457
1.765	-0.7169	0.2421
1.819	-0.4286	0.231
1.774	-1.094	0.2401
1.804	0.6533	0.2371
1.85	0.04425	0.2363
1.751	2.255	0.2309
1.766	3.794	0.2397
1.778	0.5122	0.241
1.819	1.836	0.238
1.874	-2.639	0.2371
1.808	-4.317	0.2396
1.778	2.113	0.2395
1.783	3.547	0.2378
1.783	-0.1226	0.2382
1.809	2.846	0.2355
1.711	-3.492	0.1881
1.713	-3.782	0.177
1.705	-4.88	0.2141
1.694	-4.885	0.2066
1.683	-2.137	0.183
1.658	-0.8719	0.1644
1.607	-2.707	0.1647
1.754	3.181	0.2249
1.72	3.259	0.2106
1.714	0.1637	0.211
1.756	0.7731	0.2094
1.734	-1.749	0.1976
1.734	-0.8705	0.2049
1.677	1.402	0.186
1.621	-3.489	0.1337
1.592	-1.946	0.1311
1.582	-1.931	0.1537
1.593	-3.54	0.1971
1.648	-1.984	0.1743
1.577	-2.477	0.1446
1.595	-1.625	0.2014
1.62	3.378	0.237
1.666	3.883	0.2555
1.643	3.777	0.2505
1.685	2.735	0.262
1.798	2.6	0.2887
1.82	0.575	0.3297
1.846	-1.543	0.2929
1.651	2.483	0.2397
1.729	2.896	0.2973
1.793	2.523	0.3275
1.746	2.284	0.2995
1.826	2.171	0.3198
1.63	1.332	0.1278
1.561	-4.125	0.1069
1.741	-0.2647	0.1986
1.716	-1.646	0.1827
1.684	0.1414	0.1393
1.751	0.8419	0.164
1.627	0.3232	0.08253
1.658	3.295	0.2286
1.668	3.828	0.2348
1.61	-1.035	0.2049
1.493	-4.045	0.04778
1.478	-1.434	-0.001214
1.437	1.66	0.02478
1.648	1.036	0.201
1.608	-3.562	0.05628
1.405	-3.008	-0.03395
1.338	-3.603	-0.0524
1.253	-1.885	-0.06418
1.29	-0.3225	-0.04568
1.727	2.204	0.2144
1.722	1.868	0.2045
1.635	2.569	0.2068
1.599	0.7915	0.179
1.662	3.795	0.2015
1.719	3.576	0.1895
1.751	0.3047	0.1555
1.597	-2.324	0.163
1.504	-0.231	0.09677
1.562	2.194	0.1473
1.429	-2.479	0.07517
1.177	-0.01257	0.05663
1.363	-1.29	0.07084
1.328	0.603	0.07497
0.9183	-0.07819	0.002566
1.23	-0.1298	0.05014
1.612	2.69	0.1488
1.653	2.375	0.1155
1.565	0.4672	0.1463
1.455	0.5046	0.1073
1.171	-2.575	0.02857
1.487	0.7366	0.04892
1.031	0.6796	-0.01399
1.221	-0.6852	0.01771
1.221	-1.562	-0.03563
1.124	-1.015	-0.07922
1.629	-2.991	0.1109
1.581	0.2945	0.08922
1.612	-1.099	0.1903
1.628	-2.441	0.1642
1.68	-2.283	0.1647
1.666	0.9379	0.1867
1.735	-0.8877	0.1715
1.668	3.309	0.2245
1.621	2.245	0.2065
1.75	3.407	0.2207
1.719	1.904	0.2281
1.716	1.831	0.2321
1.75	-0.3421	0.231
1.708	1.902	0.2295
1.626	-1.709	0.2013
1.635	2.181	0.1945
1.623	2.091	0.2078
1.65	3.157	0.2185
1.695	1.584	0.2213
1.646	1.98	0.1979
1.661	2.303	0.1853
1.727	0.6168	0.2209
1.69	0.8243	0.2101
1.69	-0.3886	0.1984
1.742	-1.19	0.1881
1.698	0.7874	0.1882
1.768	1.267	0.1938
1.767	-0.551	0.1881
1.773	1.06	0.2209
1.761	0.8181	0.2077
1.784	0.432	0.2052
1.762	-1.143	0.2185
1.733	-0.3125	0.2026
1.793	1.29	0.2296
1.788	1.782	0.226
1.777	1.513	0.2197
1.79	1.971	0.2282
1.767	3.113	0.2324
1.769	1.945	0.2292
1.695	1.153	0.2206
1.806	1.937	0.2302
1.768	1.793	0.2347
1.723	3.177	0.2269
1.658	3.824	0.2147
1.633	3.267	0.2028
1.688	1.657	0.2158
1.665	-1.676	0.2042
1.682	0.3953	0.1888
1.75	1.955	0.1862
1.736	-0.9406	0.18
1.637	-3.946	0.1878
1.708	0.6505	0.1917
1.709	2.17	0.1835
1.67	1.32	0.1721
1.702	-0.2078	0.1725
1.62	1.026	0.1848
1.627	2.25	0.1891
1.722	1.577	0.1932
1.649	2.796	0.1871
1.636	4.038	0.1836
1.705	4.108	0.1918
1.673	1.975	0.1821
1.647	-3.319	0.169
1.669	2.328	0.1661
1.637	-0.9217	0.1784
1.664	-0.1136	0.1723
1.717	2.33	0.1816
1.718	1.645	0.1709
1.702	0.7128	0.1631
1.809	-1.548	0.1994
1.764	-1.397	0.1824
1.799	-4.432	0.1807
1.912	1.562	0.1983
1.879	1.375	0.18
1.969	2.825	0.2085
2.025	2.751	0.2057
1.837	2.846	0.202
1.899	3.296	0.2073
2.056	-0.2272	0.2075
2.058	4.06	0.1948
2.135	2.594	0.1994
1.79	2.288	0.1982
1.802	3.479	0.1998
1.803	-1.266	0.1957
1.855	-1.507	0.1996
1.88	-3.895	0.2109
1.923	0.3276	0.1962
1.887	1.816	0.2185
1.873	1.223	0.2002
1.891	-2.629	0.2084
1.871	-4.53	0.229
1.873	-3.902	0.2268
1.948	-0.7428	0.2342
1.872	-2.987	0.2311
1.861	2.975	0.2362
1.82	0.4643	0.242
2.211	-3.968	0.1952
2.046	0.1921	0.1903
2.097	2.467	0.2283
2.149	2.48	0.1955
2.142	0.7527	0.1892
2.046	-0.9998	0.2564
2.096	1.716	0.1925
1.95	1.977	0.2522
1.989	2.692	0.2426
1.81	0.4692	0.2529
1.87	2.973	0.2559
1.913	0.9332	0.2699
1.836	-1.911	0.2704
1.881	1.023	0.2835
1.949	1.899	0.2769
1.968	-3.653	0.2854
1.963	1.418	0.2631
1.918	0.07652	0.2806
1.869	2.47	0.2859
1.882	1.606	0.2876
1.946	-1.517	0.2947
1.832	2.615	0.2774
1.851	1.178	0.2835
1.857	-3.532	0.2819
1.888	-0.2755	0.2897
1.869	-2.267	0.2867
2.015	2.973	0.1763
1.928	-1.342	0.1696
2.02	2.605	0.1894
2.253	-4.424	0.1867
2.01	2.469	0.1839
1.995	1.879	0.1818
1.842	-4.277	0.1452
1.923	2.608	0.2965
2.048	3.158	0.2864
1.872	1.559	0.2834
1.866	0.4111	0.2873
1.903	3.642	0.286
1.898	2.683	0.2788
1.969	2.042	0.2659
2.016	-2.519	0.164
1.969	1.56	0.1682
1.957	0.7603	0.1876
1.937	0.7862	0.1977
1.917	2.907	0.1925
1.931	1.951	0.1638
1.846	0.07135	0.1582
1.915	2.916	0.2146
1.928	2.292	0.1672
1.899	0.9456	0.1731
1.875	-0.1853	0.1735
1.872	0.9801	0.176
1.703	-2.566	0.175
1.694	0.405	0.1817
1.718	-2.636	0.1593
1.705	1.252	0.1697
1.716	-0.2239	0.1717
1.768	0.7732	0.1666
1.778	1.913	0.1755
1.774	1.148	0.1434
1.727	0.2161	0.1514
1.844	-2.322	0.1535
1.788	-0.05763	0.1304
1.745	0.2081	0.1201
1.707	-1.318	0.1375
1.703	1.394	0.1478
1.739	-0.8951	0.1403
1.683	-1.72	0.1133
1.688	-0.1422	0.14
1.69	2.458	0.1499
1.754	1.546	0.1631
1.68	2.141	0.1428
1.77	1.782	0.1614
1.854	-0.4265	0.1765
1.671	1.333	0.1833
1.832	2.05	0.1766
1.748	1.581	0.1783
1.701	2.073	0.1821
1.786	1.107	0.1791
1.823	-0.6846	0.1739
1.813	0.7774	0.1726
1.838	-0.5591	0.1786
1.843	-2.209	0.1758
1.811	-0.8155	0.1597
1.701	2.525	0.1536
1.729	-1.306	0.1314
1.884	-2.092	0.1788
1.87	-2.773	0.1688
1.832	0.9348	0.1724
1.763	-2.217	0.1616
1.703	-4.091	0.1274
1.834	-3.99	0.1518
1.481	0.3568	0.103
1.677	-5.816	0.1179
1.621	-1.92	0.1037
1.387	0.08963	0.07762
1.087	0.2504	0.06155
1.099	0.1123	0.05426
1.361	-2.575	0.1159
1.232	-0.5546	0.08353
1.013	-0.194	0.06726
0.9763	-0.1408	0.07242
0.7662	-0.3937	0.03599
1.687	-4.946	0.1715
1.502	-2.788	0.1376
1.842	1.56	0.1809
1.783	-1.046	0.1851
1.738	-3.646	0.1804
1.777	0.589	0.1997
1.669	0.2081	0.183
1.221	-1.379	0.1078
1.15	0.05534	0.1058
1.37	-0.0959	0.1315
1.496	0.5001	0.1551
1.582	-0.7261	0.1823
1.351	0.7472	0.1448
0.9813	0.002567	0.0853
1.695	-2.313	0.2183
1.537	-0.2502	0.1824
1.477	0.7088	0.1787
1.606	1.343	0.2065
1.479	1.205	0.1824
1.676	1.466	0.2218
1.634	-3.714	0.2292
1.803	0.2531	0.2436
1.728	-0.8415	0.2267
1.726	-1.217	0.2306
1.748	-2.189	0.2357
1.662	-5.905	0.2279
1.85	1.077	0.2119
1.831	-2.125	0.2262
1.883	-3.151	0.1874
1.892	1.444	0.2173
1.937	-0.5636	0.2585
1.869	1.902	0.2529
1.785	-1.861	0.2515
1.886	1.038	0.2519
1.935	0.8819	0.2633
1.943	-0.8825	0.2723
1.82	-0.6017	0.2647
1.751	-0.5858	0.2596
1.867	3.337	0.2697
1.865	3.316	0.2754
1.889	3.16	0.2848
1.614	-2.119	0.2363
1.639	-5.973	0.2383
1.571	2.141	0.2343
1.592	1.001	0.2344
1.582	2.425	0.2364
1.603	-3.145	0.2399
1.673	-3.23	0.2602
1.741	2.689	0.2715
1.634	2.876	0.2556
1.927	1.776	0.2936
1.865	0.2023	0.2884
1.844	2.238	0.289
1.915	2.556	0.2868
1.751	4.403	0.2782
1.51	3.113	0.2367
1.629	-2.312	0.2615
1.533	0.4085	0.2463
1.592	1.418	0.2609
1.697	4.947	0.2712
1.683	1.607	0.2746
1.793	1.481	0.2805
1.783	3.006	0.2711
1.693	2.425	0.264
1.719	1.138	0.2665
1.716	4.266	0.2532
1.795	3.61	0.2659
1.721	4.086	0.2462
1.718	4.659	0.2437
1.864	2.097	0.2686
1.781	2.221	0.2539
1.802	2.787	0.2354
1.817	1.381	0.235
1.766	0.9699	0.2299
1.972	1.385	0.2772
1.928	0.2196	0.2738
1.92	-1.061	0.2879
1.895	-2.648	0.2715
1.867	0.2528	0.2672
1.843	-0.5402	0.24
1.747	3.134	0.2371
1.922	-2.21	0.2532
1.879	2.081	0.2494
1.829	2.293	0.2606
1.761	-3.934	0.2546
1.737	-3.91	0.25
1.795	-2.878	0.2589
1.796	2.156	0.2568
1.787	-2.696	0.2483
1.863	-1.071	0.2639
1.868	0.009223	0.2449
1.784	1.701	0.2756
1.759	-2.448	0.2593
1.867	-1.448	0.2596
1.872	2.856	0.2402
1.857	3.522	0.2406
1.714	1.023	0.2512
1.715	2.74	0.2473
1.695	2.887	0.2513
1.798	-0.6796	0.2526
1.741	-0.9939	0.2439
1.735	3.255	0.2399
1.74	-0.6512	0.2354
1.81	1.944	0.2505
1.83	-1.041	0.2451
1.735	2.518	0.2536
1.734	1.247	0.2488
1.738	-1.414	0.25
1.789	1.127	0.2517
1.775	2.752	0.2513
1.781	-0.2925	0.2499
1.867	1.632	0.2885
1.761	1.585	0.2759
1.831	1.558	0.2948
1.795	0.6447	0.2806
1.728	3.159	0.2773
1.664	-0.02931	0.1436
1.742	-0.6697	0.2409
1.331	-0.397	-0.04227
1.496	2.111	0.03065
1.759	-1.103	0.1688
1.843	-3.221	0.181
1.905	1.079	0.2275
1.742	2.199	0.2692
1.729	-0.06373	0.2669
1.746	1.2	0.263
1.836	0.8251	0.2507
1.987	1.725	0.2537
1.823	2.265	0.2626
2.146	-2.14	0.2613
2.02	1.545	0.2662
1.947	0.2894	0.2666
1.911	2.006	0.271
1.204	1.285	-0.06945
1.405	-0.3191	-0.02166
1.292	2.089	-0.03622
1.609	-5.253	0.09581
1.475	-2.111	0.02187
1.692	-0.3103	0.09791
1.935	-3.551	0.1874
1.333	-1.279	0.1008
1.696	-1.43	0.2161
1.634	-4.053	0.1414
1.587	-1.837	0.2133
1.65	-5.973	0.2366
1.73	-2.094	0.2531
1.87	3.168	0.2684
2.057	-0.01312	0.2244
2.148	-1.259	0.2439
1.893	-0.08498	0.1905
2.075	2.098	0.2595
2.002	2.873	0.2779
2.198	-0.8154	0.2776
2.059	3.656	0.2832
2.033	3.678	0.281
1.098	1.826	-0.0826
0.7928	-0.03997	-0.05028
0.9138	0.5372	-0.07282
1.093	2.576	-0.06052
1.034	1.255	-0.03418
0.6574	-0.4262	-0.01141
0.6855	-0.3508	-0.03287
0.832	-0.3542	0.02209
0.6444	-0.4469	0.008276
0.6579	-0.4541	0.01538
0.8007	0.1088	-0.01467
1.094	1.32	0.01318
0.6837	-0.262	-0.0297
0.684	-0.2441	0.004303
0.751	-0.1962	0.04072
1.242	1.384	0.09775
1.023	0.4332	0.08315
1.321	-0.2504	0.1454
