1.473	0.9203	-0.02652
2.152	-0.5617	0.1868
1.899	-2.23	0.1515
2.066	-2.388	0.178
1.918	-2.402	0.2
1.829	0.08443	0.2519
1.986	-1.335	0.13
1.894	4.5	0.2333
1.707	-0.7203	0.1479
1.994	4.345	0.1243
1.272	-1.797	-0.1081
1.659	1.227	0.2909
1.785	-2.387	0.1399
1.935	1.009	0.2202
2.058	-0.9278	0.1612
1.853	-0.09616	0.1802
1.623	-1.576	0.09316
1.776	0.2364	0.1224
1.624	0.5081	0.1563
1.731	0.9503	0.2299
1.295	0.6374	-0.0977
1.716	0.1249	0.2803
1.8	2.492	0.2262
2.022	-2.584	0.1607
1.963	1.121	0.1838
2.106	-1.354	0.1097
2.244	2.762	0.1633
2.038	1.664	0.1358
1.508	-0.5052	0.1425
1.453	2.33	0.182
1.591	-5.018	0.1555
1.473	6.434	0.1507
1.938	-0.7866	0.1061
1.956	-0.169	0.163
1.19	-0.1818	0.05108
1.759	-2.227	0.1502
1.79	3.924	0.06277
1.963	-2.768	0.1419
2.112	2.189	0.2623
1.918	1.452	0.2543
2.009	-3.181	0.1411
1.522	-1.246	0.01699
1.938	-2.216	0.1245
1.914	-2.75	0.1445
2.02	-4.903	0.1504
1.634	2.798	0.2008
1.77	2.183	0.2734
1.785	4.508	0.1849
1.99	1.74	0.1597
2.09	-0.1996	0.1817
2.103	-0.4671	0.1602
1.838	-2.966	0.1647
1.822	0.1166	0.147
1.865	-0.3472	0.2054
1.838	3.111	0.1595
1.807	-2.892	0.1443
1.676	-3.011	0.1264
1.535	3.192	0.205
1.517	3.413	0.122
1.705	1.345	0.3
1.841	0.5839	0.2251
1.616	-1.804	0.02517
1.559	3.76	-0.05422
1.603	-0.314	-0.009046
1.753	2.607	-0.08578
1.733	1.716	0.268
1.779	1.664	0.1973
1.541	0.3237	0.115
1.205	0.01533	-0.1012
1.583	0.4832	0.07947
1.716	1.564	0.08317
1.272	0.4551	-0.1184
1.736	1.343	0.2597
1.672	-1.086	0.1343
1.717	2.323	0.2762
1.674	3.337	0.3007
1.753	3.332	0.2872
1.866	0.721	0.2514
1.852	2.025	0.2338
1.918	-2.166	0.2205
1.916	1.85	0.1809
1.856	1.844	0.2334
1.937	1.775	0.1874
1.862	2.747	0.1619
1.981	1.851	0.1373
1.981	1.012	0.142
1.924	1.852	0.1656
1.894	-0.3194	0.1493
1.961	2.225	0.1536
2.014	-0.5978	0.16
2.039	-3.147	0.147
2.156	2.361	0.1749
2.121	-3.345	0.1308
2.106	0.1946	0.1904
2.217	2.779	0.1825
2.11	0.7459	0.1811
2.063	-0.4438	0.1636
1.915	1.311	0.1307
2.042	-3.869	0.1891
1.953	0.9606	0.1752
1.468	4.945	0.116
2.046	-5.016	0.1354
1.629	-1.349	0.1133
1.362	2.259	0.1439
1.89	-5.312	0.1373
1.701	-1.983	0.1355
1.547	1.721	0.2147
1.34	3.292	0.1813
1.668	-6.223	0.204
1.361	2.738	0.1514
1.918	-2.49	0.1192
1.923	-0.1945	0.1677
1.722	-3.032	0.1381
1.579	2.633	0.1223
1.681	-0.3076	0.1088
1.876	2.691	0.1791
1.974	-0.3055	0.1186
1.864	1.064	0.1461
1.844	0.6619	0.1459
1.559	-0.07088	0.02883
1.633	-0.1556	0.04208
1.171	-0.2229	-0.07352
1.887	-4.199	0.1741
1.912	-4.545	0.1281
1.755	0.3911	0.1075
1.92	-0.1247	0.1677
1.592	0.7671	0.108
1.977	-0.1771	0.1674
2.108	-3.96	0.1754
1.888	-1.729	0.1812
1.669	-0.85	0.14
1.696	2.011	0.132
1.749	0.3983	0.1016
2.353	-7.743	0.1643
1.836	-1.842	0.06217
1.644	4.504	0.03948
1.771	-1.469	0.09728
2.118	2.147	0.2389
1.897	3.079	0.2077
2.124	-1.531	0.2563
1.999	3.392	0.2911
2.042	-1.66	0.1385
2.149	-0.3826	0.2221
2.078	1.878	0.2044
1.851	-0.9159	0.2973
1.988	0.8468	0.2532
1.866	-1.604	0.2144
2.01	-0.8975	0.2489
2.049	1.552	0.2243
1.859	1.394	0.3168
1.65	-0.8209	0.02873
1.881	2.225	0.1441
1.911	1.231	0.192
1.865	-0.7607	0.1746
1.312	1.667	-0.07593
2.074	0.1191	0.1014
2.095	-2.888	0.1469
2.242	4.179	0.1194
2.036	1.656	0.1209
1.087	0.5983	-0.1159
1.024	-0.213	-0.04374
1.139	0.0697	0.02773
1.912	-4.498	0.1355
1.995	-3.164	0.129
1.958	-2.531	0.1464
1.886	-1.934	0.1263
1.858	-2.969	0.1412
1.938	-2.176	0.1316
1.985	-3.494	0.1432
1.972	-1.084	0.1531
2.069	-5.271	0.1658
1.697	2.941	0.1672
1.717	3.811	0.1953
1.787	1.746	0.163
1.63	0.6218	0.2442
1.686	1.737	0.2867
1.685	-0.4642	0.2389
1.775	1.282	0.224
1.848	-2.421	0.2473
1.874	3.135	0.2007
1.938	1.107	0.1514
2.021	0.3347	0.1491
1.88	0.7869	0.1565
1.904	4.803	0.17
1.952	0.8804	0.1789
2.087	1.158	0.1553
2.104	-5.106	0.1581
2.063	-0.7925	0.1967
2.074	2.429	0.1668
2.096	2.453	0.1631
2.074	1.496	0.1763
2.082	-0.9889	0.1681
1.877	-2.978	0.1562
1.876	-4.139	0.1427
1.827	-5.309	0.1742
1.824	-2.717	0.1649
1.828	-2.895	0.1576
1.87	-0.9099	0.132
1.817	-1.301	0.1248
1.868	4.11	0.1867
1.844	3.648	0.1696
1.833	-0.6815	0.1632
1.851	0.1244	0.2305
1.872	-1.241	0.2102
1.874	0.07484	0.1889
1.81	1.488	0.1477
1.664	-2.444	0.09145
1.713	-1.41	0.1057
1.776	-0.9089	0.1247
1.726	-3.172	0.1367
1.806	-0.7814	0.1479
1.754	-0.4058	0.1178
1.641	-1.801	0.1127
1.624	3.035	0.1704
1.558	3.833	0.1595
1.587	3.669	0.169
1.565	2.654	0.2048
1.604	0.6775	0.2507
1.6	0.06822	0.2539
1.686	1.912	0.3047
1.549	3.724	0.1189
1.527	1.727	0.1874
1.592	1.057	0.2224
1.567	0.2779	0.1351
1.69	1.247	0.2606
1.691	-1.826	0.09047
1.61	-1.014	0.05556
1.823	0.6771	0.2467
1.877	-0.2965	0.1874
1.813	1.742	0.1313
1.853	0.4281	0.1776
1.711	-1.53	0.06754
1.529	4.103	0.01495
1.534	3.87	-0.01177
1.542	4.044	0.04564
1.592	-0.1123	-0.01002
1.682	-2.123	0.01614
1.566	4.031	-0.1032
1.573	1.287	0.01186
1.804	-0.2232	0.07144
1.588	-0.411	-0.04362
1.552	1.411	-0.1085
1.381	-1.886	-0.1046
1.426	-1.45	-0.1182
1.778	1.377	0.2719
1.771	1.29	0.2615
1.743	2.89	0.2535
1.749	1.493	0.2119
1.768	3.585	0.2404
1.786	2.864	0.2368
1.788	-0.687	0.1866
1.648	-0.2	0.1819
1.556	-0.6623	0.09181
1.689	-1.399	0.1581
1.502	1.377	0.02403
1.33	0.3233	-0.08017
1.463	0.9928	-0.006146
1.45	0.7118	-0.0233
1.134	-0.005708	-0.09257
1.456	0.8574	-0.01391
1.755	1.934	0.1447
1.794	0.2229	0.1322
1.703	0.2467	0.1464
1.605	-0.9682	0.0773
1.463	0.6357	-0.006762
1.741	1.352	0.06058
1.247	1.107	-0.106
1.491	0.001944	-0.009378
1.477	0.4002	-0.05365
1.229	0.9003	-0.1369
1.589	-0.5975	0.1225
1.531	1.274	0.04986
1.722	-0.3168	0.2588
1.643	-1.492	0.2085
1.733	1.368	0.2066
1.773	1.536	0.2497
1.791	0.9474	0.1963
1.684	3.121	0.285
1.711	1.67	0.2775
1.783	1.744	0.266
1.715	1.455	0.2846
1.655	1.813	0.2948
1.673	0.03064	0.279
1.663	2.414	0.3003
1.74	3.386	0.2826
1.784	3.087	0.2604
1.712	3.104	0.2906
1.694	4.134	0.3029
1.715	2.22	0.2957
1.803	3.034	0.2633
1.82	3.527	0.2355
1.752	-0.6033	0.2736
1.775	2.464	0.2772
1.817	1.725	0.2514
1.88	-1.274	0.2257
1.883	-0.8359	0.2199
1.901	1.273	0.2181
1.94	-0.5937	0.1923
1.775	0.77	0.2578
1.864	0.7091	0.2449
1.93	2.354	0.2012
2	-1.621	0.186
1.977	0.6373	0.1691
1.736	2.298	0.2562
1.756	2.129	0.2599
1.797	1.651	0.2465
1.859	2.685	0.2222
1.9	2.559	0.2028
1.95	1.062	0.2
2.002	1.621	0.1746
1.835	2.042	0.2318
1.937	1.587	0.2066
1.882	-1.292	0.1877
1.872	2.41	0.1714
1.913	3.056	0.1592
1.848	-0.07744	0.1759
1.851	2.215	0.1662
1.871	-0.6736	0.1606
1.952	-0.07413	0.1655
1.948	-1.196	0.1696
2.024	0.843	0.1476
1.933	2.085	0.155
1.961	2.831	0.14
2.01	0.2056	0.1225
2.033	1.437	0.1112
1.869	3.138	0.156
1.941	2.569	0.1481
1.907	-0.7304	0.1575
1.872	3.012	0.1609
1.892	2.985	0.1579
1.94	3.696	0.1781
1.908	1.695	0.1619
1.965	-4.945	0.134
2.075	1.755	0.1344
1.958	-0.5911	0.14
1.918	4.217	0.1471
1.938	0.3632	0.1664
2.019	1.08	0.1534
2.051	0.2352	0.1326
1.998	0.9971	0.1797
1.982	-3.858	0.1613
2.025	-3.888	0.1484
2.028	1.129	0.1341
2.014	0.7407	0.1346
2.054	2.558	0.1392
2.033	3.85	0.1237
2.039	3.462	0.1907
2.059	4.469	0.1724
2.166	1.712	0.1483
2.249	2.529	0.1558
2.191	1.601	0.1515
2.015	2.01	0.1797
2.032	3.238	0.1918
1.979	-1.127	0.1618
2.067	-3.174	0.1744
2.13	-2.728	0.1876
2.229	2.388	0.1745
2.241	2.441	0.1697
2.123	3.223	0.1922
2.201	1.594	0.1905
2.163	-0.8907	0.184
2.164	-6.491	0.1787
2.176	-0.3529	0.1784
2.146	-4.856	0.1716
2.12	-1.609	0.1707
2.075	-2.885	0.1773
2.06	-1.861	0.128
1.964	2.533	0.1234
2.214	2.687	0.1686
2.113	-2.54	0.1539
1.976	-6.609	0.1387
1.763	-3.328	0.14
1.524	0.5249	0.1392
2.081	-0.6494	0.1868
2.158	1.76	0.1813
2.059	-1.819	0.1893
2.069	-1.144	0.1883
2.044	-1.246	0.1843
2.037	1.541	0.1625
1.887	-0.1599	0.1456
1.856	-5.551	0.1499
1.624	-1.747	0.1291
2.062	1.249	0.1739
1.703	0.5466	0.1455
1.821	0.05463	0.1121
1.546	-1.35	0.1042
1.435	-0.9899	0.1236
1.966	-0.4732	0.1341
1.723	-2.483	0.1112
1.903	-3.84	0.1181
2.029	-2.149	0.1307
1.962	-5.186	0.1257
1.787	1.42	0.1306
1.966	2.523	0.1272
1.391	6.008	0.1649
1.36	5.308	0.1366
1.512	-3.41	0.1404
1.318	-1.422	0.1475
1.759	-5.841	0.148
1.455	-0.2381	0.1418
1.513	0.05673	0.1752
1.931	-3.236	0.1273
1.631	1.235	0.1311
1.422	0.6883	0.16
1.347	5.616	0.1465
1.51	5.219	0.2183
1.349	-4.976	0.1625
1.284	0.2087	0.1601
1.49	1.717	0.2056
1.478	1.241	0.2231
1.497	3.51	0.2247
1.286	2.305	0.1723
1.298	-1.342	0.1535
1.566	-3.407	0.2219
1.482	0.1314	0.1991
1.452	2.08	0.1847
1.663	-0.7411	0.1841
1.619	-3.305	0.147
1.936	-2.612	0.1518
1.917	-1.684	0.1872
2.062	-2.518	0.09924
1.963	-2.354	0.1214
1.937	-1.503	0.141
1.892	0.4479	0.1395
1.908	0.1688	0.1555
1.945	0.5974	0.14
2.02	-0.5901	0.1184
1.933	-3.203	0.1388
1.745	-4.402	0.1459
1.495	5.596	0.1526
1.684	1.943	0.1197
1.508	3.078	0.129
1.873	-3.066	0.1123
1.657	-1.715	0.136
1.4	3.509	0.1442
1.536	1.604	0.1143
1.555	4.683	0.1326
1.435	1.944	0.1226
1.576	0.2017	0.1144
1.673	-2.182	0.1164
1.893	2.142	0.2028
1.86	3.024	0.1637
1.885	2.506	0.1788
1.856	3.095	0.2084
1.833	2.423	0.2031
1.74	-0.8786	0.1284
1.692	1.01	0.1506
1.732	-0.5707	0.1297
1.792	-1.014	0.1121
1.981	0.3238	0.1218
2.007	-3.034	0.118
1.928	-2.95	0.1284
1.854	1.392	0.1738
1.811	2.199	0.1803
1.888	2.115	0.1642
1.911	1.188	0.1514
1.86	-2.646	0.119
1.734	0.3557	0.1397
1.726	-0.9496	0.07011
1.709	-0.8191	0.09491
1.611	-0.1899	0.07047
1.513	0.7517	-0.006285
1.477	0.4382	-0.0482
1.342	0.3009	-0.08106
1.804	-0.8422	0.08045
1.596	-0.1539	0.01287
1.391	0.1463	-0.02358
1.336	0.1425	0.03709
1.113	-0.3021	0.02988
1.966	-3.664	0.1231
1.928	-3.633	0.1132
1.772	0.1849	0.1615
1.943	-0.5683	0.1374
1.933	-5.179	0.1504
1.928	-0.731	0.1771
1.918	-1.104	0.1477
1.706	0.7173	0.07866
1.462	0.3809	0.07276
1.826	-1.046	0.09889
1.864	-0.4151	0.1178
1.902	0.1178	0.1387
1.59	0.5358	0.1054
1.309	-0.003976	0.07197
1.944	-2.451	0.1619
1.817	-1.053	0.1383
1.778	0.1238	0.1417
2.039	2.035	0.1765
1.977	1.84	0.1584
2.073	1.001	0.1841
2.214	-4.206	0.1933
1.965	-0.5317	0.1702
1.984	0.731	0.1747
2.016	0.6215	0.1799
1.916	-0.5903	0.1711
1.942	-3.921	0.16
1.861	1.427	0.197
1.949	-1.838	0.1766
1.725	-5.038	0.1938
1.763	1.441	0.2123
1.688	-0.5164	0.1819
1.923	0.3299	0.1544
1.835	-1.749	0.1559
1.935	0.4779	0.1632
1.769	-0.1085	0.1527
1.421	3.824	0.1455
1.769	0.5688	0.1444
1.662	2.74	0.1404
1.369	3.552	0.1322
1.833	-0.5682	0.1312
1.813	1.826	0.1285
2.142	-1.089	0.1532
2.339	-5.74	0.1891
1.622	6.402	0.1256
1.919	-3.581	0.1337
1.977	2.052	0.1282
1.896	-2.544	0.111
2.177	-1.92	0.1393
1.656	3.555	0.08697
1.608	6.564	0.1153
1.924	0.3953	0.1159
1.771	-0.1038	0.09496
1.718	-2.294	0.02577
1.792	-0.6325	0.02616
1.691	2.918	0.008997
1.753	-0.06677	0.08239
1.882	-3.672	0.1281
1.672	3.151	0.07289
1.709	2.386	0.03772
1.774	4.38	0.06744
1.951	-1.097	0.1805
1.92	-0.343	0.1729
2.023	1.893	0.1634
2.021	2.087	0.1644
2.06	4.292	0.2279
2.003	3.349	0.2555
1.915	4.753	0.225
2.073	2.407	0.2869
1.977	4.238	0.265
1.912	-2.354	0.164
2.123	0.659	0.2479
2.077	2.325	0.2963
2.087	1.417	0.2839
2.046	2.315	0.2894
1.943	-4.124	0.08294
1.839	3.558	0.08526
2.018	-2.68	0.1144
2.086	-4.875	0.1416
2.106	1.173	0.1624
2.118	1.126	0.2562
2.132	1.615	0.251
2.021	-0.5789	0.1866
2.143	2.311	0.2026
2.153	1.926	0.1769
2.099	-3.513	0.2119
2.082	-3.792	0.2285
2.112	-1.066	0.1832
2.053	-2.668	0.1942
2.076	-1.107	0.1932
1.756	1.727	0.3055
1.797	1.376	0.2884
1.94	1.952	0.2824
1.929	2.383	0.264
1.947	1.8	0.2778
1.951	1.43	0.2602
1.943	1.428	0.2403
1.946	1.504	0.2193
1.904	2.611	0.2391
1.979	-2.808	0.2417
1.89	2.795	0.2274
1.935	2.525	0.2516
1.989	2.793	0.2675
2.079	0.703	0.2586
2.015	1.388	0.237
2.046	2.149	0.2227
1.977	2.596	0.25
2.032	2.367	0.2408
2.063	-1.547	0.2342
2.081	0.1004	0.211
2.07	2.909	0.2141
2.091	-1.347	0.202
1.744	1.579	0.3166
1.713	1.376	0.28
1.743	0.6169	0.3204
1.804	0.8323	0.313
1.924	2.096	0.2774
1.761	1.75	0.01667
1.705	1.272	0.1706
1.316	-0.7921	-0.07289
1.786	1.022	-0.03958
1.799	2.351	0.0535
1.947	-0.6827	0.1266
1.895	1.901	0.1591
1.937	0.9793	0.2584
1.914	1.167	0.2308
1.882	2.933	0.2639
1.909	-1.284	0.1908
1.992	0.9968	0.1611
1.966	0.8972	0.1901
2.015	-1.694	0.1353
1.933	1.434	0.1627
1.853	-2.455	0.193
1.855	0.3926	0.2059
1.249	-0.192	-0.112
1.46	0.01112	-0.002886
1.424	1.676	-0.04117
1.856	-0.6831	0.06597
1.715	0.01806	0.03393
1.856	-2.439	0.0988
2.014	-3.329	0.1223
1.734	-1.285	0.09093
2.241	-2.802	0.1407
1.967	-0.9568	0.1046
2.17	-1.582	0.1784
2.359	-6.136	0.1808
2.318	-2.012	0.1519
2.195	2.362	0.1285
2.119	1.191	0.1041
2.068	1.287	0.1193
2.169	0.4873	0.1005
2.161	0.7885	0.1072
2.077	3.848	0.1397
1.958	2.017	0.1486
1.967	2.411	0.1709
1.901	3.268	0.1894
1.168	0.02414	-0.1433
1.117	0.7702	-0.1381
1.125	1.889	-0.1478
1.185	2.733	-0.1116
1.199	1.462	-0.0575
1.047	-0.2135	-0.09497
1.061	0.03646	-0.123
1.107	-0.2149	-0.09002
1.031	-0.3392	-0.01454
1.072	-0.281	0.01726
1.096	0.2577	-0.04464
1.312	1.224	0.002477
1.048	0.01193	-0.08401
1.064	-0.1067	-0.007701
1.135	-0.1744	0.03569
1.515	-0.3468	0.06997
1.349	0.3884	0.07016
1.775	-0.04597	0.1233
1.453	1.238	0.0008853
1.704	-1.844	0.1512
1.829	-2.716	0.1503
1.811	-2.841	0.171
2.035	2.198	0.1751
2.002	1.388	0.1871
2.054	-0.1573	0.1068
2.091	-0.3152	0.163
1.802	-1.481	0.1325
1.597	5.179	0.1666
1.116	-0.2898	-0.09725
1.585	0.4105	0.1415
1.77	-2.633	0.1219
1.865	-5.365	0.1879
1.926	-5.255	0.1587
2.049	-0.8468	0.1491
1.623	-2.345	0.06541
1.878	0.07788	0.1212
1.728	3.219	0.1448
1.899	1.302	0.2074
1.043	0.8147	-0.0287
1.95	0.4898	0.2069
1.901	2.356	0.1949
2.104	0.9275	0.1476
1.808	-0.2199	0.1545
2.202	-0.186	0.1432
1.793	2.492	0.1648
2.196	2.181	0.1715
1.431	1.315	0.1446
1.749	3.122	0.1172
1.772	-5.664	0.1569
1.97	-2.234	0.1531
2.065	0.3071	0.12
2.058	-0.5449	0.1633
0.9044	0.4365	0.05198
2.023	0.1897	0.1384
2.203	3.302	0.2908
2.071	-4.109	0.2353
2.061	-1.535	0.2141
2.11	3.309	0.2119
2.021	-2.28	0.1804
1.387	-2.22	-0.03596
1.807	-2.418	0.1107
1.889	-3.737	0.1423
1.842	-4.991	0.1268
1.644	2.353	0.1304
1.82	0.9078	0.1724
1.889	2.999	0.1674
2.007	4.348	0.184
1.893	0.1631	0.1732
1.965	3.069	0.1809
2	-6.082	0.1513
1.84	0.276	0.1229
2.021	0.835	0.1784
2.001	0.5322	0.159
1.92	-3.252	0.1332
1.691	-2.382	0.1005
1.512	0.4917	0.09359
1.563	3.416	0.05171
1.582	0.2985	0.1486
2.024	0.477	0.1905
1.691	-2.037	0.07179
1.541	-1.401	-0.004276
1.599	-2.266	0.01842
1.455	1.033	-0.03092
1.916	3.337	0.2017
1.992	3.174	0.2024
1.672	0.2259	0.1134
1.024	0.825	-0.05515
1.701	-1.346	0.1186
1.767	1.603	0.1281
1.042	1.241	-0.05261
1.88	1.926	0.22
1.785	-2.668	0.1256
1.894	2.501	0.1808
1.866	4.141	0.2256
1.936	3.779	0.2346
2.028	2.62	0.1968
1.971	2.869	0.1951
2.092	2.695	0.1803
2.046	1.549	0.1617
1.993	2.326	0.1856
2.125	1.597	0.1638
2.04	0.6853	0.165
1.984	0.3158	0.1291
2.136	1.693	0.1417
1.844	1.537	0.166
1.945	-1.111	0.1561
1.924	-1.182	0.1358
1.78	-2.66	0.1344
1.712	5.51	0.1345
1.727	2.989	0.141
1.676	-4.427	0.1425
1.807	0.7455	0.1578
1.805	-2.044	0.1834
1.911	2.98	0.1737
1.763	-1.882	0.1529
1.56	-2.541	0.1639
1.902	0.9348	0.176
1.955	1.855	0.161
1.926	0.4372	0.1473
2.181	-2.68	0.1647
1.696	-3.707	0.1081
1.594	-5.757	0.1355
1.936	-3.384	0.1882
1.587	2.886	0.08594
1.61	-0.4226	0.1141
1.567	2.759	0.09603
1.539	1.818	0.1037
1.744	2.679	0.1512
1.878	-4.02	0.1273
2.076	1.575	0.1667
1.595	1.883	0.1558
1.646	2.312	0.1416
1.893	2.55	0.1549
2.003	2.394	0.1757
2.001	-1.524	0.1282
2.148	0.7642	0.1638
1.867	1.116	0.143
1.465	-0.4341	0.04526
1.573	-0.1083	0.08911
0.9937	0.8663	-0.004627
1.785	-2.013	0.131
2.021	-3.421	0.1403
1.723	0.5565	0.1316
1.807	-0.1514	0.1569
1.352	1.895	0.08177
2.08	1.415	0.1748
1.855	0.3912	0.1755
1.828	-1.505	0.154
1.849	-2.973	0.1144
2.13	3.351	0.1138
2.029	1.013	0.1785
1.904	-7.474	0.2072
2.232	0.6103	0.2096
2.14	2.629	0.2037
2.052	2.42	0.2359
2.148	5.314	0.2307
2.09	3.546	0.2021
2.144	0.2901	0.267
2.127	2.206	0.1976
2.23	1.562	0.2385
2.14	0.3867	0.2126
1.934	0.4088	0.1927
1.805	1.452	0.2029
2.015	0.642	0.2172
2.092	0.005845	0.1608
1.958	1.265	0.1878
1.915	2.524	0.1955
1.938	2.225	0.2452
1.51	0.9264	0.005822
1.804	1.968	0.156
2.038	-0.02747	0.1812
2.106	0.2745	0.1647
1.176	2.098	-0.1182
1.97	-1.216	0.1227
1.689	-2.258	0.116
2.062	4.52	0.1801
2.187	0.9085	0.1975
0.7335	0.78	-0.1223
0.5144	0.2977	-0.07187
0.8833	0.7239	-0.009179
1.823	-7.43	0.1283
1.829	-3.301	0.1117
1.825	-2.048	0.1378
1.785	-1.412	0.1074
1.845	-1.917	0.1341
1.838	-0.7073	0.1114
1.885	-1.87	0.1186
1.943	-3.196	0.1507
1.896	-4.615	0.1369
1.732	3.438	0.1295
1.759	3.277	0.1512
1.845	2.667	0.1481
1.583	-0.1125	0.138
1.674	2.317	0.1572
1.691	-0.01132	0.1557
1.812	-0.7991	0.1723
1.853	-0.4084	0.1857
1.869	-1.24	0.18
1.974	-0.4885	0.1726
1.989	-0.5434	0.1762
1.939	1.945	0.1628
1.947	3.909	0.1816
1.912	0.145	0.1773
2.011	3.416	0.1813
1.952	-1.548	0.178
1.881	-3.673	0.1799
1.961	1.317	0.1732
1.977	2.844	0.1728
1.869	3.306	0.1718
1.908	1.383	0.1724
1.913	-1.786	0.1538
1.904	-2.492	0.1319
2.026	-3.265	0.1416
1.961	-2.915	0.1323
1.959	-2.906	0.135
1.832	-0.7632	0.1168
1.754	-1.584	0.1064
2.045	2.457	0.1668
2.018	2.776	0.1605
1.984	-1.616	0.1434
2.011	1.321	0.1822
2.027	-0.8771	0.182
2.022	0.03449	0.1745
1.952	1.501	0.1462
1.823	-1.64	0.1062
1.773	-1.209	0.1035
1.753	-1.824	0.1083
1.723	-3.683	0.1095
1.877	-3.204	0.1231
1.754	-1.633	0.1069
1.63	-1.511	0.07951
1.647	3.467	0.1123
1.534	4.186	0.0731
1.564	3.857	0.09309
1.544	2.748	0.1134
1.532	-0.5699	0.1206
1.533	-1.158	0.1045
1.569	-1.534	0.1398
1.548	1.95	0.04525
1.536	0.7921	0.07422
1.574	-0.4475	0.09475
1.634	3.851	0.08214
1.639	4.267	0.1505
1.917	1.116	0.1184
1.616	-4.082	0.05698
2.014	0.9896	0.1956
2.022	-2.207	0.1735
2.003	-0.06908	0.1375
2.015	0.7398	0.1635
1.823	0.4688	0.09673
1.568	1.746	0.033
1.663	3.611	0.05803
1.555	-0.1177	0.03058
1.565	-3.608	0.037
1.694	-1.097	0.05012
1.517	-0.4196	-0.02552
1.716	1.069	0.07951
1.763	-1.402	0.08265
1.52	-1.758	-0.004903
1.371	-2.501	-0.06241
1.283	0.04503	-0.0776
1.202	-1.97	-0.09152
1.964	2.399	0.1932
1.988	1.909	0.2033
1.915	4.309	0.2082
1.941	0.8272	0.2037
1.972	3.85	0.2062
2.016	3.252	0.204
2.002	2.444	0.1838
1.797	-0.7801	0.1756
1.657	-1.161	0.1103
1.844	1.456	0.1784
1.528	1.436	0.03982
1.424	1.943	-0.04152
1.539	2.301	0.02453
1.502	1.041	0.0298
0.9333	0.7529	-0.04027
1.444	1.758	0.04603
1.936	1.869	0.1758
1.898	0.4638	0.149
1.904	1.209	0.1801
1.742	1.453	0.1263
1.413	0.6001	0.04954
1.727	2.966	0.09416
1.057	0.6371	-0.03755
1.458	1.103	0.04901
1.434	2.024	-0.003219
1.066	0.5837	-0.1016
1.718	0.8123	0.114
1.549	0.4028	0.05683
1.876	1.731	0.2202
1.806	-1.99	0.1823
1.823	-0.04757	0.1782
1.889	2.401	0.2099
1.84	0.105	0.1749
1.865	3.402	0.2056
1.884	3.449	0.2199
1.952	2.441	0.1788
1.884	2.563	0.1909
1.863	1.804	0.2044
1.906	0.00457	0.1925
1.902	3.358	0.2224
1.907	3.992	0.2348
1.92	3.589	0.2162
1.893	3.788	0.2365
1.902	3.871	0.2418
1.936	3.379	0.2319
1.953	3.255	0.2141
1.945	3.402	0.1992
1.987	1.307	0.2095
1.967	2.992	0.221
1.991	2	0.2039
2.028	0.9108	0.1866
2.01	2.401	0.1863
2.047	0.1995	0.1785
2.042	-1.255	0.1687
2.016	-0.3329	0.1928
2.048	-0.7766	0.1874
2.088	3.425	0.1698
2.124	-1.337	0.1637
2.082	-0.2432	0.1541
1.923	2.452	0.1756
1.969	1.818	0.1872
1.96	2.95	0.1738
2.007	2.379	0.1837
2.058	2.483	0.1758
2.15	1.145	0.1737
2.158	-0.8266	0.157
2.071	2.943	0.1862
2.089	0.9514	0.1795
2.078	-5.66	0.1585
2.106	1.89	0.1579
2.12	1.391	0.1519
2.067	-0.04546	0.1543
2.021	-3.105	0.1624
1.95	0.2025	0.1658
2.091	2.593	0.1536
2.079	2.721	0.1579
2.033	-1.245	0.1374
2.036	1.758	0.1441
2.091	1.773	0.1332
2.11	0.286	0.1276
2.19	2.569	0.1272
2.021	1.5	0.1655
2.025	1.602	0.1446
1.844	-0.7698	0.1587
1.925	1.708	0.1722
1.906	2.104	0.1682
1.835	3.278	0.164
1.865	2.584	0.1581
1.972	0.03275	0.1328
2.075	1.058	0.1347
1.969	-0.7415	0.137
1.919	0.5403	0.1437
1.847	0.9408	0.1474
1.949	0.9568	0.1293
1.877	-7.598	0.1417
1.797	-2.597	0.1408
1.847	-5.041	0.1347
1.824	-5.548	0.1314
1.621	1.871	0.1497
1.654	6.023	0.1549
1.687	1.756	0.1407
1.576	1.293	0.1581
1.775	3.019	0.148
1.748	4.437	0.1349
1.697	-0.738	0.135
1.723	4.025	0.1539
1.734	1.916	0.1504
1.82	0.8222	0.1585
1.786	4.063	0.1585
1.827	-1.464	0.1478
1.847	-0.8936	0.1444
1.871	-3.023	0.161
1.727	2.696	0.1629
1.777	0.2899	0.1748
1.76	2.636	0.1538
1.786	0.8073	0.1712
1.88	-5.144	0.1774
1.867	-1.131	0.1847
1.873	3.552	0.1776
1.897	-2.992	0.1832
1.932	2.096	0.1794
1.852	1.229	0.1704
1.625	-1.762	0.1532
1.603	1.918	0.1746
1.814	2.849	0.1603
1.735	-2.569	0.1454
1.656	-2.188	0.1432
1.497	3.651	0.1452
1.465	-2.6	0.1414
1.875	2.113	0.1654
1.868	2.067	0.169
1.742	-8.123	0.1742
1.775	-5.089	0.1689
1.94	0.9814	0.1663
2.114	1.572	0.1731
2.122	-0.05798	0.159
1.805	1.159	0.1514
1.743	-5.722	0.1386
1.851	0.225	0.1622
1.981	2.066	0.1529
2.092	2.075	0.1561
1.952	1.474	0.1326
1.521	1.643	0.1231
2.213	2.806	0.1709
2.107	1.852	0.1515
2.046	-3.623	0.1354
2.135	-1.725	0.1329
1.892	-3.24	0.1014
1.644	3.961	0.187
1.854	-1.713	0.1819
1.46	1.935	0.1358
1.463	2.944	0.1608
1.663	1.148	0.1743
1.634	1.409	0.1495
1.882	-2.331	0.1713
1.528	-4.47	0.1064
1.489	2.304	0.1263
1.815	-0.3368	0.08495
1.584	-3.728	0.09319
1.592	1.802	0.09891
1.671	5.301	0.09787
1.766	3.266	0.1067
1.593	-1.678	0.1081
1.636	1.433	0.1285
1.594	1.542	0.118
1.602	-0.8145	0.09598
1.634	2.748	0.08846
1.648	2.058	0.1243
1.695	1.6	0.1516
1.6	2.292	0.1069
1.513	1.441	0.09448
1.664	1.848	0.1226
1.72	-1.622	0.1194
1.791	2.182	0.1457
2.089	0.5384	0.1541
2.031	2.354	0.1705
2.124	-2.39	0.1364
2.17	-0.4339	0.1328
2.17	-0.08219	0.147
1.859	-5.272	0.1378
2.162	2.114	0.1611
1.742	2.379	0.1537
1.811	-7.917	0.1559
1.982	-2.861	0.1633
2.024	-8.043	0.1668
1.607	2.483	0.1617
1.476	8.057	0.1337
1.625	5.232	0.1398
1.674	0.141	0.1441
1.527	-0.4032	0.1445
1.603	-0.6045	0.1549
1.81	2.579	0.1485
1.803	4.56	0.1566
1.748	2.04	0.1519
1.828	3.178	0.1543
1.867	2.207	0.1491
2.011	2.416	0.1795
2.136	3.065	0.1707
2.056	3.381	0.1741
1.984	3.527	0.1843
1.928	2.053	0.183
1.999	-5.2	0.1613
2.133	0.9506	0.1666
1.807	-2.839	0.1313
1.957	0.2657	0.1465
2.107	-2.247	0.1486
2.136	-2.923	0.1275
2.106	-0.3356	0.1405
1.946	1.534	0.1713
1.869	0.8455	0.1696
2.061	2.079	0.1724
1.993	1.362	0.1561
1.912	-3.203	0.1205
1.815	-2.664	0.1337
1.716	0.3071	0.08752
1.761	-2.65	0.09558
1.677	1.165	0.07667
1.48	0.7091	0.01829
1.37	1.965	-0.002779
1.333	1.587	-0.03814
1.858	-1.126	0.105
1.545	1.273	0.05512
1.319	1.288	0.03915
1.29	1.281	0.0805
0.7502	0.331	0.04078
2.073	-0.8937	0.1237
2.019	-4.074	0.1282
1.745	-4.367	0.1212
1.897	-1.845	0.1221
2.005	-3.168	0.1399
1.959	-1.016	0.1525
1.999	0.5197	0.1507
1.693	0.3483	0.1158
1.399	1.485	0.09985
1.929	0.1335	0.12
1.899	-0.3051	0.1327
1.98	-0.6439	0.1521
1.497	1.686	0.1136
1.113	0.8844	0.0679
2.034	-1.002	0.1706
1.828	-0.576	0.1466
1.662	0.3604	0.1227
1.68	1.616	0.1468
1.584	1.266	0.1078
1.8	0.7014	0.1737
1.74	-4.803	0.171
2.096	-0.8303	0.1776
2.027	1.162	0.1777
1.956	0.2151	0.1783
1.976	-3.281	0.1631
1.928	-7.413	0.1593
1.746	-1.412	0.1464
2.036	-1.46	0.1638
1.667	-2.659	0.1186
1.652	1.343	0.1305
1.701	3.106	0.1383
2.085	2.706	0.1497
2.036	-3.456	0.1288
2.06	0.1827	0.1682
1.8	-1.768	0.1448
1.693	5.261	0.1199
2.082	1.023	0.09819
2.08	-3.322	0.1268
1.627	2.289	0.08872
1.958	0.7891	0.08046
2.098	2.231	0.106
1.863	-0.4945	0.1866
1.773	-1.489	0.1732
2.024	2.964	0.1506
1.951	1.563	0.168
2.012	-0.7363	0.1956
2.04	-7.778	0.2142
2.02	-1.79	0.2241
2.153	2.977	0.1571
2.086	3.75	0.1452
2.181	1.453	0.1434
2.207	3.768	0.1554
2.188	1.991	0.2233
2.201	2.299	0.2612
2.177	3.521	0.2706
2.058	2.688	0.218
2.021	-3.641	0.2304
2.085	2.874	0.1837
2.108	3.456	0.2402
2.146	4.378	0.2688
2.038	-0.6379	0.2262
2.066	2.396	0.2259
2.181	4.184	0.2758
2.101	2.24	0.2446
2.09	3.12	0.2037
2.128	5.183	0.178
2.089	-0.858	0.1715
2.159	4.031	0.207
2.122	3.709	0.1679
2.189	2.283	0.2901
2.177	3.42	0.2626
2.144	0.05912	0.2345
2.126	1.547	0.2383
2.107	2.156	0.2189
2.238	0.5879	0.2349
2.214	2.292	0.2817
2.22	-0.6251	0.1786
2.238	0.8728	0.2013
2.25	2.659	0.1988
2.148	0.4983	0.2416
2.102	1.68	0.2174
2.172	0.5682	0.2684
2.226	1.36	0.2267
2.214	2.293	0.1924
2.072	-2.448	0.2017
2.024	-0.5971	0.2019
2.098	0.8065	0.1895
1.978	1.986	0.1863
1.765	-5.378	0.18
1.649	1.917	0.1663
1.84	0.5764	0.1802
2.116	2.618	0.2318
2.097	4.308	0.2212
2.081	1.271	0.2166
1.934	2.161	0.1989
1.922	1.937	0.203
2.088	3.093	0.1699
2.047	1.904	0.1762
2.058	2.049	0.186
2.099	-2.899	0.1586
2.097	-1.299	0.1727
2.079	2.461	0.1956
2.017	1.678	0.2007
1.955	-0.7088	0.2047
1.896	-1.026	0.1982
2.007	0.4307	0.1981
1.926	2.137	0.1904
1.948	0.7664	0.1954
1.885	-2.477	0.1923
1.911	1.449	0.1931
1.881	-1.951	0.1875
1.626	-3.297	0.1741
1.749	6.123	0.2053
1.682	-1.009	0.2011
1.939	0.8791	0.2209
2.064	0.7001	0.2371
1.718	0.2803	0.06822
1.801	1.019	0.1843
1.183	-0.9941	-0.07369
1.476	0.9352	-0.01594
1.686	-1.165	0.06793
1.812	-0.1007	0.1288
1.87	1.094	0.1678
1.997	-0.2871	0.2411
2.09	1.688	0.2
1.913	0.8853	0.2519
1.975	-0.4768	0.1969
2.041	1.424	0.1823
2.091	1.937	0.1613
2.143	-0.5575	0.1691
2.114	-0.01881	0.1621
2.122	1.778	0.1589
2.076	-1.106	0.1609
1.111	-0.5065	-0.1127
1.359	0.8958	-0.04919
1.236	2.916	-0.08813
1.721	0.1041	0.04738
1.574	-0.0751	0.002358
1.816	-3.062	0.09717
2.006	-4.225	0.1623
1.574	-1.357	0.06337
1.871	-2.234	0.1519
1.824	1.457	0.108
1.708	-2.066	0.1332
1.819	-5.178	0.1763
1.945	-3.733	0.2066
2.109	1.815	0.2173
2.106	1.67	0.1692
2.116	0.3007	0.1744
2.051	1.172	0.1457
2.174	2.175	0.1935
2.179	1.797	0.2224
2.148	0.5757	0.1805
2.154	3.394	0.1996
2.106	3.36	0.1771
0.9616	1.823	-0.1354
0.7281	0.7536	-0.09928
0.8851	1.823	-0.1125
0.9858	2.595	-0.1253
0.9241	1.774	-0.1104
0.5629	0.3793	-0.05908
0.5178	0.5679	-0.09016
0.9412	0.7737	-0.04542
0.4984	0.3607	-0.02468
0.6428	0.2099	-0.007235
0.7153	0.5224	-0.08027
1.047	0.8197	-0.0355
0.5938	0.3341	-0.105
0.678	0.2197	-0.04355
0.8449	0.4579	0.01295
1.303	1.156	0.04008
1.116	1.281	0.04328
1.44	1.193	0.07437
