1.481	-0.366	0.04645
1.738	-1.395	0.2041
1.929	-3.044	0.1863
1.859	1.79	0.257
1.903	-2.222	0.2121
1.704	-0.2445	0.2358
1.871	1.261	0.2947
2.022	0.1335	0.328
1.922	1.993	0.1607
1.857	3.787	0.1703
1.36	-1.948	-0.07546
1.863	-1.328	0.2917
1.868	-2.76	0.1883
1.848	-4.695	0.2629
1.92	-3.99	0.2134
1.856	-0.2949	0.2058
1.817	-3.524	0.1839
1.672	1.174	0.1541
1.826	0.07185	0.2112
1.636	-1.085	0.2278
1.298	0.2696	-0.04475
1.802	-1.088	0.2497
1.719	1.59	0.2333
1.851	2.294	0.1837
1.856	0.4622	0.1771
1.941	2.079	0.1656
1.909	2.541	0.2429
1.864	1.718	0.262
1.958	-1.556	0.2058
1.962	0.9735	0.203
1.883	-4.356	0.1398
1.788	2.044	0.1872
1.781	-0.5829	0.1426
1.692	-0.3893	0.1797
1.163	-0.5228	0.05866
1.883	-3.379	0.2938
1.868	2.771	0.3369
1.757	-0.06988	0.2774
1.886	-0.8541	0.3092
2.053	2.107	0.3012
1.993	-1.31	0.2527
1.367	-1.084	0.03367
1.911	-2.253	0.1739
1.917	-1.341	0.1963
1.903	-5.32	0.1863
1.865	2.694	0.2402
1.868	-1.991	0.2813
1.907	3.447	0.219
1.949	2.271	0.2318
1.83	-0.9943	0.2573
1.896	2.22	0.247
1.93	-2.68	0.1883
1.888	-0.1614	0.1762
1.73	-1.721	0.2395
1.749	1.907	0.2083
1.83	-3.232	0.1926
1.833	-4.203	0.1906
1.842	1.98	0.2813
1.818	2.357	0.2441
1.854	1.313	0.3063
1.702	-0.7492	0.2211
1.805	-1.726	0.1288
1.794	2.619	0.03278
1.514	-0.5153	0.0279
1.728	3.359	0.001862
1.604	3.223	0.2472
1.635	2.307	0.2101
1.529	-0.4157	0.1341
1.214	-0.404	-0.01698
1.48	-1.496	0.09184
1.603	1.664	0.1041
1.319	-0.3674	-0.07734
1.687	1.174	0.2376
1.662	-3.557	0.1737
1.697	1.644	0.2495
1.663	2.763	0.2635
1.729	3.024	0.263
1.9	-1.449	0.2262
1.788	1.393	0.2349
1.918	0.403	0.2092
1.929	0.9613	0.1892
1.829	0.743	0.2356
1.831	3.552	0.1979
1.859	2.909	0.1872
1.907	1.358	0.1751
1.959	-1.687	0.1789
1.888	1.771	0.1839
1.833	-2.846	0.1767
1.866	3.137	0.1934
1.873	0.0243	0.1878
1.914	-5.08	0.1727
1.859	-0.1074	0.1934
1.918	-0.2286	0.1956
1.831	1.881	0.1951
1.899	1.27	0.245
1.883	2.013	0.2504
1.914	1.084	0.2301
1.891	2.709	0.1714
1.915	0.5273	0.2517
1.905	1.343	0.2378
1.923	1.449	0.2339
1.875	-4.177	0.2709
1.913	-2.946	0.2615
1.814	-2.261	0.1512
1.871	-2.504	0.1654
1.922	1.05	0.2751
1.923	2.019	0.2217
1.855	4.051	0.1368
1.879	-3.001	0.15
1.954	1.718	0.1286
1.937	1.871	0.1696
1.864	0.7718	0.1996
1.963	-0.2344	0.1449
1.874	-0.2319	0.1335
1.934	1.725	0.1709
1.758	2.393	0.2151
1.906	0.5922	0.166
1.807	1.375	0.1946
1.744	-0.09558	0.1909
1.51	-0.2229	0.08452
1.553	0.4616	0.08622
1.152	-0.6029	0.0115
1.814	-4.386	0.172
1.705	-3.309	0.1611
1.491	0.13	0.1366
1.638	-0.01656	0.1997
1.409	0.3917	0.126
1.841	1.844	0.244
1.84	-5.494	0.2373
1.834	-2.423	0.208
1.938	3.039	0.2785
1.89	1.782	0.3095
1.75	2.745	0.2782
1.769	-6.128	0.2474
1.85	-1.033	0.3151
1.813	2.468	0.3309
1.786	3.101	0.324
1.92	2.893	0.3467
1.979	3.759	0.3074
1.903	1.246	0.3421
2.001	2.226	0.3596
1.883	-0.7514	0.2995
1.921	-0.3595	0.2802
1.846	1.196	0.2686
1.859	1.49	0.2985
1.882	1.907	0.2925
2.096	2.082	0.3432
2.006	2.293	0.2992
1.875	1.734	0.2923
1.854	0.7697	0.3192
1.594	1.506	0.0783
1.872	0.5307	0.2068
2.171	1.588	0.2976
2.013	0.1839	0.2948
1.3	0.7474	-0.04291
1.835	-0.7158	0.1547
1.629	-2.941	0.1715
1.778	3.11	0.2412
1.913	1.212	0.2632
1.133	0.1312	-0.04613
1.062	-0.5503	-0.01717
1.15	0.1716	0.08825
1.93	-5.574	0.179
1.912	-3.549	0.1764
1.923	-3.975	0.185
1.893	-2.204	0.177
1.893	-2.849	0.191
1.905	-3.034	0.1812
1.908	-3.791	0.1856
1.931	-0.3455	0.2044
1.888	-6.505	0.1965
1.862	1.616	0.2147
1.889	3.618	0.2258
1.89	1.613	0.2136
1.868	-1.848	0.2662
1.865	-1.711	0.2892
1.876	-0.5742	0.2584
1.883	-0.1565	0.2474
1.858	-3.826	0.2719
1.886	-0.2456	0.2362
1.959	0.2679	0.2132
1.969	-2.548	0.2216
1.93	1.939	0.2109
1.937	2.912	0.223
1.88	1.998	0.2373
1.936	1.456	0.2347
1.932	-1.993	0.234
1.836	-3.328	0.2567
1.873	2.668	0.2407
1.862	2.134	0.2466
1.839	2.562	0.2598
1.857	2.396	0.2545
1.935	-2.643	0.1869
1.933	-4.492	0.1744
1.908	-4.75	0.1942
1.881	-4.704	0.1914
1.923	-2.749	0.1786
1.904	-1.332	0.1711
1.866	-2.264	0.1749
1.778	2.29	0.2257
1.772	1.396	0.2207
1.84	-0.9501	0.2032
1.72	-0.1456	0.2344
1.726	-2.961	0.2262
1.732	1.283	0.2319
1.776	1.26	0.1992
1.803	-3.373	0.154
1.805	-2.032	0.1642
1.855	-1.247	0.1748
1.852	-3.834	0.1879
1.865	-1.456	0.181
1.833	-1.441	0.1711
1.822	-4.19	0.1885
1.837	1.969	0.2223
1.813	2.272	0.2644
1.822	2.55	0.2375
1.852	2.131	0.2529
1.861	-2.139	0.2953
1.856	-2.217	0.2944
1.861	0.1675	0.3025
1.806	2.093	0.245
1.835	1.961	0.2807
1.85	-1.776	0.2787
1.837	-1.187	0.2326
1.84	2.251	0.2896
1.79	-2.756	0.1637
1.81	-2.044	0.1472
1.694	-0.3331	0.2301
1.727	-1.357	0.2127
1.746	1.721	0.1879
1.698	0.8669	0.1988
1.774	-2.7	0.1395
1.802	2.757	0.1342
1.798	2.836	0.111
1.798	2.834	0.1563
1.804	-0.7834	0.08397
1.78	-2.752	0.0999
1.786	3.278	-0.01076
1.783	3.037	0.09177
1.655	0.858	0.1053
1.79	-1.333	0.01376
1.606	0.162	-0.0498
1.413	-2.619	-0.07782
1.469	-3.55	-0.06658
1.673	1.28	0.2421
1.639	1.634	0.2376
1.617	2.845	0.2442
1.627	1.094	0.2187
1.617	3.736	0.2357
1.649	2.931	0.226
1.677	0.6745	0.191
1.57	-2.149	0.1851
1.512	-1.549	0.1046
1.582	0.165	0.162
1.521	-0.361	0.08028
1.332	0.02554	0.003577
1.468	-0.6206	0.04881
1.424	-0.09271	0.02703
1.174	-0.4498	-0.02996
1.393	0.5267	0.02539
1.629	2.238	0.1632
1.67	0.1381	0.143
1.59	-0.5022	0.1657
1.509	-0.5494	0.08739
1.406	0.0637	0.02154
1.625	1.399	0.09731
1.271	0.5586	-0.06792
1.455	0.2677	0.0116
1.436	0.5776	-0.04044
1.332	-0.08659	-0.09399
1.613	-0.3882	0.155
1.529	-0.07022	0.1129
1.654	-1.343	0.2359
1.64	-2.586	0.2015
1.689	-1.159	0.2057
1.708	1.085	0.2377
1.717	0.5997	0.2147
1.62	2.763	0.2581
1.64	2.102	0.2536
1.694	1.039	0.2452
1.655	2.141	0.2519
1.68	2.199	0.2579
1.743	1.702	0.2516
1.716	1.279	0.2614
1.699	2.603	0.2575
1.717	2.963	0.2514
1.673	2.613	0.2575
1.695	3.047	0.2637
1.752	1.974	0.2592
1.752	2.113	0.2508
1.73	2.391	0.2405
1.825	1.447	0.2422
1.803	1.778	0.2509
1.824	1.709	0.2369
1.884	-0.6438	0.2179
1.867	1.345	0.2265
1.925	0.7469	0.2086
1.926	-1.864	0.203
1.879	0.02426	0.2295
1.909	1.03	0.2157
1.92	1.188	0.2032
1.884	-2.325	0.2004
1.901	-1.739	0.1781
1.746	2.075	0.244
1.828	1.507	0.2399
1.719	1.499	0.2446
1.753	2.597	0.2397
1.806	-0.4499	0.2207
1.867	1.146	0.2096
1.839	2.038	0.1915
1.886	-0.07717	0.2239
1.827	1.977	0.2146
1.846	2.021	0.2014
1.845	-0.6606	0.1878
1.829	2.529	0.1846
1.872	-2.73	0.1923
1.885	2.221	0.1879
1.923	0.2183	0.1914
1.941	-0.9832	0.1853
1.934	-1.954	0.1997
1.843	0.5773	0.1767
1.923	0.2733	0.1747
1.948	1.367	0.175
1.849	1.454	0.1737
1.915	1.823	0.1706
1.86	3.012	0.1783
1.822	2.996	0.1796
1.923	-1.91	0.1858
1.897	2.982	0.1866
1.85	1.55	0.1801
1.847	2.614	0.1763
1.852	2.804	0.1892
1.843	-1.841	0.18
1.891	0.02332	0.18
1.824	-3.178	0.1775
1.845	3.016	0.1846
1.867	-0.6927	0.1861
1.896	-0.4811	0.191
1.918	2.538	0.1877
1.868	-0.4675	0.1833
1.883	-3.253	0.1864
1.894	-4.985	0.1782
1.867	0.8235	0.1785
1.877	-0.3343	0.1723
1.872	2.011	0.1739
1.874	3.504	0.1662
1.842	3.361	0.1814
1.863	3.836	0.1882
1.891	2.377	0.2093
1.876	3.428	0.2211
1.922	-0.08256	0.2212
1.847	0.5959	0.1843
1.826	3.517	0.1796
1.897	-0.8931	0.1882
1.871	-2.703	0.1979
1.868	-4.276	0.2141
1.866	2.822	0.2342
1.903	2.809	0.2458
1.833	2.111	0.189
1.856	0.2346	0.233
1.898	-0.5459	0.2416
1.906	-3.189	0.2526
1.901	0.4338	0.2462
1.91	-3.349	0.244
1.889	1.317	0.2504
1.868	2.371	0.2542
1.928	-2.552	0.1737
1.878	3.327	0.1663
1.916	2.905	0.2383
1.934	-1.282	0.2211
1.937	-2.528	0.1906
1.931	-3.01	0.2111
1.885	-0.1605	0.1964
1.905	1.53	0.2408
1.897	1.801	0.2372
1.876	0.1529	0.2557
1.913	-0.3767	0.2531
1.902	1.009	0.2449
1.895	-2.473	0.2555
1.884	-1.607	0.2445
1.93	-3.516	0.224
1.967	0.683	0.2255
1.911	0.5698	0.2348
1.922	1.915	0.2314
1.87	2.121	0.2419
1.936	-1.045	0.2413
1.98	0.8949	0.2421
1.871	-0.05516	0.2653
1.89	-0.03884	0.2564
1.888	-4.023	0.2635
1.867	-0.6671	0.2868
1.882	0.1904	0.2785
1.867	3.433	0.1631
1.855	2.487	0.1723
1.854	2.553	0.2024
1.849	-3.189	0.1595
1.852	2.961	0.1543
1.827	2.747	0.149
1.893	-3.925	0.152
1.982	2.287	0.2549
1.958	0.07515	0.2238
1.887	2.133	0.2865
1.932	-0.7184	0.2713
1.952	2.229	0.256
1.965	1.779	0.2561
1.95	3.285	0.22
1.809	0.4626	0.138
1.827	1.262	0.1432
1.834	0.8627	0.1981
1.835	0.06785	0.1794
1.932	3.38	0.1538
1.875	3.023	0.1336
1.901	1.89	0.131
1.922	1.57	0.1699
1.904	1.359	0.1419
1.933	0.8193	0.1402
1.906	1.961	0.1547
1.95	1.726	0.1511
1.924	-3.172	0.1901
1.881	0.7945	0.2101
1.97	-0.5752	0.1549
1.946	-0.8885	0.177
1.899	0.5282	0.186
1.875	-1.589	0.178
1.834	0.2992	0.1958
1.938	-1.84	0.162
1.926	2.364	0.163
1.906	-4.552	0.1654
1.937	0.375	0.1577
1.942	2.092	0.1521
1.836	1.832	0.1583
1.8	2.037	0.1614
1.902	0.7615	0.1512
1.94	-3.43	0.1333
1.919	3.064	0.1409
1.866	3.218	0.1529
1.813	3.092	0.1756
1.927	-0.5782	0.129
1.948	-0.1548	0.1451
1.933	1.794	0.1626
1.808	1.334	0.2199
1.778	3.157	0.2017
1.782	2.852	0.2114
1.738	3.107	0.2287
1.733	1.706	0.2274
1.87	0.8597	0.1847
1.782	1.913	0.1935
1.917	1.816	0.1646
1.937	1.827	0.1663
1.883	-1.626	0.1853
1.847	-3.187	0.1624
1.785	-1.385	0.1805
1.747	0.9459	0.2131
1.724	0.4159	0.2137
1.774	1.872	0.2052
1.799	0.1043	0.1967
1.716	-0.9763	0.167
1.691	-1.358	0.1863
1.604	-1.406	0.1085
1.649	-4.38	0.1503
1.596	-1.223	0.1325
1.499	-0.7689	0.05941
1.424	0.201	0.02193
1.32	-0.02399	0.0003686
1.674	0.1573	0.1178
1.479	-0.4277	0.06712
1.361	-0.1702	0.03574
1.3	-0.2239	0.07179
1.108	-0.6689	0.03529
1.824	-4.062	0.1618
1.747	-3.459	0.1522
1.887	1.569	0.1613
1.853	-0.5636	0.1637
1.777	-5.114	0.173
1.757	-0.6936	0.1913
1.673	-2.254	0.1716
1.491	0.5956	0.1123
1.334	-0.1711	0.1003
1.625	-0.7174	0.1394
1.619	-0.7233	0.1496
1.591	0.09401	0.1626
1.404	0.03898	0.1307
1.238	-0.3263	0.0867
1.675	-3.04	0.1995
1.55	-0.2781	0.1706
1.521	0.4279	0.1653
1.694	0.6713	0.1943
1.628	0.765	0.1703
1.773	0.1863	0.2196
1.805	-2.152	0.2203
1.765	-0.4695	0.2247
1.752	1.159	0.2207
1.836	-1.425	0.2376
1.892	-2.427	0.2584
1.859	-4.066	0.2569
1.818	0.9611	0.1982
1.774	-1.693	0.1974
1.854	-3.714	0.1627
1.861	1.116	0.1956
1.905	0.2439	0.2172
1.9	1.879	0.2638
1.914	-2.94	0.2769
1.84	0.8495	0.2404
1.919	-0.5782	0.2532
1.964	-0.6998	0.2618
1.925	-1.356	0.2871
1.889	1.978	0.3125
1.943	3.06	0.2807
1.897	1.842	0.2889
1.867	2.617	0.3008
1.791	0.5708	0.242
1.782	-4.633	0.2225
1.809	3.149	0.2912
1.802	2.889	0.2613
1.748	-0.3763	0.261
1.723	-3.872	0.2803
1.75	-4.362	0.2701
1.841	2.366	0.3271
1.828	3.114	0.3197
1.864	1.546	0.3104
1.838	3.171	0.32
1.846	-0.6479	0.331
1.857	0.8821	0.3297
1.86	3.512	0.3297
1.722	2.897	0.3027
1.725	-2.992	0.2956
1.76	1.402	0.3131
1.806	2.051	0.3219
1.9	2.038	0.3315
1.913	-0.1065	0.3145
1.849	0.596	0.3003
1.884	0.5479	0.3446
1.977	1.98	0.3371
2.013	3.218	0.3281
1.988	4.038	0.3386
2.021	1.103	0.3171
1.933	1.045	0.3532
1.978	2.961	0.3478
1.87	2.218	0.3401
1.884	2.301	0.3494
1.934	0.2116	0.3555
1.942	0.6492	0.3226
1.94	3.076	0.3312
1.864	-2.893	0.318
1.863	2.633	0.3296
1.859	-1.614	0.2988
1.87	-2.006	0.2818
1.878	2.646	0.2798
1.928	0.6899	0.3073
1.91	-2.433	0.2957
1.893	-2.397	0.3227
1.907	2.289	0.2897
1.895	1.673	0.2717
1.864	-2.924	0.2688
1.86	-3.971	0.2827
1.895	2.007	0.2653
1.892	0.4107	0.2581
1.839	-1.642	0.2594
1.861	1.608	0.2933
1.864	1.145	0.2895
1.913	-0.2399	0.3059
1.962	1.839	0.3003
1.863	1.524	0.2908
1.856	0.4343	0.2825
1.855	0.4695	0.2859
2.161	1.941	0.3065
2.105	-0.2942	0.313
2.059	2.802	0.3026
2.022	1.48	0.3317
2.069	-0.1	0.3547
1.97	2.494	0.3215
1.895	1.556	0.3102
1.893	0.759	0.2942
1.832	1.512	0.2836
1.979	2.009	0.3022
1.968	1.325	0.2971
1.894	-1.434	0.2956
1.82	-1.079	0.2821
1.856	1.966	0.2856
1.818	-4.122	0.2721
1.856	2.018	0.3042
1.822	2.584	0.2966
1.843	2.392	0.3251
1.85	2.509	0.3176
2.016	1.368	0.3103
1.745	2.889	0.12
1.811	2.615	0.2283
1.325	-1.883	-0.02315
1.595	1.513	0.04634
1.799	-1.293	0.1395
1.961	0.002214	0.1851
2.033	1.673	0.234
2.068	-1.434	0.284
2.124	-2.337	0.2993
1.876	2.109	0.2648
2.137	0.5723	0.2488
2.107	1.242	0.2853
2.164	2.008	0.3234
2.029	-2.713	0.2785
2.095	1.453	0.3132
2.038	-1.654	0.3211
2.028	-1.403	0.312
1.295	-0.9985	-0.05549
1.412	-0.153	0.01103
1.309	1.937	-0.02285
1.564	-1.508	0.07753
1.521	-0.704	0.03222
1.771	-2.577	0.1209
1.909	-4.478	0.2055
1.483	-1.786	0.123
1.731	-1.391	0.1961
1.625	-1.54	0.1428
1.716	-2.141	0.195
1.764	-6.171	0.2183
1.764	-2.414	0.252
1.763	1.622	0.2713
1.888	-1.025	0.2319
1.928	1.188	0.2564
1.814	1.227	0.1978
1.832	2.19	0.2543
1.815	3.548	0.2736
1.955	2.647	0.2882
1.921	1.812	0.286
1.961	3.083	0.3019
1.257	-0.5817	-0.06549
1.17	0.2579	-0.06
1.193	0.7056	-0.0709
1.198	2.039	-0.0476
1.19	0.9699	-0.02127
1.099	-0.6212	-0.02483
1.117	-0.4313	-0.04254
1.126	-0.6015	-0.01322
1.053	-0.7061	-0.0003389
1.073	-0.5842	0.01823
1.114	-0.06653	-0.0004255
1.272	0.6158	0.07171
1.091	-0.3534	-0.02955
1.082	-0.3835	0.01188
1.112	-0.3599	0.05465
1.355	2.107	0.1313
1.252	1.67	0.1225
1.468	-1.143	0.1539
1.548	1.226	0.09367
1.735	-1.282	0.2131
1.877	-3.224	0.1855
1.766	-1.485	0.2644
1.808	-1.955	0.2042
1.728	1.472	0.2328
1.92	2.571	0.2813
1.907	2.628	0.348
1.85	1.463	0.1506
1.817	3.749	0.1868
1.273	-3.344	-0.06654
1.727	0.3955	0.2801
1.853	-3.013	0.197
1.759	-4.705	0.2656
1.837	-5.203	0.2186
1.776	-0.7623	0.2049
1.828	-3.435	0.1585
1.669	2.118	0.1633
1.65	2.588	0.1797
1.711	-0.3116	0.2421
1.209	-0.2263	-0.01083
1.882	0.5138	0.2514
1.773	1.606	0.2043
1.827	1.919	0.2141
1.932	2.458	0.2016
1.89	1.773	0.1799
1.795	2.222	0.2494
1.964	0.5282	0.2755
1.904	2.169	0.2225
1.913	1.08	0.2158
1.768	-3.323	0.1385
1.8	2.63	0.1673
1.803	-2.618	0.1372
1.85	-0.7925	0.1954
1.044	-0.1039	0.03633
1.814	-2.398	0.3035
1.777	2.422	0.331
1.838	-1.253	0.294
1.937	-0.9724	0.324
2.065	1.684	0.2909
1.927	-3.786	0.2381
1.471	-1.819	-0.01475
1.84	-2.543	0.1694
1.869	-0.6083	0.203
1.849	-5.051	0.181
1.802	1.589	0.2391
1.797	-1.698	0.28
1.856	3.114	0.2253
1.848	3.629	0.2428
1.745	-2.228	0.2531
1.788	1.864	0.2554
1.869	-5.651	0.1814
1.851	-0.5623	0.1699
1.763	-0.1246	0.2389
1.83	1.76	0.2128
1.834	-3.5	0.1905
1.835	-3.382	0.1957
1.744	1.788	0.258
1.726	3.057	0.2081
1.691	1.849	0.2882
1.742	0.5949	0.2195
1.821	-1.551	0.1498
1.794	-1.943	0.02405
1.483	-1.225	0.06802
1.5	1.064	-0.005431
1.678	1.299	0.2532
1.707	1.914	0.2275
1.462	-2.197	0.1612
1.338	-0.4215	0.04654
1.493	-2.431	0.1556
1.574	1.423	0.1388
1.133	-0.6968	-0.05033
1.733	1.771	0.2348
1.641	-2.218	0.1648
1.733	2.013	0.2495
1.784	3.125	0.2597
1.842	2.443	0.2462
1.973	-0.05232	0.2373
1.814	2.371	0.2107
1.896	1.506	0.2429
1.873	-0.3191	0.2165
1.788	2.121	0.2439
1.736	2.776	0.2168
1.798	0.7392	0.1934
1.852	-4.584	0.1909
1.88	1.137	0.1903
1.872	0.6453	0.1937
1.827	1.365	0.1988
1.88	2.742	0.1994
1.849	-1.545	0.2095
1.83	-4.505	0.1799
1.823	2.801	0.2293
1.772	-2.375	0.2024
1.836	-0.2358	0.2129
1.797	-1.689	0.2504
1.762	2.74	0.2635
1.883	2.81	0.2323
1.784	0.5017	0.1696
1.995	1.249	0.2704
2.08	1.774	0.256
2.062	0.1332	0.248
1.841	-1.638	0.2803
1.94	-0.5479	0.26
1.8	-3.42	0.145
1.82	-0.6347	0.1634
1.881	-0.4508	0.2657
1.843	2.886	0.2306
1.785	3.253	0.1449
1.806	-1.643	0.1623
1.871	3.334	0.1297
1.913	1.482	0.1626
1.77	1.577	0.1929
1.859	0.5184	0.1508
1.913	-0.5816	0.1284
1.927	1.761	0.1507
1.781	0.5312	0.1955
1.84	-0.7054	0.1584
1.85	0.142	0.173
1.769	0.28	0.1743
1.556	0.6073	0.09166
1.609	-0.168	0.08694
1.324	0.1557	-0.00671
1.79	-4.053	0.1709
1.754	-1.733	0.1632
1.602	-0.6131	0.127
1.705	0.5171	0.1992
1.389	-0.7647	0.1175
1.856	2.081	0.2496
1.772	-4.552	0.2448
1.901	-1.56	0.2339
1.881	2.855	0.2684
1.822	3.164	0.3145
1.759	3.495	0.3028
1.773	-6.199	0.2802
1.81	-0.0122	0.3231
1.794	2.234	0.3271
1.8	1.388	0.3103
1.887	3.153	0.3614
1.862	3.424	0.333
1.842	-1.591	0.3575
1.888	1.563	0.3629
1.774	-3.427	0.3046
1.879	1.561	0.302
1.874	2.04	0.2865
1.832	2.132	0.2931
1.956	-0.03355	0.2985
1.907	1.613	0.337
2.047	1.63	0.3236
1.898	1.764	0.2961
2.02	-1.836	0.2928
1.478	0.77	0.06345
1.915	1.12	0.1941
1.974	1.38	0.2717
1.882	0.7287	0.3099
1.236	0.7897	-0.05955
1.847	-0.9607	0.1436
1.726	-3.064	0.1802
1.83	2.569	0.2528
1.858	0.9335	0.2768
0.8247	-0.1572	-0.06385
0.6875	-0.5699	-0.03364
1.085	1.128	0.02338
1.868	-5.791	0.1715
1.845	-4.615	0.1699
1.869	-4.356	0.1835
1.837	-2.488	0.1756
1.864	-2.059	0.1996
1.841	-2.978	0.1795
1.84	-3.844	0.1813
1.862	-1.658	0.2093
1.839	-6.433	0.1915
1.857	3.33	0.2238
1.847	2.426	0.2335
1.881	2.491	0.2222
1.761	-2.017	0.2669
1.764	0.5445	0.2809
1.797	-2.552	0.2649
1.82	-2.513	0.2554
1.794	-1.797	0.2723
1.811	-1.355	0.2415
1.901	0.6323	0.2298
1.878	-1.243	0.239
1.897	0.4835	0.2219
1.863	3.124	0.2342
1.791	-0.3671	0.2369
1.822	3.107	0.2515
1.824	-0.2961	0.2501
1.739	-5.092	0.2536
1.772	0.7889	0.2441
1.759	2.065	0.2532
1.758	-1.415	0.2571
1.756	0.8267	0.2622
1.881	-4.165	0.1823
1.873	-4.164	0.1679
1.814	-2.153	0.1932
1.835	-3.919	0.1834
1.872	-3.076	0.1706
1.84	-1.546	0.166
1.832	-3.126	0.174
1.758	1.923	0.2242
1.786	1.821	0.2132
1.803	-0.6574	0.2005
1.754	0.5407	0.2312
1.788	-2.431	0.2214
1.792	0.1577	0.231
1.824	1.026	0.1961
1.834	-1.324	0.1653
1.832	-1.63	0.1592
1.83	-1.85	0.1703
1.842	-4.024	0.1948
1.846	-2.504	0.1706
1.833	-1.451	0.1647
1.83	-3.243	0.194
1.829	2.877	0.2272
1.792	2.588	0.2309
1.811	2.344	0.2349
1.775	2.339	0.2496
1.732	-1.726	0.2722
1.714	-0.6134	0.2787
1.702	1.052	0.2841
1.777	2.618	0.1926
1.734	3.176	0.2387
1.695	1.552	0.2413
1.685	2.253	0.2037
1.675	2.507	0.2521
1.857	1.697	0.1839
1.828	-3.034	0.1337
1.735	1.204	0.2269
1.803	-3.338	0.2125
1.822	-2.803	0.1918
1.747	0.06998	0.2012
1.828	-1.166	0.1463
1.774	2.625	0.1097
1.73	3.028	0.08486
1.804	-0.4499	0.1148
1.817	-3.308	0.09184
1.78	-1.345	0.1037
1.724	-1.602	-0.007008
1.718	3.751	0.07188
1.588	-0.869	0.1229
1.652	-1.659	0.03049
1.54	-3.555	-0.006131
1.353	-2.515	-0.03651
1.333	-2.455	-0.0501
1.692	2.277	0.2415
1.681	2.374	0.2375
1.72	3.264	0.2542
1.706	1.648	0.2394
1.707	3.318	0.2457
1.682	3.052	0.2296
1.686	2.97	0.2141
1.481	-4.118	0.2074
1.452	-2.135	0.1569
1.61	0.934	0.2076
1.518	0.8041	0.1288
1.509	0.9231	0.07087
1.467	1.16	0.1145
1.43	0.7695	0.1009
1.255	0.2335	0.01843
1.397	0.5849	0.08829
1.68	1.603	0.2004
1.654	0.8552	0.1783
1.654	0.9697	0.2068
1.518	0.6444	0.146
1.316	0.5649	0.05849
1.541	2.059	0.1167
1.095	0.4803	-0.03921
1.3	-0.3862	0.02893
1.375	1.772	0.01821
1.216	-1.361	-0.07653
1.504	-2.6	0.1633
1.573	0.9329	0.1322
1.724	1.552	0.2403
1.531	-2.34	0.2058
1.574	-1.724	0.198
1.764	0.5298	0.2191
1.706	-0.311	0.1925
1.73	3.118	0.2635
1.757	2.522	0.256
1.706	1.915	0.2431
1.696	1.342	0.2521
1.756	2.458	0.2568
1.791	0.777	0.25
1.832	0.6805	0.2559
1.794	2.313	0.2431
1.807	2.529	0.2264
1.778	2.447	0.2545
1.813	3.386	0.2543
1.867	2.376	0.253
1.863	2.299	0.228
1.798	3.014	0.2095
1.922	0.4205	0.2471
1.907	1.694	0.2442
1.889	1.715	0.2253
1.824	-2.616	0.2178
1.806	-1.095	0.208
1.931	0.548	0.2274
1.832	-3.734	0.2088
1.894	-1.255	0.2477
1.957	1.361	0.2431
1.939	1.542	0.2391
1.859	0.2283	0.2332
1.881	1.534	0.2124
1.774	1.849	0.2448
1.834	1.291	0.2472
1.738	2.442	0.243
1.746	2.064	0.2422
1.73	1.575	0.2284
1.807	-1.098	0.2351
1.779	2.125	0.2215
1.841	1.681	0.2454
1.748	1.337	0.2304
1.746	2.689	0.2091
1.757	2.088	0.2068
1.779	3.23	0.2053
1.775	-1.956	0.2005
1.806	-2.937	0.1902
1.873	-0.351	0.1915
1.885	1.266	0.2002
1.843	-2.73	0.2049
1.852	-3.245	0.2
1.88	2.764	0.1993
1.916	1.053	0.1911
1.884	-0.8976	0.1821
1.927	0.8779	0.1809
1.801	0.6096	0.1984
1.823	0.9426	0.2017
1.877	-2.19	0.1893
1.855	2.839	0.1952
1.836	2.963	0.1998
1.888	2.4	0.1949
1.872	0.7789	0.1953
1.857	-3.308	0.1871
1.859	2.011	0.1875
1.842	-1.471	0.1967
1.86	-0.6038	0.1907
1.931	2.223	0.2071
1.856	1.244	0.1969
1.833	1.654	0.1804
1.908	-1.796	0.2126
1.888	-3.588	0.2024
1.853	-4.919	0.1931
1.823	2.467	0.1955
1.834	-0.2275	0.1852
1.813	3.482	0.2063
1.801	3.32	0.1844
1.895	4.23	0.2157
1.845	2.959	0.2218
1.789	2.214	0.2307
1.792	2.858	0.2433
1.783	1.301	0.2437
1.859	1.565	0.1993
1.881	3.852	0.2023
1.862	-1.802	0.1924
1.839	-1.678	0.2002
1.827	-2.485	0.2222
1.8	2.548	0.2424
1.791	1.093	0.2506
1.831	1.018	0.225
1.809	1.37	0.242
1.808	-4.518	0.2405
1.787	0.3393	0.2615
1.78	2.302	0.2571
1.799	-1.853	0.2544
1.777	1.708	0.2709
1.766	0.1169	0.266
1.772	-1.239	0.1831
1.789	3.143	0.1744
1.802	2.164	0.2482
1.779	-2.237	0.2163
1.805	-5.162	0.1841
1.879	-0.4521	0.2146
1.836	-1.492	0.1739
1.825	1.185	0.2619
1.847	-1.486	0.2505
1.827	-4.899	0.2705
1.832	-3.02	0.265
2.053	1.281	0.2649
2.089	1.456	0.2712
2.09	1.123	0.2579
2.026	1	0.2414
2.019	-4.288	0.2348
1.978	0.5482	0.2477
2.069	1.259	0.2524
2.055	2.02	0.2619
2.006	-1.781	0.2555
1.914	-0.3984	0.238
1.821	2.733	0.2827
1.889	2.734	0.2735
1.922	-0.4212	0.2768
1.89	1.063	0.2927
1.936	1.902	0.2687
1.794	3.61	0.1678
1.819	3.183	0.1763
1.845	2.278	0.1763
1.82	-3.706	0.1571
1.792	3.201	0.1579
1.761	2.988	0.1517
1.805	-2.862	0.1511
1.865	2.206	0.2477
1.862	2.504	0.2215
1.909	2.048	0.2695
1.89	-0.1639	0.2637
1.859	2.609	0.2555
1.882	3.839	0.2567
1.85	3.044	0.2238
1.779	0.2983	0.1423
1.76	3.686	0.1431
1.824	1.65	0.185
1.813	1.015	0.1831
1.823	3.458	0.1741
1.829	3.591	0.1414
1.82	2.253	0.1313
1.844	2.381	0.1916
1.817	-0.5661	0.153
1.842	2.624	0.1393
1.813	0.9158	0.1483
1.866	0.4635	0.142
1.829	-3.139	0.1954
1.793	-0.6262	0.1994
1.948	1.612	0.1646
1.873	0.09874	0.1763
1.807	0.02465	0.1761
1.827	1.663	0.1615
1.774	2.221	0.1767
1.823	0.377	0.1588
1.877	-2.907	0.1497
1.823	-3.724	0.1695
1.818	0.421	0.1595
1.81	2.661	0.1517
1.92	-2.057	0.1323
1.859	1.76	0.146
1.93	-3.253	0.1383
1.898	1.187	0.1373
1.858	3.067	0.1391
1.899	1.648	0.1314
1.839	2.81	0.1528
1.892	2.565	0.1341
1.933	1.633	0.1337
1.898	1.019	0.1456
1.775	1.971	0.2012
1.78	2.675	0.1836
1.76	2.631	0.1942
1.773	3.277	0.201
1.781	1.834	0.1969
1.853	-0.4334	0.162
1.818	1.902	0.1726
1.831	1.88	0.1584
1.909	1.504	0.1576
1.881	-1.194	0.1602
1.834	-3.226	0.1494
1.831	-3.101	0.1693
1.799	0.9549	0.194
1.768	-0.8342	0.1878
1.808	1.685	0.1917
1.812	0.04066	0.1776
1.749	-3.262	0.1479
1.732	-1.917	0.1645
1.638	0.4075	0.1125
1.696	-3.36	0.1399
1.657	-0.2749	0.1289
1.578	1.007	0.08265
1.492	0.2199	0.04337
1.524	1.005	0.03646
1.687	-0.9599	0.1084
1.495	-0.8018	0.06998
1.419	0.4453	0.02337
1.395	1.11	0.05014
0.9655	-0.3077	0.0104
1.808	-4.079	0.156
1.779	-3.792	0.1462
1.81	0.7002	0.1562
1.807	-1.789	0.1601
1.784	-4.402	0.1715
1.806	0.9878	0.1971
1.753	-1.91	0.1731
1.632	-0.2046	0.1125
1.464	1.293	0.07729
1.685	-1.015	0.1356
1.7	-0.1855	0.1428
1.759	0.01069	0.1664
1.457	1.357	0.1114
1.232	0.5355	0.05991
1.814	-1.829	0.2104
1.656	-1.111	0.1563
1.553	-0.5281	0.1437
1.682	0.7511	0.1989
1.62	0.3649	0.1675
1.768	-0.5297	0.2222
1.761	-1.545	0.2331
1.893	-1.35	0.2322
1.809	1.17	0.2287
1.802	0.05284	0.2416
1.823	-1.539	0.2577
1.786	-4.108	0.2735
1.819	1.363	0.2057
1.889	-1.919	0.2114
1.794	-2.902	0.1705
1.833	1.798	0.2069
1.914	1.636	0.2346
1.869	2.681	0.2619
1.829	-3.663	0.2731
1.919	-0.221	0.2463
1.924	-0.3145	0.2577
1.913	2.429	0.2589
1.837	-2.712	0.2819
1.832	2.155	0.3223
1.887	1.582	0.2702
1.868	1.504	0.2759
1.878	2.968	0.2908
1.761	-0.2591	0.2641
1.768	-2.891	0.2382
1.805	2.187	0.3152
1.758	1.883	0.286
1.751	-0.9085	0.2869
1.76	0.09415	0.3098
1.784	-4.47	0.2938
1.843	2.737	0.3345
1.846	-0.2355	0.3317
1.86	2.342	0.3085
1.822	3.247	0.3239
1.798	2.523	0.3285
1.789	1.573	0.3196
1.766	2.556	0.3175
1.757	3.616	0.3107
1.8	-3.757	0.3055
1.789	1.073	0.3277
1.756	3.126	0.3112
1.782	3.476	0.3196
1.873	-0.9612	0.3382
1.859	2.276	0.3096
1.845	3.059	0.3482
1.862	0.7966	0.3474
1.888	3.516	0.3545
1.898	3.162	0.3577
1.9	3.399	0.347
1.875	2.407	0.3614
1.901	2.775	0.3564
1.806	2.706	0.3412
1.851	2.336	0.3584
1.858	1.825	0.3613
1.863	-0.3265	0.3489
1.89	2.017	0.3546
1.789	-2.821	0.313
1.778	1.345	0.3327
1.817	0.792	0.3049
1.789	0.9236	0.2921
1.799	2.385	0.2946
1.838	-0.7115	0.3317
1.905	0.1894	0.3226
1.802	0.1294	0.3344
1.792	0.07076	0.3121
1.863	1.817	0.2867
1.943	-1.173	0.2907
1.931	-2.904	0.2986
2.021	1.708	0.2812
1.946	2.32	0.2773
1.789	-4.6	0.2691
1.741	1.811	0.2859
1.813	1.999	0.2863
2.082	1.258	0.3001
2.088	1.749	0.3007
2.001	1.355	0.2955
1.849	2.03	0.2883
1.843	1.854	0.2858
1.956	2.21	0.3268
1.999	-0.04252	0.3506
2.106	1.87	0.312
1.902	0.3992	0.3447
1.911	2.441	0.3547
1.939	1.702	0.3605
1.99	-0.1233	0.3196
1.919	1.185	0.2985
1.797	1.538	0.2871
2.038	1.749	0.3069
2.016	1.739	0.3079
1.957	-1.277	0.3058
1.766	-0.9713	0.2819
1.865	1.687	0.2939
1.767	-3.433	0.2769
1.715	2.627	0.2945
1.711	1.564	0.2608
1.703	2.809	0.3028
1.944	1.7	0.3047
2.071	-0.6579	0.2845
1.766	-0.9821	0.09388
1.705	0.2677	0.1846
1.252	-1.006	-0.0302
1.406	1.801	0.02946
1.722	-0.2473	0.1335
1.803	-1.265	0.1914
1.892	0.7232	0.2247
2.028	1.621	0.2713
2.043	1.8	0.2941
1.979	0.9463	0.2474
1.942	0.768	0.2469
1.958	-0.4623	0.2638
1.964	1.729	0.3081
1.895	-3.226	0.2792
1.908	-1.44	0.3013
1.888	-1.446	0.3273
1.902	2.752	0.3378
1.2	-1.251	-0.07138
1.342	-0.05316	-0.01185
1.328	2.249	-0.05232
1.65	-1.144	0.01885
1.551	-1.315	0.008313
1.729	-3	0.122
1.9	-5.099	0.2033
1.677	-3.111	0.08872
1.797	-5.532	0.2251
1.771	-0.2817	0.1399
1.732	-1.379	0.2099
1.782	-6.422	0.2538
1.794	-4.16	0.2791
1.842	3.556	0.2751
1.897	0.9203	0.2273
1.9	0.4163	0.2589
1.857	0.6971	0.1865
1.868	3.648	0.2544
1.871	3.195	0.2811
1.842	2.917	0.2901
1.853	4.02	0.3024
1.862	2.701	0.3269
1.095	-0.618	-0.08992
0.855	-0.3692	-0.06531
0.99	-0.1479	-0.08015
1.072	2.185	-0.07283
1.055	1.074	-0.0458
0.8546	-0.5285	-0.0393
0.7621	-0.5507	-0.05188
1.345	-0.2734	-0.01848
0.7543	-0.5529	-0.02301
0.7849	-0.4873	-0.001942
0.8755	0.002476	-0.02836
1.275	0.8966	-0.005082
0.7311	-0.4598	-0.0465
0.7845	-0.3918	-0.01435
0.9516	-0.05133	0.0247
1.364	3.209	0.09534
1.278	2.362	0.09247
1.543	-0.4041	0.1354
