1.544	0.6953	0.07771
1.791	-1.166	0.1958
1.728	-2.716	0.1904
2.078	1.396	0.2491
1.896	-2.279	0.1711
1.744	-0.1296	0.2437
2.053	1.054	0.2756
2.114	0.7842	0.2926
1.938	0.6937	0.1798
1.779	2.978	0.196
1.401	-1.125	-0.07822
1.917	1.093	0.2804
1.598	-3.675	0.1962
1.929	-4.749	0.2559
1.826	-4.256	0.2325
1.813	-0.2385	0.1833
1.603	-2.166	0.1338
1.616	0.3955	0.1028
1.892	2.22	0.1824
1.736	-1.67	0.2327
1.305	-0.2164	-0.04057
1.973	-0.5597	0.233
1.797	1.142	0.1727
1.742	0.9225	0.1755
1.964	-0.16	0.2482
1.981	-1.921	0.2027
1.957	1.853	0.2122
2.322	2.545	0.2485
2.24	-2.456	0.2295
2.028	2.302	0.2395
1.882	-4.955	0.1944
1.816	1.953	0.2354
1.834	-3.642	0.1611
1.93	-1.068	0.1879
1.278	-0.331	-0.02099
1.874	-3.434	0.2591
2.16	1.879	0.3383
2.19	-2.007	0.2365
2.268	1.343	0.2916
2.216	1.057	0.3326
2.047	-3.529	0.2376
1.508	-1.253	0.04617
1.639	-2.36	0.1575
1.703	-2.222	0.2236
1.738	-5.084	0.1886
1.865	2.769	0.2525
1.925	-0.4812	0.2757
1.88	2.712	0.2643
1.941	2.827	0.278
1.98	-2.021	0.2517
1.992	0.8485	0.2687
1.77	-3.727	0.1713
1.697	0.1527	0.1456
1.803	-0.4238	0.2244
1.756	2.778	0.1794
1.754	-3.302	0.164
1.58	-3.662	0.1643
1.857	2.024	0.2356
1.817	3.005	0.1626
1.892	1.386	0.2741
1.691	-0.3758	0.204
1.614	-1.648	0.08701
1.717	3.549	-0.006795
1.498	-0.7836	-0.003683
1.777	3.274	-0.02613
1.78	2.468	0.2657
1.581	2.465	0.2044
1.607	-0.242	0.1387
1.277	-0.3758	-0.007753
1.548	1.053	0.1148
1.473	2.04	0.0985
1.336	0.31	-0.0877
1.86	0.2426	0.2169
1.751	-2.715	0.1562
1.899	2.453	0.2626
1.944	2.973	0.2714
1.859	3.001	0.2106
1.859	-0.01102	0.1787
1.769	1.27	0.1645
1.833	1.321	0.1714
1.851	1.29	0.1673
1.906	1.386	0.2022
1.775	2.943	0.1802
1.726	0.5592	0.1936
1.837	1.088	0.184
1.929	-2.563	0.202
1.776	1.701	0.2286
1.746	-0.9088	0.2069
1.833	2.363	0.2152
1.906	-0.3128	0.2103
1.812	-3.296	0.2241
2.019	2.442	0.2304
1.89	-1.158	0.1857
1.918	0.6457	0.2458
1.914	-0.2679	0.2455
2.083	2.155	0.2503
2.21	1.867	0.2194
1.865	1.392	0.1954
2.301	-2.017	0.2488
2.506	1.01	0.2377
2.312	1.318	0.2501
2.125	-3.56	0.2683
2.147	-1.146	0.2659
1.938	-2.083	0.1801
1.822	-2.266	0.2077
2.072	2.4	0.2717
2.114	1.562	0.2362
1.886	4.314	0.1649
1.904	-3.338	0.1702
1.901	3.177	0.184
1.941	-1.046	0.2287
1.843	1.077	0.1941
1.878	0.1315	0.2308
1.861	-2.421	0.2299
1.936	1.386	0.2195
1.787	2.101	0.1893
1.961	0.3526	0.1929
1.926	-0.2876	0.2216
1.86	0.8862	0.1839
1.576	0.05052	0.1088
1.61	0.8722	0.06665
1.201	-0.4607	-0.03925
1.896	-4.314	0.1787
1.831	-2.041	0.1608
1.733	-0.2224	0.1105
1.821	0.6077	0.1806
1.599	1.586	0.08211
1.976	2.415	0.2358
1.835	-4.704	0.2332
2.01	-0.6502	0.2272
2.006	3.09	0.2654
1.946	1.611	0.2867
1.982	3.579	0.2465
1.912	-5.581	0.2606
2.059	-2.556	0.3136
2.057	1.826	0.3044
2.352	1.379	0.2869
2.149	2.321	0.3174
2.331	3.327	0.2578
2.134	-1.172	0.3258
2.154	2.24	0.3183
2.118	2.115	0.2997
2.219	1.283	0.2704
2.218	2.643	0.2676
1.925	0.3819	0.3034
2.011	-0.7706	0.2843
2.131	-0.4653	0.3042
2.25	-0.2589	0.3047
2.276	2.901	0.2724
1.956	1.333	0.3005
1.732	-0.1908	0.1015
1.926	1.733	0.1977
2.115	2.237	0.3017
2.109	2.447	0.2767
1.468	0.5477	-0.02856
1.941	0.4174	0.1759
1.764	-2.582	0.1797
1.965	2.99	0.2276
2.196	0.9282	0.2268
1.223	-0.1356	-0.08808
1.147	-0.5212	-0.0956
1.231	-0.0993	-0.0127
1.705	-5.187	0.1665
1.696	-3.633	0.1668
1.727	-3.768	0.1907
1.591	-2.324	0.1661
1.639	-3.884	0.2116
1.649	-2.865	0.1774
1.701	-3.436	0.1859
1.773	-0.8333	0.2312
1.783	-5.821	0.2024
1.713	1.695	0.2322
1.867	3.004	0.2598
1.726	1.083	0.2432
1.916	0.006681	0.27
1.919	0.6785	0.2811
1.933	-0.6439	0.2713
1.942	-0.6654	0.2686
1.925	-2.581	0.2645
1.947	0.7569	0.2646
1.829	0.3196	0.2616
1.873	-1.431	0.2642
1.77	1.06	0.2527
1.919	2.83	0.274
1.957	2.23	0.2635
1.952	2.401	0.2754
1.889	-2.396	0.2625
1.953	-3.731	0.2519
1.977	3.33	0.2633
2.007	2.49	0.2623
2.036	-0.04629	0.2512
2.064	3.93	0.2583
1.727	-2.752	0.1819
1.711	-4.302	0.1565
1.811	-4.774	0.1696
1.802	-4.817	0.16
1.765	-2.476	0.1528
1.646	-0.7127	0.1498
1.556	-1.713	0.1534
1.819	3.384	0.205
1.791	3.187	0.2005
1.797	-0.6067	0.1802
1.768	0.2601	0.2354
1.746	-1.137	0.2197
1.777	0.1715	0.2138
1.745	1.731	0.1743
1.607	-2.631	0.1218
1.624	-1.317	0.125
1.59	-1.015	0.1427
1.573	-4.286	0.1799
1.749	-1.141	0.1486
1.624	-0.6409	0.1321
1.597	-2.728	0.1521
1.717	2.829	0.221
1.707	3.029	0.1991
1.713	3.347	0.2117
1.861	2.126	0.2443
1.912	0.4187	0.2658
1.912	0.717	0.2556
1.909	1.746	0.2851
1.7	2.984	0.1623
1.856	1.767	0.2143
1.91	1.401	0.2272
1.893	1.661	0.1723
1.89	1.538	0.2453
1.624	-1.84	0.1156
1.616	-1.314	0.09913
1.716	-0.166	0.2318
1.739	-0.702	0.1885
1.726	2.317	0.1332
1.638	0.6578	0.1531
1.637	-1.532	0.08781
1.761	3.443	0.08057
1.796	3.628	0.06135
1.736	3.376	0.09541
1.634	-0.1436	0.04623
1.62	-1.897	0.04505
1.76	3.362	-0.04141
1.821	2.745	0.07174
1.536	-0.6309	0.06009
1.633	-1.098	-0.01102
1.559	0.4117	-0.06867
1.43	-2.06	-0.08381
1.457	-5.319	-0.07625
1.755	0.4915	0.2599
1.696	1.779	0.2458
1.814	2.811	0.2594
1.683	0.9472	0.2251
1.699	3.62	0.2437
1.599	2.702	0.2204
1.515	-1.234	0.1681
1.675	-1.137	0.1867
1.597	0.1273	0.1246
1.639	-1.472	0.1781
1.588	0.3954	0.1018
1.395	-0.003552	0.03974
1.545	-0.8066	0.07918
1.5	-0.08074	0.05572
1.216	-0.4698	-0.03498
1.438	-0.02912	0.04395
1.514	2.49	0.1551
1.5	-1.214	0.1187
1.576	0.5369	0.1682
1.483	-0.6432	0.1075
1.392	-0.3932	0.03747
1.482	2.06	0.05948
1.297	0.01337	-0.06269
1.385	0.6431	0.01497
1.409	1.628	-0.03678
1.4	-0.9212	-0.09626
1.691	-1.199	0.146
1.603	0.5486	0.1196
1.811	0.1473	0.2354
1.756	-1.099	0.1921
1.802	0.6033	0.183
1.832	0.6666	0.1923
1.812	0.2571	0.1743
1.925	2.925	0.2776
1.867	1.709	0.2628
1.78	0.3174	0.2563
1.869	1.9	0.2787
1.976	0.8884	0.2771
1.985	-0.3372	0.2524
1.975	0.9888	0.2625
1.87	2.407	0.2204
1.816	2.244	0.1862
1.893	1.434	0.249
1.928	2.792	0.2474
1.944	0.504	0.2319
1.789	2.63	0.1778
1.764	2.973	0.1679
1.934	0.7383	0.2057
1.881	0.8015	0.1948
1.833	0.5575	0.1724
1.853	-2.099	0.1698
1.838	0.8265	0.1674
1.868	0.17	0.168
1.911	-2.961	0.1721
1.923	0.4066	0.1991
1.861	0.5443	0.1779
1.83	1.092	0.1632
1.795	-0.1813	0.1664
1.814	-0.4912	0.1671
1.929	2.372	0.2319
1.954	1.485	0.2189
1.837	1.649	0.2381
1.852	1.951	0.2173
1.822	2.638	0.1984
1.838	1.365	0.1745
1.742	1.77	0.1747
1.897	1.35	0.1857
1.841	2.184	0.1862
1.795	-0.09186	0.1832
1.742	2.603	0.1819
1.706	3.091	0.1825
1.776	0.4418	0.1787
1.748	-0.2672	0.1866
1.735	-0.4119	0.1995
1.915	-2.98	0.1798
1.917	-3.386	0.1849
1.754	0.8721	0.1787
1.838	1.248	0.1767
1.897	0.2636	0.1894
1.836	-1.726	0.1898
1.953	1.655	0.2023
1.718	1.137	0.2032
1.7	2.047	0.1861
1.737	-1.652	0.2082
1.742	2.601	0.2144
1.769	1.984	0.2234
1.858	2.968	0.2465
1.86	2.641	0.2313
1.785	-2.744	0.1897
1.834	2.231	0.204
1.759	-1.391	0.1866
1.813	2.426	0.206
1.899	-0.4619	0.2308
1.827	-0.01786	0.2219
1.826	2.69	0.219
1.954	0.006743	0.2317
1.891	-3.806	0.2224
1.833	-4.112	0.2116
1.816	0.4403	0.1977
1.8	0.187	0.2077
1.917	3.48	0.1916
1.801	3.342	0.1871
2.012	3.235	0.2475
2.009	2.986	0.2166
1.981	1.501	0.2
1.978	3.086	0.2146
1.933	1.016	0.2004
1.85	0.7689	0.2411
1.952	3.193	0.2555
1.765	-1.09	0.2158
1.811	-2.44	0.219
1.874	-1.026	0.2294
1.979	3.216	0.2373
1.94	0.74	0.23
1.989	2.391	0.2532
1.97	2.371	0.2471
1.885	-1.018	0.2458
1.924	-2.636	0.2487
1.994	-0.3839	0.2357
1.89	-3.466	0.2565
2.012	-0.03062	0.2597
2.114	3.751	0.2495
1.886	-1.022	0.1886
1.788	2.898	0.1936
1.963	2.996	0.2113
1.957	-1.658	0.2022
1.969	-4.142	0.2044
2.308	-1.467	0.2226
2.058	-4.899	0.2116
2.486	1.475	0.2399
2.213	2.194	0.2261
2.109	-0.1507	0.2478
2.355	2.295	0.2436
2.396	-0.2856	0.2437
2.363	-1.85	0.2484
2.419	-0.7155	0.2464
2.442	-0.8109	0.2377
2.33	-2.326	0.2433
2.457	1.367	0.2288
2.491	1.697	0.2432
2.274	2.252	0.2519
2.224	0.302	0.2584
2.212	1.337	0.252
2.189	0.1289	0.2584
2.2	-0.1679	0.2573
2.14	-2.924	0.2647
2.072	0.1605	0.2771
2.08	0.3291	0.2702
1.807	2.67	0.1995
1.781	1.294	0.2045
2.107	1.767	0.2147
2.001	-1.779	0.1937
1.859	2.803	0.1954
1.852	2.705	0.1824
1.867	-3.982	0.2006
2.158	1.442	0.2602
2.167	0.8619	0.2358
2.054	1.268	0.2709
2.114	1.666	0.2697
2.088	2.764	0.2641
2.038	1.794	0.2675
2.046	2.251	0.2387
1.889	1.228	0.1705
1.87	0.6923	0.1734
2.035	0.7567	0.2083
1.963	0.5702	0.197
1.977	2.486	0.19
1.889	1.086	0.1686
1.888	1.388	0.1898
1.97	1.845	0.2004
1.901	1.015	0.1621
1.901	1.465	0.1662
1.912	1.23	0.1701
1.946	1.625	0.1809
1.918	-2.746	0.2005
1.867	1.294	0.1778
2.03	0.4149	0.2084
1.944	-1.446	0.2145
1.898	1.115	0.2193
1.872	-0.4595	0.235
1.81	0.4095	0.2146
1.832	-1.263	0.2288
1.929	1.028	0.2188
1.814	-4.352	0.2175
1.846	0.2874	0.224
1.872	1.67	0.2247
1.886	0.2221	0.2376
1.837	2.312	0.242
1.986	-1.314	0.2269
1.885	-2.852	0.2311
1.872	1.872	0.2152
1.868	2.912	0.2265
1.859	2.744	0.238
1.873	2.702	0.2094
1.917	1.884	0.2018
1.946	1.588	0.198
1.771	0.9579	0.1709
1.803	3.028	0.2117
1.768	2.376	0.1887
1.761	3.047	0.1698
1.777	1.705	0.1743
1.936	1.231	0.2304
1.838	2.183	0.2313
1.939	0.6261	0.1861
1.962	-1.547	0.2101
1.983	1.045	0.2135
1.943	-0.6037	0.1883
1.887	-0.9712	0.1995
1.812	1.031	0.1912
1.802	0.6548	0.1781
1.835	0.8199	0.2112
1.926	-0.6826	0.2011
1.8	-3.705	0.1759
1.789	-0.7365	0.1679
1.682	-1.492	0.1324
1.712	-3.579	0.1525
1.666	-2.239	0.1342
1.558	0.553	0.08842
1.47	0.6086	0.04553
1.37	0.05898	0.02717
1.736	-1.701	0.1209
1.569	0.5806	0.07528
1.395	0.2694	0.007607
1.378	0.02076	0.007916
1.191	-0.5106	-0.0494
1.899	-1.83	0.1743
1.836	-2.501	0.1539
1.91	1.864	0.1752
1.902	0.9263	0.1769
1.883	-4.819	0.1752
1.905	1.08	0.1887
1.855	0.009358	0.1691
1.636	0.3274	0.08367
1.469	0.1187	0.04017
1.741	0.7659	0.1272
1.792	-0.186	0.1408
1.858	0.01407	0.1569
1.616	0.3481	0.08558
1.385	-0.03738	0.01579
1.942	-2.221	0.1888
1.8	0.5719	0.1463
1.719	0.7152	0.136
1.79	1.475	0.1777
1.743	1.67	0.1515
1.838	0.7832	0.2065
1.815	-3.54	0.2168
1.996	-1.328	0.2202
1.934	1.851	0.2125
1.878	0.6287	0.2288
1.903	-1.095	0.2457
1.848	-4.748	0.2429
1.943	1.73	0.2024
1.975	-0.9259	0.2108
1.908	-4.273	0.1768
1.964	1.895	0.2064
2.033	0.2351	0.2371
1.987	2.938	0.254
1.911	-3.158	0.2588
2.021	0.3799	0.2412
2.042	1.335	0.2566
2.047	2.473	0.265
1.94	-2.691	0.2696
1.911	0.4322	0.2787
2.014	2.916	0.2707
1.979	1.123	0.2716
1.995	2.521	0.2817
1.881	0.01703	0.2415
1.836	-2.113	0.2324
1.923	2.629	0.2549
1.881	2.65	0.2415
1.968	-1.459	0.245
2.094	-2.579	0.2481
2.009	-3.244	0.2536
1.991	4.203	0.2995
1.967	2.261	0.2836
2.042	0.8566	0.2937
2.024	1.974	0.3022
2.074	0.361	0.3162
2.1	2.438	0.3248
2.151	2.289	0.3289
2.133	2.314	0.2659
2.195	-1.051	0.2551
2.081	0.471	0.2757
2.286	2.561	0.3029
2.264	2.827	0.3234
2.385	-0.7941	0.2652
2.338	1.781	0.2424
2.154	2.764	0.3353
2.296	0.902	0.3072
2.227	3.219	0.2821
2.135	1.938	0.2966
2.142	1.836	0.2777
2.132	2.141	0.3208
2.124	2.042	0.3082
2.142	0.912	0.3351
2.13	1.695	0.3358
2.134	2.083	0.3267
2.182	-0.1031	0.3069
2.219	1.124	0.3115
2.082	-0.8113	0.3132
2.109	2.161	0.3267
2.067	-2.894	0.2919
2.126	-0.6405	0.2827
2.182	1.802	0.2678
2.166	-2.102	0.2951
2.254	2.612	0.2819
2.117	-1.074	0.3131
2.161	0.5299	0.2797
2.272	-1.334	0.255
2.279	-1.561	0.2695
2.285	-0.7152	0.279
2.292	-1.733	0.2568
2.237	-3.63	0.2578
2.08	-4.549	0.2529
1.902	1.256	0.2927
1.904	1.642	0.2849
2.086	0.6384	0.3249
2.2	1.217	0.3207
1.971	-0.2684	0.2979
1.947	3.894	0.2715
1.944	3.878	0.2608
2.146	1.905	0.3149
2.147	2.361	0.3088
2.247	-2.322	0.3154
2.113	0.6771	0.3024
2.179	3.327	0.3095
2.223	1.178	0.311
2.265	1.437	0.2988
2.222	1.897	0.2728
2.025	1.471	0.2564
2.285	0.4754	0.3077
2.32	1.131	0.2957
2.305	1.136	0.287
2.045	-0.3166	0.2583
2.241	2.916	0.2713
2.044	-3.637	0.2574
1.898	0.8871	0.2981
1.892	1.254	0.2573
1.898	0.4589	0.29
1.924	-0.121	0.3142
2.168	2.11	0.3316
1.867	2.525	0.08514
1.889	2.143	0.1905
1.436	-3.519	-0.01573
1.677	1.019	0.02324
1.852	0.8857	0.1371
1.966	-1.71	0.1955
1.988	1.176	0.2325
2.129	-0.08553	0.3093
2.173	-0.1835	0.325
1.962	2.3	0.2652
2.076	1.631	0.2699
2.098	1.923	0.2675
2.129	2.486	0.3023
2.107	-1.22	0.26
2.122	1.533	0.2825
2.111	-1.28	0.2941
2.102	1.804	0.2871
1.419	-1.446	-0.05601
1.592	-0.6417	0.05285
1.478	1.062	-0.01592
1.755	-0.6487	0.1114
1.732	-0.8108	0.07435
1.868	-2.925	0.1519
1.964	-3.465	0.213
1.636	-1.481	0.1242
1.862	-2.775	0.2221
1.8	-0.9699	0.1733
1.776	-1.277	0.1934
1.854	-5.953	0.2464
1.924	-2.086	0.2574
2.034	3.093	0.2385
2.074	0.9068	0.2203
2.099	-0.6342	0.2389
1.97	1.732	0.2031
2.097	0.7546	0.2209
2.189	3.593	0.2246
2.158	1.657	0.2519
2.287	-1.729	0.2391
2.211	2.635	0.2642
1.376	-0.9722	-0.07804
1.235	-0.2009	-0.09382
1.288	-0.04972	-0.09272
1.348	1.351	-0.06853
1.299	0.7254	-0.04557
1.152	-0.5599	-0.08124
1.171	-0.4836	-0.09804
1.183	-0.5576	-0.03053
1.134	-0.5928	-0.07822
1.176	-0.4702	-0.06402
1.212	-0.158	-0.0711
1.372	1.131	0.008043
1.175	-0.3793	-0.09349
1.177	-0.3736	-0.06599
1.228	-0.2974	-0.026
1.478	-0.5498	0.08044
1.389	1.348	0.0385
1.609	0.4349	0.1239
1.601	0.541	0.06359
1.807	-0.9693	0.1866
1.733	-2.361	0.1839
2.017	0.8002	0.2441
1.939	-1.274	0.1811
1.951	1.436	0.2626
2.105	1.238	0.2508
2.376	-2.202	0.2683
2.137	0.9162	0.1547
1.841	2.726	0.2109
1.347	-2.487	-0.05602
1.946	2.677	0.1939
1.611	-3.075	0.1898
1.843	-3.971	0.2299
1.69	-4.972	0.2168
1.895	1.409	0.1699
1.644	-1.49	0.1245
1.654	0.4493	0.1564
1.92	4.4	0.1812
1.965	-0.2	0.1833
1.273	1.055	-0.01727
2.004	0.628	0.1826
1.851	0.7715	0.1691
2.004	0.8306	0.1826
1.858	-0.07572	0.2533
2.013	-0.5573	0.1903
1.817	1.083	0.2089
2.394	1.747	0.2394
1.954	1.318	0.2206
2.126	2.464	0.2268
1.909	-3.272	0.1765
1.996	2.859	0.2028
1.959	-4.439	0.1493
1.948	-1.149	0.1676
0.9348	-0.2335	-0.003855
1.837	-2.442	0.254
2.219	1.77	0.3053
2.251	-2.128	0.2428
2.177	0.873	0.2823
2.157	2.204	0.3085
2.21	-2.892	0.2374
1.575	-1.36	0.002013
1.639	-2.335	0.1684
1.657	-1.594	0.2097
1.673	-4.913	0.1764
1.849	2.108	0.1942
1.881	1.525	0.2088
1.829	2.964	0.2152
1.843	3.463	0.2444
1.946	-1.169	0.2385
1.899	2.936	0.2536
1.82	-5.852	0.1716
1.709	-0.1422	0.165
1.95	0.3996	0.2112
1.844	0.8965	0.1953
1.795	-4.224	0.1647
1.624	-3.92	0.1671
1.888	1.452	0.1798
1.837	2.719	0.142
1.97	0.657	0.211
1.89	-0.1805	0.2298
1.663	-1.626	0.1271
1.609	-1.872	0.03207
1.53	-2.113	0.06049
1.569	1.518	0.03949
2.022	1.987	0.2397
1.887	1.848	0.2063
1.791	-0.6072	0.1217
1.228	-0.1677	0.004624
1.73	-2.394	0.1138
1.661	0.8667	0.1192
1.173	-0.422	-0.04973
1.914	-0.3522	0.164
1.858	-3.875	0.1333
2.034	1.275	0.2607
2	1.871	0.1852
1.889	2.162	0.1453
1.879	0.4932	0.1445
1.82	1.442	0.1728
2.026	1.775	0.1737
1.958	1.068	0.1789
2.076	2.095	0.2053
1.977	3.095	0.1759
1.948	1.133	0.1862
2.047	-1.251	0.2018
2.021	-2.359	0.2028
1.797	1.6	0.2197
2.029	-1.021	0.2225
1.906	2.697	0.2175
1.837	0.2019	0.2338
1.844	-2.629	0.212
1.792	2.959	0.2274
1.82	-2.551	0.1971
1.709	-0.8489	0.2196
1.672	-1.993	0.2343
2.018	2.494	0.2411
1.977	0.842	0.2063
1.838	0.2908	0.1981
2.169	1.753	0.2376
2.33	1.266	0.2254
2.198	1.766	0.2384
2.207	-4.54	0.2506
2.089	0.1178	0.2512
1.883	-2.919	0.1816
1.855	-0.5121	0.2062
2.037	2.672	0.2548
2.004	2.098	0.2182
1.944	5.226	0.1589
2.066	-2.573	0.1534
2.058	4.726	0.1558
1.958	-0.04126	0.1998
1.926	1.227	0.2061
1.882	1.23	0.1928
1.954	2.187	0.1917
2.154	1.479	0.1899
1.931	1.572	0.1936
2.112	-3.969	0.1702
2.071	0.5798	0.1947
1.923	-0.01955	0.1615
1.535	-0.1252	0.09996
1.458	-0.2824	0.07875
1.133	0.02232	0.001944
1.998	-3.039	0.157
1.854	-0.882	0.1464
1.519	-0.7012	0.09044
1.818	0.2662	0.1589
1.467	1.491	0.05648
2.014	2.627	0.2191
1.815	-4.549	0.2291
2.135	0.5475	0.2135
1.999	2.945	0.2494
1.953	3.452	0.2644
1.888	4.258	0.2326
1.907	-5.925	0.2491
2.095	-0.7889	0.2886
2.087	3.003	0.2862
2.431	1.786	0.2561
2.392	2.66	0.2734
2.655	3.199	0.2608
2.18	0.1956	0.2856
2.23	1.423	0.2856
2.243	-1.653	0.2725
2.287	0.8548	0.2528
2.084	0.5622	0.2515
1.937	-5.055	0.245
2.093	-1.336	0.2666
2.214	0.4013	0.3004
2.135	-1.191	0.3007
2.129	1.173	0.2642
2.103	0.06489	0.2628
1.826	0.852	0.1013
2.137	-0.02534	0.2111
2.214	1.445	0.3006
2.382	2.079	0.2663
1.379	0.3147	-0.04007
2.133	-0.2793	0.1492
1.776	-1.75	0.1614
2.146	3.541	0.2264
2.458	0.624	0.2439
0.8662	0.231	-0.07149
0.7808	-0.442	-0.05463
0.9987	0.2103	-0.006022
1.687	-5.372	0.1718
1.661	-4.342	0.1662
1.698	-3.804	0.1843
1.582	-2.955	0.1682
1.626	-2.398	0.2011
1.599	-2.869	0.1709
1.635	-3.018	0.1725
1.685	-2.405	0.2157
1.663	-6.236	0.1808
1.725	2.494	0.2024
1.832	2.722	0.2046
1.74	1.811	0.2154
1.903	-2.326	0.1938
1.922	2.719	0.2005
1.871	-3.035	0.1997
1.837	-2.517	0.2083
1.841	-1.774	0.2207
1.823	-1.54	0.2175
1.762	-0.05958	0.2411
1.766	-0.1615	0.2478
1.756	1.032	0.2291
1.832	3.308	0.2316
1.837	-0.6789	0.2265
1.868	3.07	0.2505
1.785	-0.8443	0.2484
1.887	-4.29	0.2341
1.899	1.919	0.235
1.964	2.686	0.2433
1.997	0.6002	0.2432
2.01	2.609	0.2479
1.758	-3.445	0.1775
1.709	-3.492	0.1687
1.858	-4.052	0.1691
1.819	-3.484	0.165
1.777	-2.458	0.1675
1.654	-1.175	0.1684
1.585	-2.781	0.1641
1.928	2.533	0.1788
1.889	2.357	0.1845
1.85	-3.11	0.1685
1.944	0.3694	0.2448
1.897	-1.667	0.2284
1.884	0.04795	0.2108
1.832	2.042	0.1776
1.701	-2.011	0.1499
1.663	-1.48	0.1421
1.621	-2.23	0.1586
1.611	-3.829	0.1777
1.764	-1.289	0.1592
1.653	-1.316	0.1485
1.637	-4.022	0.1501
1.739	2.721	0.1921
1.758	2.777	0.1684
1.744	2.341	0.1809
1.873	1.807	0.188
1.93	-0.1482	0.1882
1.948	2.082	0.1821
1.965	2.091	0.1977
1.74	2.535	0.1344
1.883	1.919	0.1689
1.938	1.651	0.1787
1.886	2.921	0.1568
1.97	0.7173	0.2073
1.796	1.893	0.1618
1.632	-3.871	0.11
1.93	0.5389	0.2516
1.853	-2.178	0.2133
1.786	-1.589	0.1788
1.796	0.08522	0.1967
1.7	1.087	0.1519
1.687	1.298	0.08751
1.716	3.406	0.09506
1.658	-1.542	0.09071
1.618	-3.347	0.08285
1.657	0.2859	0.1156
1.581	-0.6165	0.01516
1.699	3.553	0.1099
1.605	-1.062	0.1131
1.569	-1.189	0.06021
1.474	-2.999	0.00376
1.357	-1.069	-0.03054
1.43	0.5363	-0.01792
1.979	2.218	0.2671
1.954	2.75	0.2492
2.017	3.321	0.2073
1.941	0.4453	0.2001
1.972	2.961	0.2237
1.893	3.096	0.2319
1.794	2.305	0.1989
1.885	-2.339	0.1577
1.77	-0.9584	0.1155
1.875	0.3783	0.1629
1.675	0.06068	0.08551
1.576	0.9006	0.03854
1.666	-1.635	0.07019
1.6	0.009687	0.05937
1.174	-0.1403	-0.01316
1.529	-0.6252	0.0568
1.793	1.804	0.1708
1.697	1.371	0.1578
1.841	0.7618	0.168
1.695	0.4008	0.1145
1.407	-2.775	0.04726
1.585	2.807	0.09787
1.206	1.143	-0.03117
1.433	-0.1671	0.04153
1.431	1.875	0.002999
1.249	-1.746	-0.07391
1.836	-1.281	0.1255
1.676	-0.4715	0.09776
1.953	-1.539	0.1725
1.893	-2.016	0.1567
1.885	-1.149	0.154
1.869	1.11	0.16
1.877	-0.4515	0.1593
2.042	1.656	0.2091
1.999	2.1	0.1856
1.99	2.214	0.2746
2.041	1.229	0.2547
2.043	1.312	0.2176
2.049	0.1807	0.226
1.993	1.563	0.1854
1.909	2.062	0.157
1.841	2.394	0.1549
1.964	2.466	0.1689
1.957	1.61	0.1607
1.933	1.891	0.1528
1.798	2.486	0.1482
1.819	2.306	0.171
1.919	0.907	0.1517
1.87	1.08	0.1396
1.822	1.52	0.1501
1.885	-0.4131	0.1588
1.877	0.6443	0.1772
1.899	-0.1562	0.1591
1.956	-1.269	0.1757
2.013	0.3801	0.1793
1.936	-0.1002	0.1578
1.969	0.5332	0.1696
2.013	0.2195	0.1766
1.984	-0.03634	0.1817
2.056	2.464	0.2457
2.074	0.8511	0.2138
2.006	2.019	0.2565
2.023	1.963	0.2058
1.992	2.574	0.1809
2.045	1.093	0.1785
2.013	1.476	0.1783
2.076	0.8388	0.1883
2.039	0.3772	0.1815
1.945	1.714	0.1736
1.967	1.889	0.1771
2.01	1.827	0.1823
1.91	0.6804	0.1738
1.898	-1.714	0.1775
1.812	-0.1761	0.1885
2.001	1.376	0.1934
1.996	-3.384	0.1969
2.012	-3.803	0.1935
1.995	2.399	0.1932
2.044	1.126	0.203
2.056	0.8866	0.1985
2.031	-0.2679	0.1959
1.995	2.408	0.2029
2.031	1.512	0.1936
1.758	-1.216	0.1985
1.874	3.055	0.2063
1.93	2.688	0.2276
1.851	3.186	0.2457
1.934	2.058	0.2433
2.045	-1.057	0.2053
1.972	1.017	0.1977
2.049	-1.489	0.2069
2.004	1.523	0.2238
1.885	1.585	0.2416
1.855	0.884	0.2152
1.892	2.404	0.1963
1.842	-1.142	0.2483
1.843	-2.358	0.2344
1.831	-4.299	0.2235
1.84	0.4627	0.217
1.842	-1.658	0.2149
1.84	3.75	0.2131
1.835	3.638	0.205
1.839	3.004	0.2524
1.843	3.333	0.2358
1.808	0.2674	0.2067
1.754	3.278	0.2081
1.813	1.334	0.1983
1.744	0.6408	0.2254
1.8	3.802	0.244
1.713	-1.882	0.2011
1.686	-1.079	0.1947
1.671	-2.534	0.2037
1.694	1.349	0.2198
1.733	0.7733	0.2235
1.754	1.644	0.2368
1.663	-0.2777	0.2225
1.683	-5.062	0.2293
1.796	-1.058	0.244
1.918	3.165	0.2327
1.766	-1.707	0.2484
1.913	2.96	0.2504
2.033	1.916	0.2438
1.832	-1.174	0.1953
1.835	3.534	0.2055
1.908	2.752	0.2042
1.846	-1.645	0.1923
1.859	-5.075	0.194
1.935	-1.413	0.2121
1.886	-3.006	0.1948
2.136	2.544	0.2283
2.11	0.6925	0.2181
2.069	-3.611	0.2417
2.079	-0.5252	0.2361
2.22	3.143	0.2324
2.32	-0.1259	0.2336
2.39	1.163	0.2317
2.124	-0.4615	0.2262
2.06	-0.07696	0.2321
2.172	0.01948	0.2172
2.309	1.496	0.2307
2.34	1.461	0.2396
2.149	2.001	0.2465
2.016	1.977	0.2391
2.321	-0.9543	0.2462
2.238	0.3197	0.244
2.157	-2.818	0.2481
2.133	0.1454	0.2512
2.102	-0.4861	0.2493
1.837	3.302	0.206
1.844	2.521	0.2107
1.916	1.467	0.1927
1.872	-4.628	0.1942
1.832	3.15	0.1976
1.841	3.528	0.1826
1.873	-2.029	0.1912
2.017	2.043	0.2439
1.969	1.944	0.2192
2.081	1.951	0.2503
2.051	-1.722	0.2531
2.045	0.907	0.247
2.03	3.058	0.2531
2.063	2.333	0.2219
1.905	0.5363	0.1702
1.898	3.183	0.1664
1.945	1.467	0.1905
1.972	0.01124	0.1843
2.093	1.35	0.18
1.998	0.6607	0.1543
1.992	0.9116	0.1638
2.141	1.057	0.1868
2.056	0.3178	0.1486
2.066	-0.9734	0.1439
2.071	1.378	0.1459
2.134	1.347	0.1538
1.995	-3.485	0.2027
1.915	0.3913	0.1987
1.965	-0.6138	0.1939
2.027	-3.427	0.1978
1.977	1.197	0.2007
1.973	0.4045	0.2016
1.95	2.005	0.2017
1.871	0.8985	0.199
1.922	0.1225	0.189
1.856	-5.055	0.2075
1.872	-0.8763	0.1981
1.883	2.31	0.1921
1.948	0.8065	0.2026
1.996	2.118	0.2041
1.916	-2.717	0.1949
1.904	1.519	0.1918
1.947	1.742	0.1815
2.047	2.265	0.1914
2.074	2.726	0.2036
2.028	4.082	0.1759
2.115	2.051	0.1712
2.162	-0.739	0.1708
1.875	1.691	0.1962
1.975	2.839	0.1978
1.911	2.821	0.2041
1.859	3.133	0.1913
1.884	1.226	0.1844
2.109	-0.0309	0.2014
2.035	2.249	0.2009
2.118	0.3491	0.165
2.181	1.275	0.1836
2.132	1.498	0.19
2.032	-1.882	0.1688
2.005	-2.206	0.179
1.937	0.1347	0.1828
1.891	0.5947	0.1692
1.996	0.6112	0.1922
2	0.3362	0.1792
1.917	-3.586	0.1581
1.872	-2.491	0.1454
1.713	-0.02018	0.1272
1.816	-2.22	0.1348
1.782	-0.4859	0.1151
1.607	-0.4416	0.07744
1.395	0.51	0.05724
1.486	0.8336	0.03657
1.765	-0.3298	0.1163
1.481	-0.2631	0.08492
1.29	0.5941	0.03697
1.214	0.536	0.02994
0.8776	-0.3545	-0.01234
2.023	-3.082	0.1575
1.929	-3.869	0.1434
2.069	0.7366	0.1514
2.05	-1.287	0.1559
1.95	-3.251	0.1563
1.99	-0.8873	0.1673
1.835	0.4373	0.1496
1.538	-0.2554	0.08084
1.306	0.5616	0.0383
1.721	0.2322	0.1171
1.729	0.1009	0.1202
1.778	-0.2633	0.1338
1.456	0.7645	0.06266
1.163	0.1631	0.0156
1.953	-0.9924	0.1686
1.743	0.01113	0.1183
1.683	0.04193	0.1105
1.783	1.836	0.1622
1.704	1.401	0.126
1.854	-0.07835	0.1967
1.821	-2.585	0.2096
2.065	-1.601	0.1996
1.96	2.337	0.1941
1.872	0.02315	0.2186
1.881	-1.637	0.2333
1.806	-4.247	0.2395
2.055	0.6509	0.182
2.05	-1.886	0.1939
2.045	-3.46	0.157
2.114	1.86	0.1898
2.16	0.8828	0.2249
2.004	2.981	0.2372
1.893	-3.491	0.2434
2.127	-1.737	0.2253
2.125	0.5726	0.2429
2.083	3.029	0.2513
1.926	-3.216	0.2484
1.898	0.6487	0.2672
1.988	2.298	0.2552
1.97	-0.493	0.2486
2.048	2.525	0.2539
1.827	-0.9692	0.2349
1.843	-5.211	0.2237
1.828	2.245	0.2484
1.774	1.893	0.2345
1.86	0.527	0.2335
2.068	-3.202	0.2325
1.994	-3.532	0.2489
1.997	3.279	0.2831
1.921	3.135	0.2729
2.103	1.505	0.2632
2.015	3.108	0.2761
2.071	2.218	0.297
2.105	1.412	0.301
2.193	1.638	0.3
2.123	3.931	0.2404
2.295	-3.878	0.2424
1.979	1.627	0.2568
2.207	1.565	0.2704
2.38	3.55	0.2893
2.578	-2.601	0.2591
2.51	1.827	0.2522
2.342	3.229	0.2923
2.512	1.821	0.275
2.537	3.139	0.2635
2.384	3.33	0.2608
2.444	0.2708	0.2607
2.292	2.196	0.2741
2.317	2.469	0.275
2.21	1.707	0.2988
2.258	2.223	0.2859
2.188	1.778	0.2847
2.189	0.5493	0.2767
2.153	1.674	0.2915
2.176	0.897	0.286
2.187	-0.708	0.2991
2.185	-1.624	0.2661
2.279	1.038	0.2604
2.342	2.14	0.2521
2.23	-0.3538	0.266
2.224	3.728	0.2679
2.207	-1.757	0.281
2.274	0.9317	0.257
2.348	0.4331	0.2422
2.196	-3.589	0.2535
2.168	0.4437	0.2664
2.25	-1.202	0.2401
2.149	-0.8085	0.2417
2.03	-4.022	0.2423
1.936	2.26	0.2144
1.927	1.734	0.2202
2.098	0.7011	0.2852
2.118	1.02	0.2949
2.088	0.8716	0.258
1.95	2.736	0.2351
1.956	2.338	0.2421
2.211	1.623	0.3118
2.153	2.409	0.3048
2.149	-0.2835	0.3078
2.332	1.628	0.2814
2.193	2.631	0.2922
2.141	1.45	0.3008
2.143	0.975	0.2933
2.103	1.833	0.2637
1.959	1.935	0.2473
2.14	0.04988	0.2932
2.153	1.321	0.2871
2.164	1.634	0.2769
1.985	-0.04368	0.2485
2.089	2.625	0.257
1.992	-2.429	0.2465
1.951	2.914	0.2241
1.967	1.463	0.2304
1.952	2.716	0.2396
2.012	-0.8499	0.2584
2.148	1.449	0.2974
1.938	-2.316	0.1427
1.939	1.55	0.1976
1.508	1.348	0.003898
1.71	1.446	0.0876
2.019	0.1519	0.1642
2.116	-1.941	0.1817
2.166	1.929	0.2291
2.184	1.754	0.2924
2.184	1.419	0.3104
2.119	1.015	0.2541
2.191	1.314	0.265
2.245	0.8694	0.2722
2.229	1.908	0.3058
2.303	-2.133	0.263
2.263	0.7766	0.2857
2.273	1.605	0.2807
2.392	1.208	0.268
1.318	-2.534	-0.04943
1.657	0.2005	0.0341
1.44	0.4186	-0.03551
1.885	-1.434	0.06799
1.802	-1.392	0.04069
2.034	-2.931	0.1261
2.17	-4.464	0.2023
1.75	-1.905	0.09096
1.954	-3.933	0.207
1.945	-0.9675	0.1458
1.802	-1.058	0.1775
1.882	-5.747	0.2336
2.008	-1.945	0.249
2.186	2.773	0.2431
2.301	0.8342	0.2199
2.308	0.1749	0.2408
2.187	1.143	0.1908
2.311	2.122	0.2332
2.392	3.26	0.2432
2.448	1.771	0.2563
2.569	3.059	0.2538
2.548	2.629	0.2608
1.156	0.3877	-0.08132
0.9434	0.173	-0.06942
1.056	2.07	-0.07994
1.095	1.779	-0.0668
1.075	1.087	-0.04938
0.8491	-0.5328	-0.04408
0.852	-0.2826	-0.06283
1.178	-0.09819	-0.009857
0.7757	-0.654	-0.0421
0.7803	-0.4086	-0.0273
0.8537	0.05401	-0.04407
1.231	-0.01626	-0.009094
0.7796	-0.2086	-0.06456
0.7779	-0.3031	-0.03643
0.9073	-0.198	-0.009355
1.417	0.5741	0.05742
1.243	0.9944	0.02991
1.609	0.05943	0.09618
