1.627	-0.1304	0.04493
2.169	0.9443	0.1442
2.356	-0.3599	0.1097
2.088	-0.2842	0.1465
2.226	-1.354	0.0941
2.203	1.51	0.115
2.114	-0.8359	0.09842
1.468	0.6912	0.1425
2.319	1.155	0.1464
2.35	2.965	0.07599
1.578	-3.329	-0.1091
2.069	2.569	0.1429
2.086	-3.665	0.08824
1.891	-4.61	0.1633
2.405	-4.162	0.1506
2.096	0.8138	0.1046
1.8	-2.039	0.04872
2.026	-0.04217	0.06867
2.083	2.016	0.102
1.905	0.4543	0.1042
1.605	1.228	0.02421
2.35	3.363	0.1434
1.881	1.497	0.1096
2.013	-0.2973	0.1228
2.519	1.758	0.1021
2.207	0.9323	0.09408
2.303	2.059	0.1173
1.98	2.761	0.1249
2.664	-1.881	0.137
2.256	1.655	0.1332
2.321	-0.5984	0.07983
2.059	3.003	0.1127
2.106	-3.86	0.142
2.319	-0.533	0.1284
1.273	0.1172	-0.008188
1.989	-3.138	0.1179
1.936	3.623	0.149
2.128	-1.429	0.1461
1.845	0.05247	0.1424
1.83	3.253	0.1491
1.991	-3.934	0.1064
1.591	-2.102	-0.002608
2.318	-0.3891	0.08798
2.419	-2.691	0.1162
2.45	-3.793	0.1122
2.149	3.381	0.1195
1.948	-0.6281	0.1599
2.227	2.56	0.1289
2.307	3.174	0.1418
2.045	-1.925	0.1481
2.296	2.953	0.1455
2.328	-3.226	0.1145
2.13	-1	0.08991
2.215	1.499	0.1189
2.07	1.205	0.09726
2.036	-0.6602	0.07913
1.899	-3.989	0.07717
2.103	3.075	0.1176
2.028	3.563	0.06742
2.091	-1.095	0.1421
2.167	0.6584	0.0937
1.774	-1.712	0.02872
1.832	3.361	-0.02449
2.007	-3.68	0.02951
1.838	4.435	-0.08564
1.998	2.407	0.1042
1.891	3.46	0.08281
1.761	-1.437	0.09478
1.343	0.179	0.01998
1.85	0.5955	0.08813
1.859	1.692	0.08475
1.712	0.2109	0.009958
1.842	0.3464	0.1198
1.91	-5.443	0.1203
2.309	3.841	0.1286
2.061	3.147	0.1357
2.032	5.235	0.1326
2.156	-1.246	0.1217
2.041	2.336	0.1032
2.194	0.3989	0.1351
2.103	3.832	0.1068
2.162	1.575	0.1367
2.053	2.078	0.1189
2.258	3.325	0.1096
2.075	4.207	0.08395
2.239	-5.652	0.07749
2.341	2.106	0.1041
2.149	-0.3581	0.1046
2.154	3.368	0.1025
2.404	2.094	0.08758
2.491	-2.076	0.1143
2.352	2.423	0.1038
2.385	-5.311	0.09125
2.401	-1.374	0.1063
2.221	1.336	0.1252
2.196	3.807	0.1429
2.452	-2.198	0.1186
2.168	-4.024	0.07813
1.974	0.8901	0.1133
2.371	-2.681	0.1087
2.218	2.432	0.09609
2.128	-3.365	0.1183
2.218	-2	0.1015
2.391	-6.207	0.08583
2.749	0.8592	0.07368
2.186	0.3521	0.1231
2.417	0.4491	0.1398
2.181	4.383	0.07558
2.274	-0.3304	0.09181
2.21	3.3	0.1217
2.181	-0.7826	0.1064
2.171	2.907	0.08123
2.358	2.175	0.1245
2.359	1.649	0.1411
2.219	2.421	0.1525
1.958	2.401	0.09074
2.314	2.309	0.1687
2.106	0.05212	0.1254
2.034	0.6945	0.0972
1.773	0.4797	0.0846
1.975	1.364	0.07527
1.239	0.1274	-0.01313
2.335	-2.868	0.1281
2.349	-3.61	0.1457
1.992	-1.534	0.08769
2.256	-0.08354	0.122
1.918	1.927	0.07292
2.298	2.114	0.1335
2.018	-4.292	0.1473
2.382	-1.938	0.1369
2.287	2.198	0.127
2.052	4.175	0.1027
2.032	3.026	0.1318
2.157	-3.564	0.1594
2.009	-0.5051	0.1254
2.043	2.08	0.1225
1.984	2.433	0.138
1.92	3.391	0.1543
1.724	4.747	0.1234
1.88	-0.4757	0.1681
1.772	3.646	0.159
1.929	3.165	0.1668
1.876	0.3894	0.1569
1.94	2.514	0.1178
1.944	4.502	0.1566
1.83	2.677	0.1617
1.736	2.686	0.145
1.871	-0.9816	0.1392
1.88	-0.2105	0.1323
1.919	2.509	0.1723
1.931	0.5665	0.05788
1.948	0.3234	0.1124
2.008	3.523	0.1448
1.457	1.592	0.1181
1.45	1.836	-0.05749
2.236	1.216	0.09404
2.159	-1.548	0.1238
2.439	2.356	0.145
2.019	2.036	0.1236
1.359	1.179	-0.09793
1.223	0.2248	-0.07532
1.259	0.3312	-0.01629
2.362	-4.463	0.1041
2.425	-3.5	0.09611
2.377	-3.078	0.1068
2.223	-1.816	0.08235
2.262	-0.1052	0.0921
2.372	-1.087	0.08792
2.44	-3.587	0.1106
2.437	-5.195	0.1381
2.461	-7.541	0.1354
2.115	2.228	0.1045
2.206	2.241	0.1231
2.287	3.296	0.1111
2.09	1.041	0.1313
2.033	0.151	0.1457
2.017	-0.4066	0.1446
2.012	0.1632	0.1507
1.907	-3.431	0.1742
2.051	1.432	0.145
2.401	-1.598	0.1354
2.374	0.2338	0.1408
2.386	-2.776	0.1133
2.262	4.476	0.1384
2.077	1.614	0.1432
2.304	3.798	0.1484
2.323	-0.9797	0.1461
2.01	-2.407	0.1435
2.157	5.304	0.1479
2.168	2.28	0.151
2.071	-0.9937	0.149
2.158	4.301	0.1495
2.353	-2.302	0.1118
2.324	-4.87	0.1038
2.222	-4.657	0.1128
2.113	-0.9321	0.1043
2.265	-1.591	0.1091
2.222	0.5291	0.0774
2.063	-1.655	0.07551
2.114	0.6342	0.1118
2.155	4.499	0.09336
2.078	-1.442	0.0927
2.236	0.391	0.1203
2.274	1.067	0.109
2.244	-0.4096	0.1065
2.024	-0.9881	0.07823
1.785	-2.928	0.03651
1.817	-2.085	0.04366
1.961	-0.596	0.07276
1.998	-4.867	0.08617
2.041	0.4573	0.08608
1.904	-0.9007	0.06753
1.824	-3.102	0.06847
2.037	2.925	0.09858
1.939	2.593	0.09083
1.987	2.363	0.09686
2.123	3.622	0.114
2.102	0.9367	0.1287
2.102	1.156	0.1262
2.057	0.7456	0.1466
1.883	2.408	0.0652
2.084	2.015	0.1006
2.106	0.8415	0.103
2.091	-0.1284	0.08241
2.102	3.577	0.1266
1.782	-4.086	0.04596
1.791	-1.528	0.01307
2.174	1.66	0.1076
2.274	3.5	0.1023
1.947	2.393	0.08519
2.139	0.4976	0.08196
1.787	-2.828	0.06768
1.934	4.75	-0.01152
1.944	4.061	0.00634
1.884	3.698	-0.001142
1.781	-0.4857	0.008201
1.771	-4.483	0.04476
1.846	2.923	-0.08196
1.912	2.802	0.01438
2.069	1.084	0.05726
1.753	-1.66	0.01385
1.672	0.6248	-0.07213
1.671	-0.7653	-0.06985
1.591	-3.14	-0.113
2.175	2.432	0.1073
2.064	2.967	0.09819
1.904	4.385	0.09928
1.896	0.433	0.09069
1.908	3.108	0.09028
1.969	3.497	0.08598
1.947	-0.6232	0.07864
1.908	-2.038	0.1083
1.798	-1.346	0.08451
1.926	-1.326	0.09035
1.652	-1.383	0.07762
1.389	0.3091	0.02094
1.718	-1.929	0.0608
1.739	0.6215	0.07629
1.398	0.3219	0.03092
1.743	1.971	0.07737
1.882	2.788	0.08106
1.955	2.236	0.07524
1.891	-1.36	0.08175
1.853	-1.39	0.09046
1.739	1.527	0.07335
1.988	0.905	0.05971
1.622	2.145	0.02393
1.741	1.183	0.06583
1.825	1.384	0.02883
1.59	-0.7222	-0.08335
1.828	0.05565	0.1074
1.735	-0.8204	0.09121
1.818	2.281	0.1236
1.87	-3.219	0.1216
1.874	-1.681	0.1206
1.869	1.47	0.1189
1.893	-0.6758	0.1198
2.036	3.544	0.1153
1.879	0.7984	0.1214
2.214	2.392	0.1211
2.217	2.712	0.1175
2.294	5.363	0.1314
2.362	0.8446	0.1358
2.266	2.205	0.1448
1.906	3.161	0.121
1.902	2.881	0.1167
1.891	2.915	0.1328
2.046	3.73	0.1399
2.164	2.231	0.1432
2.019	1.965	0.1227
1.907	5.072	0.1057
2.217	1.203	0.1401
2.15	2.174	0.1289
2.16	1.135	0.1081
2.197	1.314	0.1021
2.197	1.654	0.08942
2.12	-0.0504	0.1177
2.223	-1.621	0.09129
2.375	3.408	0.1368
2.161	0.445	0.1277
2.151	0.8028	0.1179
2.093	-1.118	0.1284
2.108	0.07024	0.1104
2.328	3.256	0.1345
2.403	1.115	0.1432
2.221	3.798	0.1241
2.127	3.041	0.1317
2.053	2.485	0.1257
2.092	0.454	0.1354
2.01	1.66	0.1196
2.265	1.259	0.1421
2.05	1.575	0.1345
2.108	0.08626	0.1166
2.169	2.652	0.1152
2.015	5.754	0.1189
2.237	-0.08916	0.1101
2.325	2.37	0.1095
2.357	-1.414	0.1116
2.224	-2.122	0.08413
2.237	-1.847	0.08429
2.018	-1.325	0.1068
2.121	2.444	0.09051
2.098	-0.5967	0.07685
2.021	1.17	0.08901
2.065	3.267	0.0852
2.26	3.018	0.1027
1.997	5.897	0.1123
2.347	0.6164	0.1077
2.396	-0.3018	0.105
2.387	3.498	0.1017
2.451	3.061	0.1032
2.373	0.814	0.1037
2.016	1.844	0.0883
2.125	1.608	0.09761
2.031	-2.194	0.09783
2.099	2.483	0.09831
2.324	-2.264	0.1061
2.439	-5.102	0.1209
2.326	0.703	0.1135
2.479	3.295	0.09073
2.311	1.805	0.1179
2.374	-4.013	0.09016
2.389	-5.706	0.08072
2.498	3.015	0.09244
2.393	-1.101	0.07306
2.329	2.702	0.07163
2.61	2.201	0.09396
2.49	3.514	0.08685
2.38	2.172	0.09388
2.302	2.795	0.1072
2.456	1.306	0.107
2.402	1.656	0.1074
2.46	2.254	0.09521
2.383	-3.62	0.1036
2.466	-2.42	0.116
2.365	-0.1467	0.1403
2.224	0.7361	0.1137
2.256	0.009744	0.1197
2.389	2.519	0.09643
2.201	-2.836	0.1072
2.19	1.091	0.1292
2.303	-4.257	0.1426
2.271	2.862	0.1375
2.356	-7.725	0.1404
2.299	0.6825	0.1418
2.129	4.181	0.1461
2.244	1.981	0.0948
2.272	3.849	0.07328
2.426	1.812	0.1092
2.369	-0.7594	0.09914
2.177	1.709	0.1051
2.551	-2.009	0.1252
2.23	0.159	0.1103
2.248	-1.284	0.1319
2.289	0.5324	0.1176
2.088	-3.076	0.1466
2.119	-0.5547	0.137
2	2.161	0.1072
2.012	-4.925	0.1131
2.047	-3.546	0.1022
2.52	1.841	0.1072
2.729	-5.637	0.105
2.412	1.574	0.12
2.39	-0.1711	0.09624
2.084	5.879	0.1029
2.262	0.007528	0.09225
2.703	-6.726	0.1115
2.075	1.137	0.1188
2.189	-1.303	0.1001
2.203	-4.097	0.09546
2.115	-0.7902	0.1069
2.167	-2.481	0.09114
2.438	5.12	0.06851
2.537	-6.896	0.0687
2.309	2.478	0.128
2.263	-0.01592	0.06858
2.545	-1.728	0.07342
2.282	-1.373	0.06619
2.704	1.072	0.0783
2.547	-1.439	0.1304
2.55	0.5176	0.1414
2.144	-0.06756	0.09641
2.202	-1.975	0.1205
2.287	1.704	0.1311
2.317	3.889	0.1291
2.31	3.115	0.1351
2.263	-1.143	0.08665
2.203	-2.833	0.06384
2.342	0.5746	0.1272
2.344	-2.639	0.1283
2.22	1.347	0.109
2.17	3.354	0.07889
2.227	1.802	0.1091
2.232	1.905	0.1142
2.228	2.794	0.07539
2.264	2.048	0.08959
2.365	0.927	0.1148
2.261	2.155	0.1388
2.251	-2.213	0.07885
2.212	1.447	0.08305
2.246	1.03	0.105
2.243	-2.407	0.08626
2.199	0.8384	0.09104
2.124	-0.2543	0.1101
2.066	0.77	0.09857
2.344	0.6479	0.1228
2.264	0.4567	0.1142
2.543	-1.435	0.1063
2.51	2.656	0.1172
2.544	-0.6397	0.1204
2.254	1.554	0.1188
2.182	1.274	0.123
2.267	-1.225	0.1169
2.418	-2.813	0.1266
2.452	1.608	0.1413
2.237	1.68	0.1468
2.14	3.791	0.1307
2.271	3.17	0.1508
2.22	3.405	0.1605
2.29	1.879	0.1658
2.054	-0.4658	0.07785
1.991	3.52	0.09869
1.992	3.103	0.08686
1.933	3.162	0.09093
1.906	2.831	0.09954
2.157	0.4061	0.1339
2.018	2.711	0.1153
2.331	1.33	0.1632
2.246	-0.1492	0.1643
2.177	0.6907	0.1565
2.17	0.2384	0.1612
2.151	-1.079	0.1327
1.944	2.018	0.09621
1.896	0.8873	0.109
1.989	2.19	0.1005
2.092	1.102	0.1077
2.116	-1.645	0.1128
1.932	-2.559	0.1146
2.032	-1.596	0.1265
1.984	-1.134	0.1025
1.909	-0.4	0.1104
1.709	-1.079	0.06367
1.639	0.9688	0.02687
1.392	0.3474	0.0181
2.029	-1.093	0.1242
1.849	0.6581	0.07079
1.565	1.095	-0.002924
1.517	0.5489	0.009741
1.199	0.03398	-0.03121
2.438	-3.582	0.1505
2.236	-0.2587	0.142
2.418	0.8443	0.1318
2.446	0.2576	0.1404
2.361	-2.878	0.1411
2.289	-0.9108	0.1358
2.266	0.7368	0.1393
1.973	1.96	0.07521
1.564	0.4645	0.03778
2.237	0.7779	0.1268
2.217	1.244	0.1248
2.192	1.602	0.1148
1.786	0.9664	0.0735
1.406	0.3318	0.0302
2.326	-0.01838	0.123
2.094	0.7014	0.1026
2.126	0.9728	0.1057
2.212	2.243	0.1292
2.237	5.714	0.1187
2.166	1.825	0.1324
2.075	-2.158	0.1457
2.427	0.3157	0.1328
2.334	1.459	0.1295
2.122	0.964	0.1355
2.06	-0.085	0.1315
1.993	-4.864	0.1324
2.291	0.4881	0.1311
2.36	-2.178	0.1315
2.314	-1.055	0.1151
2.282	1.52	0.1207
2.333	0.9781	0.1333
2.16	4.927	0.1314
2.051	-1.395	0.115
2.448	1.17	0.1405
2.413	1.377	0.1375
2.349	0.2701	0.1328
2.106	-1.974	0.1111
2.034	1.761	0.108
2.251	2.376	0.1261
2.112	-1.8	0.106
2.07	3.043	0.09474
2.03	1.261	0.146
2.103	-2.921	0.162
2	3.67	0.1261
1.967	4.418	0.1348
2.065	-0.5979	0.1434
2.091	-1.739	0.1401
2.184	-4.84	0.1617
2.027	6.024	0.1105
2.045	2.556	0.1183
2.078	0.4871	0.1093
2.033	3.443	0.1104
1.978	4.495	0.1166
1.955	-2.584	0.1475
1.971	3.901	0.13
2.069	1.946	0.1366
2.09	-1.713	0.1414
2.065	3.308	0.1289
2.005	5.177	0.1268
1.937	4.767	0.1442
1.889	1.689	0.1327
2.059	0.2152	0.1443
1.979	-1.306	0.1529
1.939	5.539	0.1447
1.729	1.327	0.1388
1.694	5.098	0.1522
1.501	3.099	0.1289
1.809	2.69	0.1597
1.691	4.839	0.1499
1.946	3.092	0.1623
1.903	4.678	0.1607
1.812	2.383	0.1699
1.84	-1.861	0.1687
1.807	1.363	0.1552
1.988	-1.63	0.16
1.929	5.156	0.1629
2.066	-0.6502	0.1229
2.034	-3.849	0.1466
1.957	2.387	0.1476
1.864	-2.855	0.1698
1.852	-2.952	0.1568
1.911	-0.9059	0.1705
1.907	2.371	0.166
1.926	-0.9237	0.142
1.939	2.716	0.1351
1.923	1.276	0.128
1.989	0.6442	0.1212
1.977	0.4915	0.1211
2.052	-5.836	0.1506
2.008	2.04	0.1448
1.952	2.194	0.16
1.849	0.5853	0.1709
1.847	1.161	0.1525
1.869	3.04	0.1748
1.853	-0.6111	0.1801
1.856	-0.6896	0.1665
1.907	3.527	0.1477
1.761	3.315	0.1462
1.855	2.279	0.1407
1.601	3.149	0.1309
1.801	2.264	0.1494
1.828	2.028	0.1453
1.875	1.121	0.1308
1.848	3.981	0.142
1.863	-2.189	0.1478
1.907	-3.237	0.132
1.934	-4.033	0.1136
1.95	-3.773	0.1061
1.933	2.073	0.134
1.909	-0.8958	0.1161
2.008	-3.948	0.1431
2.042	0.7499	0.148
2.064	3.092	0.1503
2.09	1.935	0.161
2.02	3.757	0.1809
1.927	-1.777	0.1716
1.871	2.892	0.05219
2.036	2.815	0.1016
1.436	-2.383	-0.04951
1.854	2.014	-0.005292
2.08	1.27	0.0764
2.098	-1.983	0.09625
2.126	1.186	0.1237
2.094	1.958	0.156
1.926	-1.849	0.1531
1.924	0.2447	0.1565
2.04	0.1813	0.147
1.822	1.115	0.1222
1.946	1.828	0.1402
1.665	1.607	0.1126
1.779	0.8839	0.1154
1.524	1.244	0.1273
1.375	7.447	0.1296
1.42	-1.484	-0.08622
1.668	-0.1382	0.005532
1.529	1.284	-0.03597
2.042	-1.453	0.05475
1.938	-0.7361	0.03112
2.072	0.8856	0.07759
2.098	-1.913	0.1052
1.805	-0.9114	0.06322
2.316	-0.5157	0.1407
2.144	-1.013	0.09828
2.175	1.216	0.1367
2.233	-5.212	0.1612
2.289	-1.15	0.1628
2.325	5.833	0.1579
2.2	2.812	0.1191
2.037	0.3186	0.1114
2.34	-0.4938	0.1117
2.355	3.141	0.1319
2.306	3.656	0.1432
1.761	-1.27	0.1139
1.969	3.279	0.1224
1.708	0.5295	0.1275
1.464	1.317	-0.1066
1.51	0.8308	-0.06077
1.575	1.292	-0.08326
1.39	2.18	-0.08971
1.324	1.517	-0.07399
1.261	0.1542	-0.02452
1.34	0.3833	-0.04363
1.245	0.0725	-0.0009541
1.18	0.06035	-0.05373
1.187	0.07294	-0.04942
1.267	0.6394	-0.07912
1.392	0.9768	-0.005941
1.287	0.8982	-0.08805
1.218	0.2936	-0.06357
1.23	0.1525	-0.01419
1.587	0.7291	0.05012
1.446	0.9702	0.03985
2.033	1.596	0.09261
1.481	1.848	0.03877
1.959	0.2531	0.1489
2.211	-1.008	0.0925
2.145	-4.989	0.09492
2.271	0.2923	0.08953
2.421	2.926	0.0952
2.05	-3.198	0.1068
1.94	-3.183	0.1393
2.387	0.3769	0.1173
2.067	3.932	0.0835
1.724	-0.5666	-0.1103
2.532	0.6629	0.1341
2.369	6.291	0.06449
2.065	-7.074	0.131
2.178	-3.86	0.08327
2.048	-0.4769	0.09232
1.861	-4.372	0.09172
2.474	1.047	0.07403
2.405	1.063	0.08914
2.018	-1.654	0.1121
1.266	0.9957	-0.01505
2.526	2.257	0.1055
2.196	2.495	0.1183
2.145	-2.065	0.08174
2.512	-1.353	0.09049
2.213	1.843	0.1151
2.164	4.094	0.09192
2.11	0.3597	0.1131
2.467	2.922	0.1297
2.195	5.293	0.143
2.112	-4.88	0.09645
2.246	3.932	0.1116
2.456	-3.538	0.1498
2.154	0.3361	0.1625
0.9217	0.797	0.009445
2.019	-0.3927	0.09439
1.939	0.7637	0.1282
2.446	-0.9256	0.1155
2.189	2.831	0.1315
1.645	3.408	0.1579
1.959	-5.675	0.1127
1.524	-0.3881	-0.09238
2.131	-3.896	0.05155
2.305	-0.7571	0.0899
2.34	1.772	0.09208
2.487	4.357	0.1026
2.426	2.685	0.1536
2.248	3.033	0.1022
2.226	0.2814	0.09886
2.227	4.872	0.08465
2.37	-1.89	0.08917
2.097	-4.647	0.1027
2.117	-0.3136	0.06386
2.282	1.85	0.09347
2.249	-2.269	0.09816
2.104	-1.897	0.07899
2.131	-7.569	0.03639
2.328	1.945	0.08486
1.913	3.37	0.09864
2.485	0.6555	0.1488
2.411	1.044	0.1016
2.185	-0.741	0.091
2.137	1.128	0.03293
2.138	-0.214	0.0427
1.94	0.2026	-0.08885
2.432	3.694	0.1153
2.144	3.966	0.0979
2.066	-1.502	0.07762
0.9726	0.6957	-0.02372
1.715	2.211	0.06285
1.895	4.121	0.06973
1.545	-0.8186	-0.01997
2.085	2.491	0.1089
2.254	-2.601	0.09967
2.543	0.3618	0.1136
2.343	2.613	0.1229
2.178	4.034	0.1063
2.747	-3.063	0.09745
2.168	1.543	0.107
2.363	3.459	0.09231
2.413	-2.491	0.07177
2.456	0.0775	0.1052
2.114	3.017	0.1142
2.312	2.475	0.1028
2.498	-5.358	0.1087
2.247	-1.484	0.08793
2.358	1.318	0.08704
2.436	1.696	0.1014
2.249	1.819	0.1304
2.195	-0.2813	0.08413
2.262	-0.08488	0.1126
2.302	3.722	0.06944
2.086	-1.046	0.07459
2.44	-2.21	0.08819
2.355	-4.78	0.1085
2.151	-2.384	0.1046
2.537	1.163	0.1353
2.052	0.701	0.1008
2.151	-3.593	0.1104
2.186	1.88	0.1173
2.473	2.852	0.1281
2.032	-4.979	0.1174
2.198	-1.877	0.1389
2.122	-0.7579	0.08771
2.123	-0.1435	0.09262
2.226	4.025	0.124
2.626	-1.104	0.1115
2.251	2.479	0.09616
2.245	-1.668	0.1225
2.405	4.42	0.09493
2.288	-0.4077	0.1173
2.232	-1.083	0.1029
2.432	1.538	0.1008
2.431	-0.4426	0.1012
2.539	1.708	0.1162
2.28	1.873	0.1141
2.332	0.697	0.135
2.544	-1.372	0.1331
2.268	2.186	0.1411
1.401	1.813	0.07811
1.804	0.04316	0.08046
1.007	1.006	-0.02287
2.322	-4.764	0.1478
2.274	-2.224	0.1514
1.861	-0.4671	0.1155
1.786	-0.7011	0.1353
1.467	2.691	0.08327
2.048	1.923	0.127
2.079	-5.208	0.1476
2.18	0.592	0.1645
2.146	2.215	0.1211
2.054	3.253	0.09328
2.128	2.393	0.1101
2.11	-3.825	0.1429
2.064	3.965	0.09327
2.116	3.331	0.1059
1.972	0.5073	0.1279
2.102	3.435	0.1388
1.898	3.232	0.1338
1.918	-0.515	0.1409
2.339	2.548	0.1443
2.01	0.304	0.1061
2.054	3.25	0.1157
2.181	3.608	0.08816
2.207	2.171	0.1749
1.802	-1.284	0.1561
1.665	-0.469	0.1137
2.004	-2.899	0.1401
2.031	-0.05543	0.1006
1.911	1.795	0.1871
1.904	0.9641	-0.01138
1.948	1.019	0.1073
1.555	-3.245	0.1249
1.488	-1.132	0.1182
1.337	1.672	-0.1496
2.058	-0.8072	0.07001
1.86	0.5583	0.1084
2.141	4.158	0.1129
2.073	3.688	0.118
0.8135	1.226	-0.1351
0.5975	0.3631	-0.07938
1.006	1.381	-0.03727
2.25	-6.39	0.07838
2.203	-0.5609	0.0764
2.226	-2.106	0.08511
2.21	-0.5181	0.04873
2.406	-6.883	0.09225
2.361	2.165	0.08497
2.318	-1.486	0.09259
2.09	-3.384	0.09235
2.236	-3.428	0.08769
2.45	0.3345	0.09218
2.333	3.176	0.1177
2.329	4.36	0.09826
2.517	1.266	0.1131
2.53	3.797	0.1671
2.404	4.395	0.1407
2.177	0.8688	0.1384
2.085	-1.716	0.1449
2.045	-6.806	0.136
2.197	-0.9434	0.09618
2.231	0.2653	0.09389
2.282	2.324	0.09404
2.155	-1.228	0.105
2.069	-2.654	0.1127
2.37	4.875	0.08805
2.357	-2.007	0.09099
2.158	0.4745	0.1127
2.264	3.332	0.09364
2.279	2.424	0.08394
2.186	-2.476	0.08249
2.18	-3.116	0.08418
2.203	-3.642	0.097
2.211	-5.499	0.07954
2.023	-4.227	0.1002
2.058	-2.669	0.08839
2.123	-3.021	0.08935
2.168	-3.032	0.06224
2.172	-6.161	0.04081
2.116	1.686	0.09055
2.17	0.04189	0.09155
2.062	-3.056	0.08558
2.392	0.9521	0.09792
2.251	-2.314	0.0857
2.218	3.196	0.0936
2.198	-0.4603	0.08563
2.11	-3.282	0.08076
2.007	-3.554	0.07124
2.091	-1.821	0.04549
2.165	-5.954	0.04722
2.093	-0.3751	0.06563
1.996	-2.853	0.05414
1.899	-5.057	0.06293
2.386	-1.026	0.05487
1.983	-3.041	0.0813
2.111	-2.701	0.05805
2.41	-2.936	0.088
2.483	2.423	0.1035
2.451	4.66	0.1058
2.516	0.3914	0.14
1.866	0.611	0.1093
2.203	-0.2623	0.1017
2.253	6.475	0.1163
2.094	1.552	0.09422
2.468	0.824	0.1307
2.286	-2.678	0.09206
1.928	-3.354	0.09978
2.372	2.325	0.1001
2.234	-3.652	0.09033
2.283	-2.825	0.08378
2.464	-0.601	0.08979
2.343	-0.2051	0.06985
2.001	3.226	0.0669
2.23	2.137	0.04726
1.89	-1.666	0.08878
2.083	-0.06451	0.07997
2.349	-1.904	0.05491
2.018	-1.175	-0.006554
2.344	4.13	0.01458
2.359	1.577	0.06651
2.18	-0.4958	0.01123
1.936	-4.089	-0.01916
1.997	-3.846	-0.004696
1.744	-3.361	-0.09901
2.467	3.384	0.1121
2.462	2.454	0.1063
2.202	3.936	0.1121
1.963	1.218	0.1073
2.276	3.809	0.1045
2.492	4.182	0.1021
2.512	5.105	0.09055
1.984	-1.959	0.1053
1.831	-0.2519	0.0729
1.865	-1.004	0.1062
1.753	1.922	0.06002
1.488	1.805	0.005129
1.684	1.628	0.03976
1.551	1.156	0.0163
0.8903	0.4931	-0.02989
1.428	-2.573	0.04668
2.079	4.935	0.08925
2.428	3.141	0.08003
1.916	3.465	0.08688
1.599	0.8145	0.05953
1.419	-4.671	0.06498
2.185	3.101	0.06622
1.441	1.043	-0.007428
1.7	1.139	0.06151
1.933	0.2362	0.01851
1.762	-0.2544	-0.07315
2.082	1.631	0.09327
1.622	1.464	0.07428
2.074	-2.346	0.1165
2.199	1.228	0.1005
2.329	0.05479	0.1036
2.145	0.4576	0.1075
2.404	1.077	0.1128
2.375	3.715	0.1233
2.152	4.104	0.1185
2.5	6.006	0.1072
2.491	1.156	0.122
2.497	-0.7674	0.1328
2.551	-0.6003	0.1154
2.448	3.158	0.1212
2.068	3.228	0.1095
2.091	3.223	0.1039
2.085	4.145	0.1159
2.232	2.367	0.1151
2.375	3.829	0.1134
2.124	3.385	0.103
2.147	2.243	0.1109
2.71	-2.09	0.1074
2.369	0.9138	0.09664
2.204	0.2122	0.09399
2.291	0.3124	0.08808
2.248	0.7489	0.09534
2.392	1.11	0.08258
2.317	0.7324	0.07876
2.652	0.7638	0.09668
2.903	-4.62	0.094
2.372	1.735	0.08077
2.137	-3.85	0.08542
2.247	-2.549	0.07606
2.615	3.845	0.1057
2.544	0.3593	0.1036
2.477	0.03277	0.1039
2.293	3.389	0.1004
2.032	4.633	0.09856
2.185	1.691	0.1125
2.163	1.907	0.105
2.409	5.212	0.1043
2.153	-1.268	0.1129
2.048	3.083	0.1014
2.223	0.9323	0.117
2.288	-1.709	0.09824
2.074	-2.994	0.1009
2.095	-2.342	0.1
2.149	0.2553	0.09939
2.333	0.423	0.08337
2.252	-1.862	0.08525
2.352	0.5761	0.08373
2.395	0.02424	0.08748
2.353	0.3563	0.09325
2.362	-1.859	0.1093
2.26	0.26	0.09968
2.456	-0.9891	0.09839
2.39	1.527	0.0933
2.213	0.5216	0.08818
2.385	2.824	0.09287
2.43	3.505	0.09534
2.409	0.3745	0.09723
2.416	-3.119	0.1119
2.437	-3.362	0.1154
2.199	0.6962	0.1197
2.445	0.6097	0.11
2.202	2.047	0.117
2.411	-0.6607	0.133
2.358	-1.399	0.1095
2.264	3.024	0.116
2.465	-0.6816	0.09048
2.489	-4.458	0.1157
2.141	2.117	0.1017
2.121	0.3402	0.0808
2.226	-1.822	0.09306
2.096	3.722	0.0616
1.994	3.114	0.06785
2.453	-1.406	0.06454
2.329	1.612	0.06559
2.219	0.4915	0.06186
2.411	-1.755	0.08687
2.362	2.985	0.09689
2.395	1.262	0.08411
2.431	0.2404	0.07717
2.358	-0.26	0.08966
2.418	-1.83	0.09279
2.349	-6.803	0.08102
2.299	3.576	0.0767
2.322	-1.23	0.106
2.274	4.334	0.06503
2.233	0.177	0.07645
2.327	-1.66	0.08793
2.435	-5.014	0.1173
2.222	-0.2935	0.09555
2.495	-5.48	0.08793
2.358	-2.746	0.109
2.135	-5.14	0.104
2.064	1.621	0.08803
1.991	2.791	0.08376
2.465	2.166	0.1085
2.215	1.067	0.1226
2.176	-4.083	0.1317
2.299	-0.5618	0.1443
2.36	-5.671	0.1287
2.081	-1.514	0.102
2.167	3.199	0.09896
2.127	-5.798	0.1088
2.122	-5.089	0.1058
2.143	-2.514	0.1079
2.11	-1.997	0.116
2.135	-0.7777	0.1186
2.688	-2.645	0.127
2.593	0.8752	0.125
2.561	-4.956	0.09846
2.297	2.502	0.1247
2.201	2.111	0.1214
2.301	-0.1536	0.1384
2.413	1.855	0.1247
2.125	3.453	0.1148
2.165	0.6954	0.1295
2.049	-5.21	0.1306
2.015	-6.5	0.1101
2.055	-4.254	0.1233
2.01	3.167	0.08609
2.094	2.12	0.09097
2.582	1.135	0.123
2.242	3.326	0.09387
1.983	4	0.08137
2.041	2.939	0.09313
2.093	-2.194	0.09332
2.486	2.39	0.1234
2.634	-0.2594	0.1105
2.08	-0.938	0.123
2.193	4.213	0.1359
2.36	-0.2757	0.1303
2.348	4.735	0.1368
2.453	3.717	0.1281
2.144	1.789	0.1061
2.155	2.924	0.1003
2.699	2.664	0.1122
2.527	-2.21	0.1104
2.297	3.815	0.1246
2.402	2.894	0.08763
2.264	3.282	0.1063
2.198	1.412	0.1437
2.251	-1.554	0.09175
2.389	2.461	0.09593
2.331	2.931	0.1131
2.404	0.4995	0.09997
2.244	-2.395	0.09306
2.249	-0.4259	0.09621
2.297	-3.874	0.1113
2.234	-2.247	0.09712
2.208	-0.842	0.1051
2.217	2.711	0.1146
2.183	3.023	0.1048
2.332	-0.1562	0.1046
2.317	-2.995	0.1192
2.299	-5.417	0.09733
2.259	0.5178	0.1008
2.217	3.333	0.1062
2.353	3.402	0.121
2.419	1.554	0.1132
2.355	0.1751	0.126
2.428	0.4459	0.1054
2.302	2.427	0.1071
2.432	3.382	0.109
2.557	3.183	0.1094
2.347	3.449	0.1021
2.437	3.277	0.1054
2.418	1.849	0.1165
2.228	2.157	0.107
2.2	2.583	0.1097
2.243	3.378	0.1069
2.233	3.777	0.1129
2.296	0.5936	0.1213
2.608	1.865	0.1227
2.33	2.308	0.1152
2.334	1.893	0.1278
2.466	-0.1358	0.1292
2.538	0.4378	0.1388
2.389	-3.543	0.1424
2.57	-0.8825	0.1413
2.329	-0.88	0.128
2.387	0.02585	0.1293
2.285	1.5	0.1156
2.377	-0.6392	0.1334
2.29	1.893	0.1324
2.265	-0.6567	0.1152
1.875	0.3408	0.1092
1.752	-1.711	0.1125
1.816	-0.7677	0.09495
1.468	1.569	0.05641
1.313	1.199	0.02854
1.359	1.995	0.002195
2.241	1.449	0.1163
1.643	0.6889	0.06658
1.364	1.517	0.02152
1.385	1.305	0.03725
0.8154	0.5128	-0.01626
2.307	-2.568	0.1398
2.313	-1.778	0.1524
2.323	2.547	0.1239
2.315	-0.3908	0.1363
2.321	-3.682	0.1598
2.241	-0.07162	0.1646
2.224	1.901	0.1646
1.93	-0.3182	0.1038
1.479	1.908	0.06682
2.181	1.158	0.1291
2.179	0.7049	0.1437
2.087	0.1895	0.1498
1.563	1.689	0.09025
1.173	1.342	0.03827
2.018	2.238	0.154
1.805	0.9193	0.1313
1.675	-1.061	0.122
1.839	2.379	0.1453
1.784	2.255	0.1234
1.999	0.6385	0.1554
2.016	-2.217	0.1536
2.125	-0.8744	0.1586
1.956	1.501	0.1395
2.057	-1.34	0.1441
2.084	-4.36	0.1296
2.089	-5.952	0.1263
2.233	2.127	0.1656
2.18	-1.823	0.1673
2.293	-2.981	0.1355
2.211	3.189	0.1555
2.164	0.2381	0.1531
2.083	2.191	0.1256
2.063	-1.612	0.1136
2.125	-2.042	0.1412
2.127	-0.9296	0.1427
2.22	1.492	0.1406
2.144	-3.061	0.1015
2.04	-1.115	0.08855
2.3	3.554	0.1222
2.142	-0.981	0.1141
2.062	1.414	0.0964
2.095	-0.9772	0.1461
2.008	-4.034	0.1504
2.017	3.979	0.1035
2.081	1.668	0.1206
2.179	0.4459	0.1387
2.395	-1.296	0.1171
2.238	-3.406	0.1372
2.109	3.342	0.1008
2.058	1.674	0.09467
2.04	-1.259	0.1004
2.089	5.071	0.09466
2.096	2.984	0.09837
2.065	2.135	0.101
2.035	2.581	0.1065
2.331	0.002813	0.1144
2.321	-0.2002	0.1238
2.141	-0.4292	0.1093
2.151	3.563	0.1246
1.993	3.444	0.1267
1.926	1.863	0.1323
1.981	1.438	0.1268
1.958	1.673	0.1374
1.97	8.694	0.1335
2.109	3.255	0.137
2.109	2.037	0.1433
2.159	3.388	0.1386
2.059	4.443	0.1444
2.163	2.743	0.1382
1.891	1.321	0.1305
1.935	7.346	0.141
2.061	2.964	0.1465
2.07	-0.3183	0.1361
2.342	1.912	0.1435
2.053	1.894	0.09617
1.94	-1.538	0.1117
2.027	-3.523	0.1009
2.09	2.163	0.1175
2.074	2.462	0.1088
1.966	0.0129	0.1223
2.148	1.864	0.1285
1.923	-0.9276	0.1235
1.991	-0.801	0.1117
2.058	2.809	0.1125
2.167	-0.3018	0.1011
2.18	-2.89	0.1011
2.104	0.2229	0.11
2.164	0.1152	0.1038
2.164	-2.04	0.08802
2.492	2.247	0.1643
2.37	2.517	0.1646
1.792	1.976	0.1871
1.787	1.7	0.1654
1.814	-0.8163	0.1755
2.103	0.7783	0.1523
2.036	0.3897	0.1463
1.566	0.7833	0.1305
1.963	1.105	0.1252
1.801	1.05	0.1431
1.972	0.6217	0.1213
2.258	-2.223	0.1323
2.271	2.841	0.1341
2.171	3.496	0.1278
1.824	3.516	0.1178
2.069	-0.09833	0.1196
1.822	-2.558	0.1463
1.94	0.1388	0.1183
2.134	-2.88	0.1034
2.135	1.22	0.09445
2.171	2.228	0.08791
2.183	2.789	0.08016
2.389	1.314	0.1634
2.263	0.6113	0.1242
2.345	1.568	0.1544
1.955	-0.3597	0.1863
1.79	0.8006	0.1809
2.257	1.909	-0.005372
2.248	0.9592	0.07548
1.542	-3.28	-0.1606
1.898	2.349	-0.09233
2.125	1.746	0.05955
1.969	0.4804	0.09365
1.862	-0.4352	0.1161
1.732	2.968	0.1669
1.655	2.26	0.1477
2.034	3.438	0.1628
1.678	-1.253	0.1364
1.589	-3.737	0.1237
1.418	2.924	0.1107
1.662	0.8061	0.1206
1.472	-1.054	0.1087
1.516	0.1714	0.1127
1.922	3.859	0.12
1.497	-2.962	-0.175
1.585	0.02635	-0.1051
1.512	3.637	-0.1215
1.886	0.2928	-0.03654
1.819	-0.3853	-0.05635
2.006	-2.753	0.05571
1.999	-2.771	0.1017
1.768	-1.458	0.02077
1.982	-2.953	0.1084
1.877	0.9269	0.05059
1.941	0.09805	0.1341
1.984	-4.444	0.1462
2.175	-1.953	0.1388
2.358	4.41	0.1335
2.085	3.088	0.1111
1.98	-1.65	0.116
2.079	1.461	0.08829
2.244	3.274	0.1157
2.32	1.445	0.1277
1.803	0.2582	0.1225
1.904	1.249	0.1292
1.664	2.458	0.1254
1.37	-1.17	-0.155
0.8709	0.7181	-0.08903
1.273	1.831	-0.1122
1.098	2.995	-0.1602
1.146	2.243	-0.1251
0.6096	0.3035	-0.06476
0.6637	0.4001	-0.07622
0.9394	0.775	-0.04003
0.5794	0.2534	-0.05613
0.664	0.4566	-0.04343
0.8579	1.174	-0.102
1.246	1.507	-0.08902
0.6821	0.7173	-0.1041
0.6977	0.8425	-0.06766
0.8363	0.8039	-0.01586
1.408	1.803	0.02255
1.187	2.071	0.03041
1.64	1.921	0.07727
