1.926	2.334	0.07636
2.254	-2.407	0.1102
2.266	-0.8056	0.09748
2.353	2.026	0.1475
2.266	-3.519	0.1204
2.121	1.047	0.1132
2.21	1.024	0.1497
2.468	3.431	0.149
2.161	0.587	0.06161
2.275	2.692	0.06434
1.445	-3.006	-0.06927
2.44	1.113	0.1511
2.072	-3.517	0.08969
2.342	1.98	0.15
2.093	-3.461	0.08796
2.15	0.632	0.1019
1.984	-2.98	0.05776
1.989	1.066	0.07157
2.346	0.9688	0.1259
2.064	2.028	0.1054
1.501	0.1891	-0.02799
2.164	-1.717	0.11
2.181	2.58	0.1228
2.268	0.03832	0.1075
2.343	-1.068	0.08643
2.26	1.841	0.1223
2.419	0.9864	0.1128
2.436	2.082	0.1712
2.358	-0.2833	0.1271
2.328	-0.4481	0.1179
2.482	-4.302	0.05052
2.361	0.8285	0.1544
2.018	-3.424	0.1015
2.039	-0.1309	0.08431
1.337	-0.06137	0.008357
2.191	-2.062	0.1301
2.22	-0.005294	0.1332
2.422	0.8772	0.1548
2.311	2.479	0.1878
2.338	2.932	0.2006
2.361	1.296	0.1428
1.74	-0.5093	0.02202
2.167	-1.934	0.07914
2.074	-2.053	0.08625
2.161	-4.714	0.0646
2.266	2.86	0.1189
2.465	-1.893	0.159
2.259	3.515	0.1172
2.194	2.957	0.1073
2.217	-2.316	0.1309
2.294	-0.4995	0.119
2.219	-2.815	0.09135
2.138	-0.1856	0.09699
2.17	-1.589	0.1119
2.157	3.008	0.1135
2.067	-3.073	0.09595
2.028	-4.14	0.08224
2.264	2.71	0.1125
2.209	2.725	0.07814
2.472	3.089	0.1497
2.174	1.697	0.1071
1.96	-1.753	0.0553
2.053	3.981	-0.02501
1.722	-1.334	0.0268
2.076	3.655	-0.02511
2.059	3.687	0.1005
2.019	2.307	0.09304
1.905	0.6141	0.1076
1.591	0.5394	0.03486
1.84	-1.603	0.08104
1.873	2.069	0.05705
1.453	-0.7437	-0.07398
2.101	1.554	0.1181
2.09	-2.646	0.1094
2.11	3.357	0.1113
2.113	3.35	0.1103
2.139	3.351	0.1276
2.231	1.486	0.1153
2.23	2.943	0.1321
2.296	1	0.1115
2.295	3.057	0.1132
2.258	1.343	0.1103
2.28	3.016	0.1057
2.265	4.092	0.1002
2.316	0.6127	0.1092
2.34	-1.661	0.1186
2.296	1.438	0.09449
2.207	0.123	0.1099
2.072	-2.81	0.1028
2.475	1.127	0.05944
2.583	-3.218	0.08798
2.307	1.856	0.07292
2.315	-4.089	0.08671
2.166	-2.03	0.07418
2.251	0.5062	0.1084
2.476	4.179	0.1472
2.387	2.745	0.1438
2.337	1.407	0.08349
2.46	-4.165	0.1649
2.731	2.211	0.1634
2.423	-1.379	0.1631
2.19	-4.021	0.1671
2.276	-2.253	0.1499
2.227	-1.317	0.0481
2.352	-3.636	0.0579
2.229	2.992	0.137
2.232	0.1149	0.1018
2.161	4.789	0.05361
2.125	-1.779	0.0561
2.381	3.092	0.0572
2.324	-0.07364	0.135
2.291	0.6841	0.1308
2.422	2.028	0.08084
2.399	2.487	0.1028
2.359	2.102	0.1191
2.248	1.682	0.1393
2.146	0.05186	0.09131
2.23	2.803	0.1373
2.172	-1.131	0.122
1.887	-1.985	0.1007
1.849	2.243	0.07372
1.334	-0.1677	0.02678
2.051	-5.153	0.06375
1.933	-3.504	0.09258
1.817	-1.155	0.06426
2.11	-1.509	0.08925
1.661	1.282	0.02698
2.232	1.699	0.1149
2.285	-5.423	0.1292
2.207	-2.208	0.105
2.151	4.419	0.1259
2.222	2.123	0.1421
2.372	1.344	0.1104
2.585	-6.107	0.1448
2.146	-2.675	0.1471
2.27	3.087	0.1257
2.451	0.7114	0.1229
2.449	3.179	0.1524
2.357	5.376	0.1288
2.481	3.195	0.162
2.187	2.879	0.1822
2.233	2.356	0.155
2.514	-0.2675	0.1687
2.4	2.621	0.1761
2.505	2.369	0.1856
2.449	-1.76	0.1956
2.183	0.8981	0.1891
2.393	0.6983	0.2073
2.417	3.184	0.1925
2.402	1.451	0.1772
1.991	0.8763	0.08454
2.313	1.872	0.1469
2.199	1.095	0.1815
2.434	0.6631	0.1367
1.512	1.384	-0.04852
2.217	-1.068	0.1049
2.089	-2.196	0.07674
2.351	3.307	0.1129
2.217	-3.156	0.1322
1.261	0.06521	-0.05944
1.213	-0.3257	-0.02623
1.295	0.2063	-0.0209
2.23	-4.461	0.08483
2.153	-2.14	0.07843
2.242	-3.917	0.08123
2.082	-2.619	0.08717
2.079	-3.805	0.09097
2.079	-3.382	0.08044
2.068	-3.155	0.0719
2.079	-0.9388	0.08855
2.057	-4.839	0.06407
2.131	2.647	0.1047
2.257	3.031	0.1193
2.141	1.879	0.1066
2.374	-0.5925	0.1367
2.455	0.3581	0.1538
2.396	-2.187	0.1367
2.39	2.275	0.1411
2.447	-1.082	0.1534
2.332	2.708	0.1303
2.142	1.294	0.103
2.162	0.9613	0.1056
2.138	1.223	0.1017
2.214	2.918	0.1156
2.271	1.796	0.1164
2.212	1.609	0.1203
2.201	-2.516	0.1161
2.224	-3.63	0.1378
2.214	3.608	0.1101
2.244	2.441	0.1118
2.294	-1.471	0.1347
2.357	3.798	0.1376
2.258	-0.139	0.09589
2.221	-4.084	0.0919
2.165	-4.504	0.09381
2.127	-4.617	0.09694
2.195	-1.746	0.09515
2.171	-0.1876	0.09276
2.068	-2.209	0.08934
2.191	3.613	0.1079
2.15	3.714	0.104
2.103	-0.3459	0.09752
2.148	-2.092	0.1147
2.192	-3.329	0.1137
2.212	0.01679	0.1156
2.091	1.853	0.1029
1.97	-3.212	0.07804
1.987	-1.604	0.08089
2.072	-0.7718	0.08789
2.051	-3.877	0.08746
2.088	-1.073	0.09808
2.036	-0.6436	0.08498
2.003	-2.735	0.06951
2.118	2.572	0.1045
2.097	3.084	0.08505
2.105	2.492	0.09935
2.27	3.112	0.1197
2.354	-0.3055	0.1381
2.358	-0.9488	0.1327
2.468	2.419	0.1536
2.073	2.95	0.07214
2.273	1.638	0.09622
2.358	-1.492	0.112
2.325	-1.539	0.09208
2.429	3.212	0.1465
1.969	-1.746	0.08201
1.976	-2.013	0.04346
2.137	1.34	0.1132
2.218	-1.222	0.11
2.11	1.803	0.1004
2.146	-0.2664	0.09169
1.986	-1.13	0.07723
2.132	3.878	0.03163
2.159	3.689	0.02912
2.085	3.941	0.02758
1.979	-0.3643	0.03362
1.961	-1.751	0.04857
2.078	4.184	-0.0482
2.155	2.043	0.07376
1.935	0.02914	0.05539
1.952	-0.8656	0.01409
1.806	0.7497	-0.06253
1.497	-3.468	-0.07265
1.564	-3.421	-0.06197
2.083	1.03	0.1067
2.077	1.604	0.1026
2.098	2.976	0.09992
2.046	-0.6849	0.09762
2.067	3.513	0.09739
2.059	4.332	0.1002
1.989	-0.5216	0.08485
1.947	-3.058	0.1001
1.895	0.3663	0.09513
1.946	-1.63	0.0918
1.923	2.408	0.08341
1.777	-0.01436	0.06357
1.863	2.004	0.07092
1.801	1.843	0.05513
1.387	-0.177	-0.004591
1.7	1.215	0.0307
1.946	2.296	0.08389
1.939	-0.4815	0.0741
1.957	0.8917	0.09036
1.812	0.06201	0.05325
1.664	-1.132	0.02321
1.831	1.713	0.04335
1.415	-0.01329	-0.05547
1.677	0.0993	-0.005555
1.645	1.746	-0.0341
1.422	-1.408	-0.08302
1.992	-0.3565	0.1072
1.969	1.426	0.1008
2.073	0.8208	0.1109
1.991	-1.075	0.1102
2.089	1.393	0.1122
2.148	2.608	0.1206
2.156	-0.86	0.1169
2.088	3.789	0.1049
2.109	3.225	0.1104
2.091	1.817	0.1104
2.074	4.199	0.1046
2.108	2.067	0.1058
2.149	2.02	0.108
2.123	-0.1183	0.1122
2.131	3.362	0.125
2.178	2.753	0.1254
2.114	1.958	0.1179
2.113	3.869	0.1251
2.129	2.159	0.1205
2.194	3.495	0.1293
2.234	1.988	0.1288
2.165	1.992	0.1161
2.155	0.9584	0.1231
2.178	-1.668	0.1271
2.225	-2.604	0.1169
2.229	-2.4	0.1291
2.266	2.041	0.1143
2.294	-2.442	0.1161
2.241	1.629	0.1095
2.253	2.328	0.1128
2.312	1.807	0.1123
2.276	-1.116	0.1144
2.298	0.2844	0.1213
2.164	3.526	0.113
2.23	2.529	0.1127
2.116	0.08807	0.1122
2.203	3.003	0.1121
2.25	2.691	0.1101
2.29	3.077	0.1104
2.293	2.493	0.1075
2.276	1.671	0.1123
2.286	2.283	0.1097
2.238	-0.6212	0.1011
2.256	3.387	0.09874
2.283	2.556	0.1025
2.22	1.353	0.09512
2.249	3.25	0.09354
2.266	0.298	0.1002
2.311	-1.591	0.1168
2.309	-2.308	0.1191
2.26	-1.08	0.1085
2.311	2.319	0.1229
2.309	1.109	0.1196
2.264	-0.9983	0.1172
2.389	2.692	0.1234
2.269	4.331	0.1108
2.278	3.918	0.1099
2.277	0.5416	0.09918
2.266	0.05419	0.1067
2.219	3.455	0.1057
2.335	3.887	0.1012
2.198	3.51	0.1074
2.153	-3.971	0.1081
2.102	3.175	0.1114
2.222	-2.583	0.1104
2.121	-0.02851	0.1061
2.152	-1.447	0.09288
2.17	-1.67	0.1033
2.353	3.063	0.1153
2.335	1.9	0.08224
2.182	-4.135	0.07853
2.388	-3.429	0.06368
2.452	-1.897	0.05964
2.44	-1.184	0.06438
2.408	3.828	0.05818
2.279	0.2095	0.0538
2.427	3.095	0.07715
2.516	2.399	0.06676
2.326	-0.1791	0.06325
2.302	3.925	0.1027
2.383	3.896	0.1105
2.237	1.003	0.09026
2.305	2.047	0.0843
2.226	-1.391	0.08773
2.146	-2.04	0.07328
2.09	-1.424	0.07568
2.248	2.347	0.1034
2.343	2.137	0.1061
2.25	0.6979	0.07706
2.197	-0.1711	0.08807
2.148	-2.363	0.1076
2.328	-3.558	0.129
2.445	-1.395	0.1315
2.248	-3.809	0.118
2.377	2.014	0.1406
2.43	2.878	0.1473
2.374	1.44	0.09382
2.28	4.468	0.058
2.472	2.171	0.1337
2.486	-0.4008	0.113
2.414	-0.4226	0.1135
2.358	-3.454	0.1291
2.279	-2.92	0.1187
2.66	0.8284	0.1519
2.562	2.22	0.142
2.382	1.034	0.1507
2.54	-0.4876	0.1574
2.612	1.19	0.1663
2.523	-4.123	0.1692
2.611	-0.4347	0.173
2.554	-1.439	0.1501
2.514	-1.872	0.142
2.545	-1.243	0.1518
2.748	1.421	0.1652
2.341	3.088	0.1757
2.321	0.7042	0.1548
2.387	2.832	0.1361
2.239	0.211	0.1722
2.26	-0.25	0.1685
2.233	-3.246	0.158
2.187	-0.07752	0.152
2.245	-1.148	0.1502
2.284	3.43	0.0602
2.293	-0.5088	0.05844
2.268	-0.07084	0.09701
2.264	-1.58	0.06167
2.22	3.547	0.05885
2.247	2.123	0.06233
2.442	-3.791	0.04261
2.327	1.386	0.1181
2.265	-0.9695	0.1072
2.268	1.872	0.1472
2.266	0.3373	0.1374
2.26	-3.656	0.1197
2.24	3.74	0.118
2.261	2.562	0.1101
2.161	1.265	0.05215
2.249	-0.296	0.05952
2.266	3.56	0.09099
2.186	-0.02464	0.09247
2.21	0.3691	0.1044
2.227	2.878	0.05682
2.424	2.315	0.06287
2.24	-1.222	0.09804
2.189	0.1628	0.06061
2.229	2.066	0.05582
2.114	0.1585	0.05818
2.27	1.591	0.05915
2.303	-3.96	0.1268
2.265	-2.267	0.1288
2.296	0.8001	0.1316
2.33	-3.232	0.1278
2.324	0.1805	0.1325
2.292	2.825	0.1463
2.302	2.796	0.1471
2.538	0.2548	0.07958
2.336	2.382	0.1191
2.379	-0.4614	0.06141
2.306	1.185	0.06243
2.314	0.1196	0.06789
2.317	2.654	0.1274
2.39	1.032	0.1366
2.301	-3.584	0.1208
2.408	-3.221	0.08504
2.414	0.4746	0.06521
2.396	3.726	0.116
2.363	3.008	0.1389
2.482	-1.333	0.07227
2.388	1.522	0.07395
2.203	1.263	0.07877
2.279	2.509	0.1322
2.29	2.441	0.1498
2.303	2.402	0.1363
2.298	3.575	0.1354
2.211	1.281	0.1301
2.295	-1.385	0.1338
2.334	1.931	0.1497
2.146	0.6352	0.07084
2.259	1.029	0.1076
2.228	1.653	0.1176
2.103	-1.57	0.0988
2.049	-2.14	0.1161
2.213	2.712	0.1312
2.179	-0.5828	0.1253
2.271	1.603	0.1442
2.187	2.209	0.1321
2.006	-3.202	0.1151
2.128	-1.273	0.1162
1.914	-1.504	0.108
2.006	-2.911	0.1084
2.017	-0.0675	0.1045
1.925	2.699	0.0805
1.747	1.134	0.05335
1.746	-0.1954	0.04553
1.941	-0.7837	0.09921
1.833	1.259	0.07753
1.65	0.2439	0.04195
1.534	0.547	0.0298
1.272	-0.2578	0.01288
2	-1.956	0.07685
1.98	-0.5906	0.09909
2.07	-0.9508	0.05845
2.016	-1.927	0.06591
1.998	-4.807	0.08507
2.059	-0.4481	0.09513
1.98	0.8653	0.09319
1.795	1.455	0.05959
1.55	0.5404	0.0303
1.907	-2.302	0.09039
1.918	0.4935	0.08445
1.94	-0.9547	0.08385
1.707	0.85	0.04265
1.422	0.2188	0.01129
2.063	-3.702	0.09529
1.922	0.002452	0.07526
1.934	0.5424	0.06397
2.156	1.493	0.08914
2.039	1.815	0.06304
2.218	1.054	0.1145
2.352	-4.986	0.122
2.185	-0.8668	0.1035
2.203	0.1698	0.1008
2.203	1.669	0.128
2.189	-2.496	0.1356
2.247	-4.647	0.1209
2.136	0.7384	0.08908
2.13	-1.029	0.09604
2.091	-3.674	0.05503
2.173	1.677	0.08859
2.287	-1.887	0.1138
2.193	2.716	0.1201
2.183	-4.093	0.1353
2.285	0.1956	0.1126
2.318	0.6665	0.1152
2.305	2.501	0.1172
2.162	-2.23	0.1375
2.174	-0.5397	0.1337
2.154	0.565	0.1329
2.254	3.382	0.1414
2.228	3.274	0.1468
2.436	-0.2028	0.1295
2.446	-4.347	0.126
2.175	1.952	0.1147
2.263	3.287	0.1166
2.448	-1.024	0.1198
2.503	-2.388	0.1297
2.483	0.9283	0.1422
2.176	4.192	0.1319
2.172	4.496	0.1272
2.177	1.85	0.1475
2.165	2.213	0.1415
2.173	-0.4195	0.1383
2.165	2.803	0.1361
2.256	3.867	0.1252
2.486	-0.154	0.117
2.498	-3.137	0.1298
2.402	2.148	0.1121
2.465	1.474	0.1191
2.366	4.039	0.1243
2.324	-0.03766	0.1301
2.298	1.234	0.1382
2.431	3.226	0.14
2.367	4.489	0.136
2.453	5.318	0.1463
2.46	3.676	0.1543
2.499	4.185	0.1367
2.286	-1.993	0.1695
2.39	2.829	0.1726
2.248	-1.969	0.1382
2.448	2.23	0.1521
2.288	-2.126	0.1741
2.414	-0.4221	0.1758
2.261	1.865	0.1858
2.147	-1.547	0.1468
2.163	3.049	0.1421
2.155	-2.548	0.1588
2.174	-1.391	0.1671
2.291	3.719	0.169
2.553	2.869	0.1717
2.38	2.711	0.1712
2.335	-1.43	0.154
2.443	0.3406	0.1678
2.512	3.311	0.1696
2.326	-2.686	0.1661
2.374	-1.09	0.1867
2.433	-0.4486	0.1637
2.383	-0.9017	0.1598
2.318	-4.397	0.1533
2.506	2.713	0.1588
2.504	1.55	0.1675
2.443	-0.9154	0.2039
2.46	2.343	0.2084
2.46	-1.206	0.1915
2.454	3.033	0.1763
2.455	3.089	0.1707
2.125	-3.072	0.1906
2.116	-3.074	0.1932
2.403	1.519	0.2088
2.327	3.157	0.164
2.13	1.127	0.1877
2.23	3.138	0.1889
2.315	1.968	0.2021
2.413	0.1488	0.195
2.253	2.819	0.1713
2.491	1.768	0.2129
2.513	-0.9675	0.2102
2.488	0.4271	0.2024
2.219	-1.119	0.1619
2.436	2.485	0.1918
2.249	-2.509	0.1605
2.508	2.84	0.1704
2.427	2.101	0.1675
2.522	1.447	0.1773
2.524	2.727	0.1894
2.298	2.931	0.1927
2.27	-0.5416	0.08727
2.383	2.581	0.1246
1.483	-0.3387	-0.01124
2.114	-0.2888	0.04257
2.187	0.6291	0.1164
2.329	1.55	0.1321
2.423	-0.1618	0.1528
2.238	-2.173	0.1782
2.21	-1.963	0.1878
2.308	3.142	0.1504
2.298	2.556	0.168
2.323	2.422	0.1722
2.166	-0.5575	0.1868
2.372	1.581	0.1453
2.264	-0.4648	0.1729
2.358	0.1056	0.1597
2.44	2.683	0.1409
1.417	0.5577	-0.05928
1.721	-0.4712	0.0326
1.572	1.362	-0.03332
2.123	0.1879	0.07656
2.022	-0.4167	0.04821
2.151	-4.476	0.1129
2.229	-4.103	0.1209
1.944	-1.969	0.07055
2.314	-3.003	0.1043
2.228	-2.796	0.1079
2.231	-2.592	0.09232
2.532	-2.701	0.1311
2.475	-0.8228	0.1328
2.392	2.593	0.1421
2.213	0.1217	0.1221
2.234	-2.65	0.1292
2.287	-1.417	0.1088
2.203	3.837	0.1323
2.236	2.561	0.1445
2.369	3.039	0.129
2.259	0.7825	0.1232
2.385	3.83	0.1336
1.343	-0.3368	-0.07457
1.286	-0.3244	-0.05285
1.282	0.1072	-0.07157
1.351	2.531	-0.06603
1.359	1.164	-0.05058
1.257	-0.3977	-0.007324
1.251	-0.386	-0.03137
1.347	-0.2438	0.01883
1.204	-0.3889	-0.004673
1.235	-0.233	-0.01247
1.272	0.09935	-0.04714
1.459	0.6854	-0.01946
1.231	-0.2581	-0.04192
1.242	-0.1449	-0.02834
1.268	-0.05846	-0.009488
1.526	0.2221	0.01498
1.374	0.8156	0.00346
1.692	-0.3218	0.03609
1.617	0.6027	0.04605
2.232	-3.65	0.1526
2.099	-1.017	0.09476
2.34	3.295	0.141
2.21	-2.48	0.1176
2.072	0.4246	0.1166
2.366	1.557	0.1519
2.33	1.398	0.1451
2.351	2.31	0.06918
2.424	0.02328	0.08691
1.303	-0.9727	-0.06802
2.421	2.581	0.1577
2.164	-2.948	0.1025
2.114	-3.815	0.1532
2.083	-5.079	0.06886
2.169	1.208	0.109
1.923	-2.491	0.06332
1.824	0.7451	0.0848
2.539	2.048	0.09439
2.4	0.8983	0.1266
1.413	1.289	-0.01193
2.118	0.5474	0.1275
2.415	0.595	0.1239
2.224	-2.453	0.1114
2.456	1.448	0.09574
2.232	3.432	0.1252
2.158	2.225	0.1231
2.626	0.02221	0.1582
2.175	2.293	0.109
2.234	-2.529	0.09163
2.334	1.425	0.08298
2.233	3.674	0.1554
2.124	-2.971	0.104
2.081	-1.832	0.08972
1.014	0.3667	0.04143
2.01	-4.073	0.1167
2.511	2.632	0.1332
2.393	0.1502	0.1524
2.542	-0.7136	0.1787
2.402	1.762	0.1927
1.886	-0.8938	0.1384
1.668	-1.106	0.04309
1.974	-1.373	0.08262
2.224	-0.8347	0.08845
1.991	-4.185	0.06771
2.366	2.005	0.1343
2.258	2.932	0.1744
2.374	3.124	0.1396
2.437	4.53	0.1411
2.21	-2.913	0.1261
2.395	-1.088	0.1316
2.143	-4.741	0.1019
2.081	0.9551	0.09697
2.185	1.692	0.1255
2.198	1.498	0.1076
2.087	-4.19	0.09764
2.027	-2.774	0.09847
2.315	2.434	0.1125
2.144	4.049	0.06002
2.566	-1.404	0.1517
2.07	-0.4395	0.109
1.868	-1.139	0.05065
1.742	-2.695	-0.02818
1.777	-0.5917	0.04347
1.957	1.818	-0.02565
2.096	2.951	0.1234
2.217	2.699	0.121
2.029	0.2862	0.08466
1.115	0.4902	-0.003996
2.083	-2.721	0.0708
1.969	1.069	0.07483
1.238	1.221	-0.02751
2.442	1.641	0.1138
2.12	-3.184	0.1029
2.02	2.557	0.124
2.243	3.707	0.135
2.478	1.688	0.1351
2.268	1.018	0.128
2.305	2.874	0.1358
2.263	2.331	0.1166
2.251	2.581	0.1226
2.168	0.3769	0.1203
2.237	3.457	0.1126
2.189	1.925	0.1078
2.104	-3.599	0.1062
2.096	-4.048	0.1305
2.163	2.123	0.1023
2.194	1.034	0.109
2.16	-3.071	0.08387
2.59	2.519	0.0851
2.834	-7.257	0.07364
2.161	-0.4933	0.08669
2.028	-3.322	0.07703
2.001	0.475	0.07627
2.053	-2.418	0.1065
2.421	2.456	0.1523
2.225	1.607	0.1121
2.2	0.2967	0.07639
2.443	2.264	0.1437
2.655	2.445	0.1408
2.49	2.871	0.1381
2.373	-2.018	0.1597
2.439	-1.502	0.1426
2.128	-2.412	0.05455
2.447	-4.348	0.05728
2.436	3	0.1413
2.222	2.593	0.1001
2.498	4.565	0.0648
2.289	-3.051	0.04841
2.461	1.155	0.1076
2.156	0.9765	0.1393
2.213	0.2128	0.137
2.352	1.569	0.1189
2.219	2.542	0.1559
2.344	1.502	0.1511
2.32	0.8985	0.1421
2.24	0.4921	0.08367
2.203	0.1317	0.1405
2.118	-0.7395	0.1128
1.577	-0.6417	0.07884
1.658	1.085	0.06202
1.118	0.5889	0.0168
2.1	-4.398	0.06522
1.919	-1.427	0.09314
1.721	-0.7016	0.07861
2.116	-1.065	0.0985
1.776	2.048	0.08833
2.178	3.696	0.1175
2.128	-4.946	0.116
2.24	1.818	0.09473
2.195	2.777	0.1341
2.267	0.1062	0.1306
2.586	1.424	0.1126
2.263	-0.4102	0.1306
2.22	-1.283	0.1332
2.588	1.482	0.1192
2.411	1.411	0.1279
2.529	4.402	0.1437
2.148	3.705	0.129
2.548	-0.6931	0.1627
2.559	1.744	0.1609
2.443	2.676	0.1474
2.462	1.378	0.1578
2.401	2.216	0.1592
2.525	-1.017	0.1841
2.434	-1.838	0.195
2.13	0.5693	0.1549
2.399	-2.528	0.1822
2.511	2.346	0.187
2.569	2.658	0.1733
1.895	0.5651	0.05043
2.428	3.927	0.1337
2.161	-2.857	0.1682
2.056	-2.118	0.1379
1.404	1.705	-0.07082
1.967	-0.1373	0.1053
2.221	-1.786	0.1534
2.379	3.746	0.1331
2.114	-0.7759	0.1219
0.7817	0.4158	-0.04319
0.6499	-0.08429	-0.01241
1.122	0.9293	0.0367
2.041	-5.127	0.08386
1.982	-4.916	0.07052
2.061	-3.428	0.07939
2.008	-1.762	0.09038
2.203	-2.163	0.1016
2.023	-2.43	0.07902
2.012	-2.182	0.06629
2.186	-2.705	0.08334
1.97	-5.353	0.05797
2.316	3.778	0.1232
2.384	3.468	0.1362
2.372	2.468	0.1257
2.344	-0.6208	0.1495
2.396	0.6636	0.1705
2.243	-1.91	0.1563
2.187	-2.781	0.1522
2.11	-3.406	0.1687
2.165	-0.02097	0.1384
2.345	0.3787	0.1219
2.294	-0.246	0.1195
2.383	-0.01705	0.1215
2.422	3.784	0.136
2.194	-1.88	0.1349
2.421	3.882	0.1401
2.261	-0.4485	0.1089
2.16	-5.879	0.135
2.28	0.769	0.1348
2.365	3.588	0.141
2.309	2.905	0.1326
2.359	3.845	0.143
2.111	-3.897	0.09886
2.078	-2.64	0.09218
2.146	-4.511	0.1025
2.134	-4.766	0.1032
2.137	-1.963	0.09893
1.976	0.773	0.08938
1.973	-1.881	0.09613
2.207	3.927	0.117
2.202	2.547	0.1144
2.133	-0.2689	0.1053
2.111	-0.1696	0.1223
2.178	-2.516	0.1193
2.222	-0.4701	0.1224
2.116	2.666	0.1048
1.96	-1.04	0.06846
1.964	-0.7851	0.07721
1.951	-1.187	0.09623
2.061	-4.077	0.1037
2.11	-0.7347	0.1014
1.968	-0.8558	0.08915
1.969	-2.996	0.08633
2.21	3.463	0.1221
2.1	3.984	0.08643
2.135	2.969	0.1146
2.328	2.428	0.129
2.376	0.5373	0.1379
2.409	2.166	0.1242
2.504	1.098	0.1571
2.024	3.725	0.05769
2.264	3.095	0.09069
2.395	2.434	0.09988
2.239	0.155	0.06929
2.572	0.1024	0.132
2.078	3.158	0.07968
1.854	-2.959	0.04676
2.077	0.7222	0.1114
2.185	-1.29	0.1087
2.127	-2.023	0.08854
2.006	-0.8077	0.09911
1.92	1.455	0.07009
1.842	2.666	0.01854
1.919	4.674	0.03075
1.852	0.2319	0.01468
1.793	-3.312	0.019
1.868	2.102	0.03493
1.744	-0.856	-0.04523
1.999	3.166	0.06303
1.805	-2.708	0.07207
1.716	-1.335	-0.005491
1.577	-3.05	-0.04102
1.439	-1.412	-0.04362
1.474	-1.903	-0.05985
2.033	2.65	0.1163
2.05	2.252	0.1185
2.283	3.263	0.1337
2.327	1.19	0.1272
2.245	3.573	0.1314
2.08	3.725	0.1182
1.943	1.111	0.1082
2.317	1.303	0.09676
2.004	-1.984	0.07402
2.28	-0.5724	0.09966
1.719	0.1152	0.06345
1.59	0.8816	0.02005
1.733	0.2767	0.03831
1.746	-0.7613	0.02374
1.015	0.241	-0.01807
1.701	0.5523	0.03635
2.128	2.117	0.1053
1.883	1.206	0.09528
2.203	0.2258	0.108
2.038	1.119	0.07593
1.633	-1.669	0.03274
1.824	3.084	0.06565
1.318	0.7628	-0.01829
1.679	0.4623	0.03821
1.659	2.621	0.01511
1.262	0.8995	-0.05948
2.079	-0.8356	0.09733
1.775	0.5907	0.07996
2.436	-0.7572	0.1188
2.292	-2.344	0.09625
2.277	-1.079	0.1034
2.432	-0.2942	0.1184
2.246	0.2549	0.1087
2.179	3.477	0.1342
2.358	1.992	0.1347
2.033	3.235	0.1196
2.026	1.377	0.124
2.044	-0.7129	0.1297
2.021	-1.401	0.1235
2.117	3.068	0.1327
2.486	3.571	0.1284
2.499	1.824	0.1313
2.435	2.333	0.1308
2.364	2.286	0.1357
2.285	2.882	0.1353
2.45	3.385	0.1371
2.441	3.533	0.1332
2.198	-0.7807	0.1288
2.29	2.889	0.1344
2.3	-1.383	0.1333
2.253	-0.53	0.1236
2.245	-0.094	0.1306
2.324	1.201	0.1223
2.161	-0.8731	0.1186
2.145	1.064	0.121
2.235	-1.915	0.1231
2.365	1.542	0.118
2.283	-3.586	0.113
2.353	2.174	0.1109
2.065	3.373	0.1251
2.068	-1.367	0.1187
2.086	2.648	0.1237
2.198	3.168	0.124
2.252	3.728	0.1205
2.264	-1.373	0.115
2.24	2.111	0.1136
2.178	0.8094	0.1168
2.255	2.952	0.1164
2.22	0.8718	0.1119
2.188	2.046	0.1045
2.21	3.827	0.1033
2.173	-1.81	0.1075
2.151	1.354	0.1041
2.139	-1.705	0.1042
2.101	-2.127	0.1164
2.126	-3.867	0.1207
2.149	0.906	0.1084
2.311	2.494	0.1142
2.113	-0.02753	0.117
2.154	1.217	0.1127
2.101	-1.581	0.1302
2.257	0.246	0.1099
2.146	3.224	0.1101
2.108	-0.2057	0.09898
2.224	1.67	0.1072
2.338	3.362	0.1119
2.348	1.988	0.09853
2.288	3.654	0.1104
2.072	-4.902	0.09748
2.228	2.604	0.1073
2.074	-3.102	0.1072
2.133	1.946	0.1065
2.268	1.883	0.09999
2.395	2.038	0.09914
2.49	0.6508	0.1056
2.523	0.7689	0.0862
2.375	-4.754	0.06975
2.726	0.002234	0.07471
2.437	-3.289	0.08687
2.492	1.912	0.0857
2.374	3.356	0.08924
2.253	4.06	0.08874
2.413	1.201	0.08927
2.501	3.271	0.07541
2.089	-0.2833	0.08031
2.083	2.531	0.111
2.038	2.477	0.1082
2.091	0.2984	0.08153
2.254	2.627	0.08669
2.065	-2.699	0.07458
1.958	-2.705	0.06848
1.936	-0.1506	0.0708
2.02	1.26	0.0983
2.123	-0.5724	0.1139
2.051	2.459	0.08203
1.962	-2.033	0.08216
2.036	-5.232	0.08061
2.249	-0.4645	0.1358
2.327	3.105	0.1372
2.209	-3.056	0.1288
2.402	0.07064	0.1496
2.364	3.021	0.1445
2.129	3.138	0.09485
2.221	4.075	0.1001
2.23	2.321	0.1189
2.126	-1.818	0.09256
2.209	-1.046	0.08446
2.183	0.9168	0.08396
2.25	-3.905	0.08182
2.377	2.412	0.1517
2.366	-1.446	0.1358
2.364	-4.525	0.1466
2.353	-2.865	0.1509
2.513	2.544	0.1517
2.607	0.2947	0.1547
2.811	-0.6714	0.1457
2.276	-0.7265	0.1161
2.332	-2.83	0.1184
2.225	-2.013	0.127
2.464	3.9	0.1369
2.688	1.693	0.1487
2.441	3.063	0.1395
2.293	-2.673	0.1223
2.469	4.091	0.1612
2.456	-0.2824	0.156
2.408	-3.064	0.16
2.33	-0.5733	0.1536
2.394	1.085	0.1555
2.323	4.648	0.09414
2.444	-2.111	0.0603
2.178	1.069	0.0763
2.205	-2.875	0.06505
2.348	3.98	0.07386
2.456	-0.06541	0.05288
2.429	1.805	0.06259
2.287	-2.238	0.1224
2.216	3.098	0.1113
2.425	1.586	0.1552
2.453	2.497	0.144
2.355	2.214	0.1212
2.278	4.317	0.1159
2.253	0.7434	0.1009
2.167	0.4461	0.05625
2.567	1.679	0.05908
2.101	2.922	0.07813
2.064	-1.709	0.07399
2.162	2.91	0.06884
2.523	1.757	0.05954
2.413	1.747	0.09042
2.254	0.705	0.0786
2.539	1.183	0.05354
2.491	2.659	0.05978
2.261	-0.1975	0.05181
2.397	2.237	0.08679
2.142	-3.239	0.1272
2.221	-2.047	0.132
2.192	-1.803	0.1373
2.094	-2.869	0.1367
2.152	2.087	0.1363
2.186	2.568	0.1482
2.212	-0.0352	0.1489
2.728	0.5208	0.1118
2.342	-0.05689	0.122
2.894	-3.663	0.08399
2.923	-3.145	0.08483
2.325	0.4473	0.1037
2.181	-0.3387	0.1473
2.221	1.023	0.1574
2.2	-3.168	0.1333
2.229	0.7505	0.1385
2.269	2.51	0.1359
2.258	3.099	0.1621
2.257	3.019	0.1595
2.317	3.698	0.1519
2.387	2.194	0.1437
2.425	2.297	0.117
2.254	2.636	0.1364
2.277	3.348	0.1534
2.272	3.707	0.142
2.339	1.916	0.139
2.33	1.969	0.1325
2.252	0.9625	0.1446
2.265	1.226	0.1532
2.253	0.8267	0.08136
2.357	-0.1983	0.1233
2.264	-2.441	0.1283
2.177	-2.757	0.09375
2.134	-2.643	0.1211
2.244	0.8585	0.1313
2.212	-0.3352	0.1185
2.266	1.794	0.1438
2.162	-1.135	0.13
2.04	-4.109	0.1085
2.115	-3.17	0.1025
1.807	0.9381	0.1046
1.955	-2.734	0.1091
1.949	-0.4274	0.1051
1.705	0.2184	0.07243
1.461	0.2625	0.04307
1.504	1.601	0.02329
1.86	-0.5236	0.08317
1.552	0.4657	0.06508
1.391	1.236	0.03627
1.329	1.278	0.04319
0.9131	0.2089	0.02731
2.058	-2.292	0.06733
1.99	-3.393	0.08727
2.203	-0.9411	0.04933
2.111	-3.372	0.06375
2.025	-3.332	0.0823
2.088	2.072	0.09858
1.95	1.584	0.08623
1.66	0.2608	0.0729
1.524	1.429	0.05939
1.838	-1.053	0.0899
1.815	0.6197	0.07456
1.937	0.6374	0.08133
1.7	1.806	0.08294
1.344	0.8115	0.05773
2.157	-2.472	0.1061
1.998	-0.1327	0.09921
2.017	0.1185	0.1027
2.165	2.041	0.1219
2.103	1.557	0.1112
2.209	-1.631	0.1169
2.207	-3.667	0.1437
2.216	-3.227	0.1034
2.206	2.621	0.1082
2.162	1.554	0.121
2.146	-2.344	0.1294
2.031	-4.642	0.1093
2.188	-1.411	0.07859
2.181	-0.685	0.08814
2.18	-4.529	0.04788
2.243	1.865	0.08133
2.253	0.9191	0.09507
2.176	3.848	0.124
2.173	-4.225	0.1346
2.243	-1.564	0.1095
2.245	1.979	0.1134
2.25	2.341	0.1149
2.252	-1.937	0.1383
2.094	2.5	0.1198
2.279	2.366	0.1383
2.39	2.834	0.1499
2.333	3.432	0.1464
2.184	-2.924	0.1312
2.192	-4.397	0.149
2.225	3.315	0.1065
2.204	0.8477	0.1121
2.396	5.309	0.1247
2.494	-2.44	0.1384
2.505	0.4511	0.1398
2.321	4.073	0.1193
2.314	3.344	0.1114
2.272	2.831	0.1397
2.264	3.332	0.125
2.368	3.195	0.1271
2.299	3.325	0.1282
2.512	-0.07035	0.1258
2.583	-0.6492	0.1322
2.39	-4.244	0.1426
2.605	3.403	0.1131
2.596	3.481	0.121
2.466	2.713	0.1256
2.303	-1.016	0.13
2.211	-0.01059	0.1413
2.49	2.915	0.1361
2.405	3.718	0.134
2.406	4.371	0.1321
2.568	4.349	0.1386
2.368	3.793	0.1204
2.58	1.941	0.1591
2.538	3.689	0.1473
2.533	1.432	0.146
2.54	2.499	0.1494
2.589	2.373	0.1714
2.579	3.032	0.1755
2.665	1.833	0.1787
2.301	2.428	0.1398
2.521	0.7201	0.1412
2.283	-2.583	0.1437
2.393	1.043	0.1528
2.477	2.284	0.1577
2.517	-0.7859	0.1631
2.463	0.4581	0.1676
2.525	-1.672	0.155
2.474	0.9935	0.1554
2.488	2.659	0.1564
2.443	-2.346	0.1519
2.454	1.036	0.169
2.498	-2.737	0.1505
2.42	-0.7318	0.1375
2.346	-0.4315	0.1374
2.529	1.924	0.1774
2.403	2.852	0.1897
2.521	1.362	0.1947
2.506	1.143	0.1997
2.453	-2.38	0.197
2.255	2.468	0.1883
2.209	2.512	0.1759
2.209	3.204	0.1753
2.303	1.895	0.1669
2.403	2.242	0.1898
2.223	3.552	0.1405
2.318	2.891	0.1478
2.455	2.316	0.17
2.47	1.259	0.1741
2.446	1.835	0.1912
2.232	0.6979	0.1634
2.493	0.4633	0.1991
2.481	1.279	0.1894
2.506	-1.596	0.1797
2.292	-2.28	0.1502
2.514	1.176	0.1792
2.352	-1.651	0.1385
2.612	1.03	0.1761
2.635	1.667	0.1449
2.643	1.737	0.1666
2.54	2.429	0.1809
2.492	3.32	0.1856
2.274	-0.8506	0.08751
2.646	3.118	0.1192
1.557	-0.384	-0.01953
1.988	0.8205	0.03917
2.036	1.234	0.09794
1.856	1.521	0.1128
1.966	1.582	0.1328
2.388	1.225	0.1727
2.352	-0.1389	0.1726
2.521	1.646	0.1527
2.215	0.2671	0.1583
1.978	0.3752	0.1489
2.125	1.387	0.1594
1.957	-0.7806	0.1365
2.025	-3.172	0.1516
2.092	0.1733	0.1458
2.192	-0.1314	0.1378
1.326	0.6392	-0.07517
1.714	-0.6512	0.00293
1.409	2.515	-0.05552
1.956	-0.9466	0.04239
1.791	-1.564	0.009879
1.886	-3.38	0.08833
1.853	-1.62	0.1248
2.127	-1.859	0.1127
2.235	-4.913	0.1423
2.184	1.22	0.1294
2.236	-3.496	0.1606
2.224	-5.6	0.1712
2.396	1.848	0.1281
2.541	2.697	0.1305
2.079	-3.327	0.1198
1.938	3.329	0.1377
2.221	2.178	0.1193
2.384	4.506	0.1182
2.32	4.413	0.1343
1.928	4.23	0.1287
2.085	2.65	0.1235
2.025	1.514	0.1321
1.103	0.8297	-0.07813
0.8568	0.2515	-0.0425
0.9819	1.085	-0.05529
1.089	2.534	-0.0622
1.013	1.192	-0.03048
0.696	-0.1093	-0.0197
0.7023	-0.04311	-0.03234
1.064	0.4144	-0.000163
0.6739	-0.1161	0.002305
0.7595	0.01681	0.01571
0.828	0.429	-0.008744
1.391	2.029	0.04215
0.6997	0.1128	-0.02612
0.7524	0.2061	0.005267
0.9885	0.3435	0.03561
1.61	1.642	0.09149
1.367	1.233	0.06705
1.982	-0.2782	0.1263
