1.617	1.085	0.05097
1.696	-0.1238	0.4361
2.147	-1.462	0.1136
2.439	2.764	0.2378
2.447	-0.7837	0.2148
2.011	0.4127	0.2716
1.901	1.302	0.2402
1.973	1.122	0.2395
2.457	1.458	0.1876
2.7	2.606	0.1366
1.365	-0.2647	-0.0986
2.199	-1.019	0.2318
2.256	-3.339	0.1477
2.359	0.0972	0.1869
2.586	-3.436	0.1744
2.195	0.827	0.1997
2.05	-1.944	0.1391
1.838	0.5462	0.1294
2.096	1.998	0.2975
1.843	0.8856	0.2113
1.392	0.9805	-0.09441
2.387	-0.3544	0.2346
2.037	2.606	0.1391
2.454	1.291	0.1934
2.503	-4.933	0.1304
2.496	2.192	0.1728
2.559	1.834	0.2143
2.326	0.9749	0.1998
2.489	-3.076	0.2168
2.28	1.817	0.1579
2.661	-0.00842	0.1801
2.195	3.056	0.203
2.284	-3.091	0.1486
2.072	1.253	0.1267
1.209	-0.438	-0.01634
1.978	-0.3157	0.3694
1.928	-0.7943	0.2436
2.04	0.1197	0.4461
2.356	1.915	0.2759
2.292	1.386	0.2802
2.162	-1.809	0.4041
1.487	-1.362	0.06184
2.201	0.06223	0.1272
2.467	-1.079	0.1529
2.295	-4.578	0.1359
2.172	3.04	0.1726
2.293	1.683	0.208
2.3	3.33	0.1528
2.443	2.849	0.1558
2.419	0.06701	0.1992
2.379	2.702	0.1974
2.125	-1.221	0.1378
2.101	-0.06747	0.1414
2.038	0.05572	0.2576
2.04	2.741	0.2173
2.115	-3.29	0.1937
2.098	-3.703	0.149
2.089	2.516	0.2088
2.059	3.38	0.2084
2.206	1.084	0.3083
1.941	0.09973	0.2385
2.03	-1.411	0.1132
2.062	3.419	0.01311
1.573	-0.8881	-0.001759
2.011	1.679	-0.0515
1.925	3.31	0.2782
1.663	2.336	0.2059
1.703	0.1779	0.121
1.305	0.07308	-0.07843
1.614	-0.5236	0.07934
1.557	2.432	0.08525
1.367	0.5248	-0.1066
2.017	2.076	0.1909
1.854	-1.358	0.1483
2.173	3.419	0.2731
2.068	4.509	0.249
2.159	3.538	0.1786
2.512	-1.691	0.1955
2.199	3.72	0.1481
2.538	-0.3153	0.2327
2.615	5.282	0.2402
2.315	2.329	0.2599
2.273	2.069	0.1947
2.153	3.514	0.1258
2.578	0.6505	0.1796
2.533	0.1857	0.24
2.161	1.115	0.1024
2.189	-1.743	0.1407
2.417	0.8173	0.184
2.553	-4.132	0.1389
2.803	1.58	0.1755
2.33	2.219	0.1305
2.514	3.043	0.1521
2.404	-0.2575	0.1311
2.368	-2.999	0.1959
2.42	3.448	0.2484
2.755	-0.3612	0.2341
2.842	4.18	0.1657
2.698	-1.183	0.2468
2.647	1.875	0.2443
2.298	3.96	0.2058
1.994	-4.862	0.2307
2.125	-3.071	0.2238
2.865	-1.218	0.1556
2.837	3.474	0.161
2.024	-2.289	0.1997
2.485	1.653	0.1895
2.488	2.935	0.1422
2.259	-2.761	0.1381
2.46	2.532	0.1953
2.366	-0.4471	0.1901
2.277	-0.7718	0.2092
2.462	-1.405	0.1728
2.303	3.021	0.1934
2.394	2.868	0.2142
2.048	2.689	0.1777
2.452	-0.6778	0.1992
2.212	0.9483	0.1978
2.047	0.6993	0.1703
1.701	0.4584	0.07832
1.974	0.3524	0.02088
1.235	-0.3027	-0.09121
2.212	-3.833	0.1488
2.198	-1.079	0.1378
1.81	0.1243	0.04146
1.55	-0.4336	0.2244
1.446	0.1295	0.142
1.936	0.7077	0.2324
1.72	-1.639	0.4781
2.182	-1.335	0.1563
2.131	2.057	0.2057
1.859	1.756	0.245
1.765	2.158	0.5064
1.976	-1.428	0.5767
1.892	2.03	0.2378
1.759	1.209	0.2787
1.733	1.563	0.313
1.848	0.9564	0.2289
1.946	4.904	0.2714
2.021	0.9348	0.2292
2.055	2.051	0.2627
2.178	1.132	0.2288
2.321	1.186	0.2403
2.5	1.618	0.2556
2.33	1.362	0.2571
2.366	-1.685	0.2402
2.133	1.135	0.2956
2.241	0.3976	0.2882
2.411	0.3772	0.2438
2.239	1.468	0.3024
1.65	0.1721	0.01674
2.113	1.912	0.1951
2.295	1.316	0.34
2.102	1.581	0.2797
1.313	1.666	-0.07297
1.971	-2.295	0.3075
1.811	-1.332	0.3935
2.13	1.881	0.4265
2.182	-0.4148	0.3224
1.157	0.2308	-0.08101
1.129	-0.3208	-0.05449
1.205	-0.2639	0.03173
2.175	-4.445	0.1237
2.277	-2.353	0.1271
2.191	-3.075	0.1178
2.265	-2.278	0.1318
2.349	-3.583	0.1493
2.366	-2.629	0.1329
2.435	-2.995	0.139
2.57	0.7096	0.1625
2.512	-5.017	0.1577
2.194	2.18	0.1596
2.254	4.184	0.1614
2.321	1.698	0.1561
2.196	-0.4484	0.2009
2.225	0.852	0.2196
2.248	-2.34	0.1855
2.3	-0.1719	0.1697
2.357	-1.109	0.1955
2.365	2.446	0.1559
2.547	1.116	0.1572
2.572	-2.644	0.1672
2.447	4.168	0.1554
2.392	2.501	0.1481
2.386	2.734	0.152
2.455	2.952	0.1719
2.512	-1.047	0.1898
2.375	0.7417	0.1883
2.406	2.825	0.1626
2.386	4.009	0.1847
2.429	1.841	0.2192
2.381	4.096	0.2147
2.133	-1.229	0.121
2.134	-3.369	0.1312
2.202	-4.48	0.1667
2.17	-4.401	0.1726
2.123	-1.556	0.1452
2.132	0.4426	0.131
2.159	-2.028	0.1321
2.115	4.148	0.2319
2.08	3.766	0.2304
2.152	-0.2772	0.2053
2.017	-1.027	0.2674
1.997	-2.257	0.254
2.021	0.9572	0.2467
2.07	2.422	0.2085
2.036	-2.621	0.1334
2.05	-1.224	0.136
2.087	-0.6785	0.1347
2.173	-3.938	0.1485
2.125	-1.243	0.1637
2.076	-0.6575	0.1393
2.063	-2.787	0.1477
2.113	3.101	0.1686
2.055	3.316	0.1894
2.073	2.692	0.18
2.115	2.847	0.1884
2.161	-0.3851	0.2251
2.146	0.07053	0.2605
2.222	0.1077	0.254
2.052	3.305	0.1762
2.079	1.666	0.2226
2.137	1.531	0.2795
2.096	1.874	0.2619
2.147	1.72	0.3291
2.023	-1.943	0.1343
2.046	-1.058	0.1202
1.977	0.2231	0.2626
1.998	-1.018	0.2279
2.023	3.021	0.1675
1.832	-0.1467	0.1881
2.01	-1.461	0.09169
2.056	3.843	0.1464
2.064	3.392	0.1414
2.059	3.816	0.1433
2.041	0.09108	0.07473
2.005	-2.056	0.03647
2.072	3.524	-0.02916
2.078	2.523	0.1293
1.653	-1.444	0.07596
2.008	-0.642	-0.03372
1.742	-1.348	-0.1061
1.436	-1.844	-0.09929
1.535	-2.758	-0.1275
2.014	1.467	0.2807
1.903	1.806	0.2718
1.851	3.198	0.2486
1.754	1.107	0.2161
1.776	3.432	0.253
1.744	2.581	0.2448
1.608	0.3442	0.1849
1.774	0.6504	0.1649
1.67	-0.1306	0.0954
1.736	-2.006	0.1537
1.668	1.243	0.08273
1.444	0.4369	-0.01317
1.633	2.422	0.03882
1.558	1.511	-0.003246
1.235	-0.01705	-0.09143
1.501	1.03	-0.009795
1.586	2.678	0.1484
1.574	1.186	0.1288
1.656	0.1148	0.1497
1.591	-0.848	0.07776
1.495	0.799	-0.006073
1.555	2.182	0.06228
1.356	0.9832	-0.09385
1.475	-0.569	-0.00586
1.49	1.294	-0.04368
1.339	0.7861	-0.1152
1.781	-1.164	0.1367
1.679	0.2426	0.109
1.92	1.132	0.2117
1.884	0.4525	0.1747
1.955	0.9347	0.1642
2.043	2.166	0.159
1.998	-2.765	0.1525
1.999	3.79	0.2634
1.944	2.092	0.2399
2.048	1.694	0.2775
2.092	2.875	0.2808
2.186	1.55	0.2647
2.296	-0.0135	0.2588
2.233	3.576	0.246
2.084	4.478	0.1872
2.082	2.784	0.1471
2.035	3.179	0.2224
2.121	4.066	0.2212
2.283	2.309	0.2132
2.176	3.647	0.1462
2.073	3.631	0.1328
2.408	2.076	0.2087
2.339	3.078	0.176
2.315	1.746	0.1622
2.41	-0.3263	0.1979
2.359	3.418	0.1793
2.562	0.7082	0.2225
2.505	-1.492	0.2397
2.484	2.332	0.2306
2.55	3.004	0.2167
2.603	1.875	0.2309
2.55	-1.42	0.2287
2.58	-1.123	0.225
2.258	3.17	0.2679
2.407	2.123	0.2518
2.101	1.907	0.2739
2.142	2.94	0.2623
2.235	4.132	0.2301
2.426	1.421	0.2302
2.375	2.083	0.1979
2.458	2.7	0.2452
2.31	1.16	0.2301
2.244	1.149	0.1922
2.227	-1.23	0.1569
2.26	1.517	0.1593
2.219	-3.986	0.1576
2.138	2.845	0.1277
2.114	0.7132	0.1105
2.521	-1.041	0.247
2.506	-1.343	0.2477
2.477	1.852	0.1864
2.622	3.725	0.2165
2.567	0.9665	0.207
2.471	0.6157	0.1778
2.519	1.142	0.1928
2.135	3.444	0.1241
2.268	2.257	0.1544
2.143	-1.177	0.1063
2.101	3.091	0.1056
2.137	2.492	0.118
2.231	2.763	0.1148
2.308	2.487	0.1473
2.295	-6.08	0.1707
2.467	0.0502	0.1807
2.264	-1.858	0.159
2.297	2.285	0.1664
2.561	-7.394	0.1669
2.612	2.777	0.1833
2.537	0.6823	0.178
2.583	3.464	0.1394
2.613	0.9819	0.1674
2.82	0.3102	0.1536
2.601	3.663	0.1348
2.807	-3.635	0.1496
2.416	4.875	0.1306
2.616	4.519	0.1374
2.448	4.352	0.1246
2.412	-1.493	0.1277
2.315	3.843	0.1424
2.29	3.551	0.1746
2.618	2.096	0.1993
2.299	0.7942	0.1097
2.361	1.165	0.1135
2.23	-1.442	0.113
2.385	-3.39	0.1383
2.483	-4.27	0.1709
2.289	3.747	0.1669
2.409	2.221	0.1965
2.402	0.7495	0.1228
2.338	1.096	0.1677
2.432	-1.878	0.1943
2.391	-3.414	0.2227
2.517	-2.756	0.2367
2.42	-1.937	0.2086
2.356	-0.2391	0.2226
2.419	3.644	0.2432
2.68	-0.3077	0.1611
2.795	4.846	0.146
2.726	0.7805	0.2321
2.712	0.5658	0.2133
2.671	-5.11	0.1977
2.674	-4.145	0.2196
2.833	-2.821	0.2001
2.721	-1.261	0.263
2.767	0.472	0.2517
2.511	1.674	0.2564
2.685	0.3249	0.261
2.652	0.5447	0.247
2.567	0.0792	0.211
2.472	1.493	0.2038
2.626	0.7722	0.2281
2.489	-3.558	0.2198
2.72	0.4002	0.2445
2.531	3.001	0.2178
2.225	2.485	0.1971
2.18	-1.679	0.2155
2.351	2.047	0.2152
2.112	-0.2966	0.2155
2.112	-0.9015	0.2118
2.025	-4.026	0.2326
1.935	-1.784	0.2404
1.962	-0.01909	0.2379
2.977	2.669	0.1545
2.762	-3.884	0.1483
2.745	1.028	0.1986
2.983	1.54	0.1636
2.938	-0.1768	0.1595
2.755	4.633	0.158
2.787	0.5045	0.1683
2.299	1.604	0.2084
2.464	-1.404	0.2072
1.959	0.1807	0.2315
2.075	-3.059	0.2119
2.102	-0.7917	0.1927
2.158	3.386	0.1804
2.265	1.461	0.1687
2.707	-1.588	0.1476
2.649	0.3054	0.1583
2.699	1.594	0.1823
2.506	1.917	0.1587
2.272	3.672	0.1425
2.536	3.916	0.1597
2.488	1.306	0.1921
2.231	0.6906	0.1448
2.347	2.451	0.1365
2.487	2.064	0.1594
2.411	2.241	0.1598
2.47	0.7998	0.1939
2.453	-0.8957	0.2314
2.349	1.477	0.2116
2.51	0.8423	0.1748
2.471	-0.5019	0.2097
2.332	-0.0398	0.2152
2.24	0.3083	0.2013
2.197	2.296	0.2119
2.591	-1.958	0.1733
2.484	1.988	0.1687
2.806	2.275	0.1654
2.586	-4.323	0.1752
2.472	-1.91	0.1873
2.359	-0.7605	0.1833
2.254	1.951	0.1917
2.481	-1.698	0.1728
2.395	-1.386	0.1808
2.366	2.216	0.2023
2.257	3.645	0.2015
2.23	3.49	0.1989
2.302	3.849	0.2067
2.38	3.382	0.2137
2.469	0.7556	0.2133
2.201	-1.163	0.1719
2.103	2.94	0.2039
2.106	3.869	0.1877
2.049	3.597	0.1496
2.02	2.143	0.1494
2.31	2.376	0.2051
2.155	3.135	0.2014
2.453	1.425	0.1957
2.458	0.9795	0.2163
2.398	0.3552	0.2047
2.4	-0.7329	0.1869
2.222	-0.7699	0.1848
2.025	2.46	0.1771
2.003	1.21	0.1597
2.088	2.517	0.1976
2.189	0.4558	0.1839
2.066	-1.445	0.1599
1.931	1.101	0.1578
1.95	-0.1646	0.1093
1.87	-3.002	0.1376
1.753	-0.4889	0.1221
1.641	1.152	0.05793
1.625	0.6018	-0.009447
1.433	0.35	-0.03224
2.168	0.2058	0.09566
1.883	0.9168	0.03122
1.618	0.2687	-0.04835
1.468	-0.04269	-0.03953
1.172	-0.4632	-0.05271
2.335	-3.108	0.1732
2.279	-0.6185	0.138
2.374	1.039	0.1679
2.328	-0.7214	0.1749
2.206	-4.205	0.1539
2.147	1.661	0.1428
2.097	0.4327	0.1303
1.908	1.674	0.02325
1.464	-0.1234	-0.01333
2.144	0.2773	0.09643
2.095	1.435	0.09825
1.94	0.3311	0.09599
1.468	-0.2737	0.04861
1.261	-0.3904	0.0278
1.966	-2.165	0.1489
1.69	-0.08997	0.1038
1.465	-0.2585	0.1853
1.564	-0.02977	0.327
1.616	-0.762	0.3217
1.587	-1.966	0.347
1.704	-0.459	0.4652
2.085	-1.96	0.1758
1.804	0.8037	0.2395
1.707	-0.8832	0.3333
1.861	-1.262	0.3099
1.814	-1.419	0.4544
2.185	1.986	0.1463
2.136	-0.5105	0.1451
2.239	-3.886	0.1445
2.206	2.609	0.1489
2.245	-0.3985	0.1595
2.034	-1.273	0.2237
2.003	-0.7863	0.2768
2.128	0.005327	0.1827
2.203	-0.8704	0.1819
2.235	-1.616	0.1784
2.006	0.629	0.2456
1.922	1.726	0.2889
2.053	3.71	0.1977
1.891	2.237	0.2282
1.824	3.171	0.2376
1.842	0.5364	0.5666
1.853	0.574	0.5351
1.844	1.136	0.4574
1.813	0.5384	0.5413
1.9	-0.0754	0.5699
1.873	0.5052	0.5078
2.036	-0.679	0.537
1.802	2.15	0.2434
1.812	0.3814	0.3151
1.859	1.2	0.2334
1.81	2.401	0.2306
1.856	1.034	0.2508
1.979	0.9741	0.2486
1.86	1.236	0.2618
1.732	2.228	0.3988
1.845	0.2101	0.3996
1.727	1.713	0.3712
1.745	2.536	0.3033
1.795	2.214	0.2545
1.797	1.337	0.3037
2.024	2.315	0.3446
1.875	2.086	0.2307
1.76	0.845	0.2529
1.832	3.337	0.2449
1.906	3.491	0.2259
1.937	1.756	0.2379
1.953	1.114	0.2338
1.947	0.5704	0.243
1.97	1.01	0.2254
1.926	2.144	0.2241
1.967	0.5418	0.2432
2.181	-0.02129	0.2527
2.204	0.8516	0.2751
2.001	1.938	0.2362
2.073	0.7447	0.2353
1.954	-3.294	0.2307
2.013	-5.367	0.228
2.228	1.582	0.2221
2.156	-0.8115	0.237
2.382	1.942	0.2621
2.091	-0.1449	0.2269
2.254	1.158	0.2274
2.379	1.894	0.2168
2.497	-2.72	0.2533
2.432	-4.049	0.2675
2.577	-0.7533	0.2286
2.657	0.1367	0.2499
2.505	-1.81	0.2484
2.283	1.893	0.2477
2.31	2.037	0.2305
2.344	-1.81	0.2728
2.319	2.7	0.2658
2.365	0.7969	0.251
2.341	-0.1989	0.2204
2.34	-0.5423	0.2133
2.29	1.229	0.3023
2.116	2.547	0.2948
2.254	1.33	0.2841
2.018	1.309	0.2601
2.139	1.399	0.2742
2.191	2.187	0.2883
2.313	1.053	0.2852
2.372	0.1294	0.2343
2.28	-3.859	0.2159
2.302	1.462	0.2632
2.329	0.767	0.2691
2.365	-1.326	0.2718
2.368	-0.04609	0.2281
2.438	1.231	0.252
2.46	0.6506	0.239
2.258	1.529	0.2699
2.111	2.083	0.3306
2.187	0.3389	0.3174
2.282	0.8263	0.2816
2.287	1.814	0.2838
2.067	2.924	0.06758
2.092	1.305	0.2668
1.353	-0.7086	-0.07198
1.785	0.368	-0.04919
1.815	2.16	0.06007
1.999	-1.647	0.1975
2.07	-0.1815	0.2641
2.249	0.3121	0.2947
2.288	0.5443	0.2975
2.162	2.265	0.2995
2.242	-0.1024	0.3255
2.301	-0.781	0.4031
2.312	1.879	0.3258
2.276	-2.146	0.3517
2.289	3.054	0.342
2.129	0.00239	0.286
2.036	1.219	0.2557
1.292	0.6145	-0.1008
1.475	-0.01555	-0.01272
1.43	1.94	-0.04142
1.78	-0.3508	0.1776
1.685	-1.585	0.04949
1.775	-1.973	0.1718
2.06	-2.075	0.3696
1.631	-1.497	0.2454
1.999	-1.257	0.4584
1.871	-1.785	0.3498
1.769	0.3116	0.4471
1.992	-1.688	0.5355
2.11	-1.241	0.5079
2.134	1.044	0.4576
2.125	-0.7157	0.3597
2.205	-0.1726	0.3437
2.043	-0.9232	0.383
2.145	1.228	0.3752
2.146	1.82	0.3704
2.171	0.9541	0.2925
2.118	1.719	0.2929
2.075	1.163	0.2638
1.235	2.608	-0.1088
1.224	0.4203	-0.1104
1.22	1.121	-0.1119
1.19	1.555	-0.08024
1.22	0.3999	-0.05079
1.148	-0.2803	-0.1001
1.169	-0.09459	-0.1085
1.187	-0.272	-0.08546
1.123	-0.4265	-0.05025
1.146	-0.4392	-0.02547
1.163	-0.1055	-0.04292
1.319	0.1978	0.04186
1.141	-0.157	-0.06794
1.149	-0.307	-0.0268
1.175	-0.4156	0.0117
1.449	-0.3845	0.1728
1.302	-0.1905	0.09965
1.617	-0.7005	0.2826
1.624	1.087	0.1252
2.056	-0.575	0.2357
1.986	-1.954	0.1428
1.877	0.9043	0.1468
2.358	-5.445	0.1982
2.191	1.766	0.3067
2.056	0.2477	0.2319
2.142	-2.458	0.2954
2.409	1.906	0.133
2.345	-1.009	0.1624
1.287	0.2315	-0.07467
1.841	1.731	0.2235
2.075	-3.092	0.1366
1.849	-3.16	0.159
2.115	-4.542	0.1705
2.101	2.732	0.2503
1.873	-2.167	0.09144
1.888	0.8512	0.1827
1.756	1.779	0.1361
2.025	0.07706	0.2412
1.245	0.3723	-0.01811
2.346	1.356	0.2183
2.167	1.304	0.2351
2.437	1.546	0.1838
2.045	-0.4437	0.1457
2.572	-0.3427	0.1328
1.923	0.8672	0.1495
2.287	1.783	0.2334
2.679	-1.329	0.2105
2.239	0.001418	0.1757
2.418	-2.744	0.1273
2.363	4.363	0.2802
2.462	-1.927	0.1616
2.221	-1.541	0.1547
1.154	0.6754	-0.01222
2.044	-1.311	0.1772
2.339	1.191	0.2067
2.177	-1.291	0.3219
2.153	2.508	0.2492
2.128	2.193	0.1959
2.139	-2.447	0.1941
1.854	-1.179	0.0205
2.048	-1.903	0.1171
2.183	-0.7019	0.1549
2.072	-4.432	0.1365
1.859	2.925	0.1602
1.85	1.342	0.1916
1.89	3.275	0.1397
1.903	4.241	0.1306
1.865	-3.194	0.1417
1.853	0.7489	0.1503
2.018	-5.315	0.1808
1.944	0.6966	0.1493
2.293	1.188	0.289
2.204	0.6888	0.2426
1.987	-3.481	0.211
1.942	-2.923	0.119
1.862	2.228	0.1836
1.807	3.035	0.1524
1.825	1.672	0.2556
2.124	-0.3555	0.2883
1.922	-1.607	0.05332
1.743	-2.401	-0.04324
1.688	-0.7212	0.06217
1.519	0.6275	-0.1125
2.053	2.003	0.3335
1.904	2.656	0.2792
1.848	1.421	0.1555
1.244	0.3995	0.01547
1.751	-3.341	0.1334
1.747	2.155	0.1507
1.178	1.884	-0.03576
2.107	1.785	0.2017
2.008	-3.642	0.2022
2.236	2.363	0.2778
2.134	3.392	0.2505
2.182	3.252	0.204
2.362	3.972	0.1964
2.297	1.822	0.2319
2.464	2.401	0.2047
2.389	1.159	0.1591
2.441	3.636	0.2554
2.281	4.493	0.2198
2.084	1.386	0.1668
2.405	-6.034	0.1655
2.367	-3.718	0.1711
1.964	1.904	0.1417
2.112	-2.285	0.1593
2.236	1.247	0.1475
2.194	0.1106	0.1482
2.374	-3.86	0.1403
1.952	3.434	0.1348
2.27	1.457	0.1507
1.951	1.024	0.1373
1.731	-0.3021	0.1548
1.904	3.244	0.1559
2.656	0.819	0.2022
2.569	0.7356	0.1564
2.091	-2.818	0.1944
2.427	3.064	0.2187
2.425	4.139	0.2524
2.098	-4.039	0.2459
2.225	-1.743	0.2505
2.548	0.966	0.1256
2.499	-1.057	0.1469
2.15	-2.823	0.2043
2.508	-0.4607	0.1932
2.514	4.252	0.09397
2.281	-0.8181	0.1021
2.459	2.457	0.1114
2.425	-1.235	0.2125
2.353	1.215	0.2329
2.536	-2.354	0.1264
2.514	0.2994	0.1744
2.548	1.893	0.1972
2.344	3.181	0.2717
2.403	-2.106	0.1865
2.492	0.6501	0.2615
2.256	-2.633	0.2467
1.709	0.9283	0.1295
1.953	-0.2355	0.02279
1.266	0.5274	-0.0635
2.212	-5.842	0.1305
2.294	-1.077	0.1422
2.002	-1.707	0.06825
2.181	-0.6667	0.1729
1.95	8.741	0.09647
2.209	1.689	0.1824
2.054	-5.237	0.2374
2.206	-0.4608	0.1826
2.09	3.727	0.1764
1.974	3.051	0.1814
2.15	4.363	0.2195
2.058	-3.488	0.3387
2.021	-0.2173	0.2154
2.111	-0.3651	0.171
2.366	1.653	0.2219
2.202	4.04	0.2085
2.339	4.919	0.2878
2.129	-0.194	0.2313
2.041	3.087	0.2592
2.21	1.867	0.2426
2.202	3.938	0.2315
1.951	4.51	0.2056
1.877	-1.465	0.2146
2.016	1.564	0.2061
2.223	1.578	0.2773
2.205	-2.756	0.2427
2.093	2.362	0.2091
1.821	-0.4871	0.1843
1.536	-0.9802	-0.009959
1.616	-0.4259	0.004987
2.048	0.1181	0.1701
2.266	2.75	0.333
1.407	1.717	-0.05671
2.248	-2.425	0.1484
2.009	-0.9918	0.1996
2.269	2.761	0.2856
2.383	0.9899	0.3421
0.8221	0.2778	-0.07049
0.6038	0.05667	-0.0407
1.115	0.8519	0.02567
2.006	-4.83	0.1309
2.073	-3.702	0.1237
2.008	-3.482	0.1359
2.082	-2.623	0.1216
2.146	-1.707	0.1468
2.154	-2.716	0.1295
2.203	-3.03	0.1398
2.188	-2.374	0.1652
2.209	-5.757	0.1558
1.953	3.083	0.141
1.878	2.771	0.1517
2.023	1.571	0.1457
1.835	0.4949	0.1981
1.843	2.1	0.2086
1.837	-0.02599	0.181
1.832	-1.612	0.1591
1.84	-0.3436	0.1725
1.828	-0.4276	0.1341
2.097	-2.101	0.1489
2.054	0.08404	0.1551
2.079	0.5936	0.1472
1.896	3.999	0.126
1.825	0.8683	0.1213
1.904	4.231	0.1399
1.947	-0.1237	0.1659
1.861	-3.524	0.1482
1.836	1.866	0.1225
1.851	1.667	0.1313
1.869	0.3962	0.1432
1.87	2.781	0.1391
1.989	-1.612	0.1537
1.98	-3.113	0.1399
2.03	-3.391	0.2211
1.985	-4.689	0.2123
1.98	-2.131	0.1703
1.985	-0.6777	0.1231
2.017	-1.697	0.1174
2.217	4.499	0.2703
2.196	3.718	0.258
2.045	1.19	0.2423
2.23	2.735	0.2978
2.246	-0.9863	0.2832
2.265	0.007748	0.2746
2.095	3.129	0.2275
1.97	-2.286	0.1173
1.923	-0.2903	0.1292
1.953	-1.742	0.1256
2.012	-3.673	0.1256
1.95	0.2493	0.1827
1.928	-0.742	0.1387
1.911	-2.581	0.1039
1.905	3.733	0.139
1.862	3.536	0.1361
1.888	4.236	0.1369
1.859	3.018	0.1725
1.848	0.117	0.2196
1.846	1.143	0.2439
1.84	1.631	0.2348
1.83	2.842	0.1141
1.853	2.627	0.1891
1.84	2.158	0.2405
1.779	1.928	0.1673
1.814	1.917	0.2284
2.083	1.141	0.1358
1.851	-3.195	0.084
2.17	0.9119	0.3073
2.215	-1.69	0.2602
2.147	-2.023	0.1949
2.064	0.2376	0.2411
1.974	0.339	0.09727
1.75	2.077	0.05441
1.72	3.905	0.02707
1.791	-0.5654	0.07928
1.802	-3.336	0.009213
1.886	0.1001	0.02987
1.666	-0.1922	-0.08482
1.68	4.163	-0.004933
1.84	-0.4229	0.1328
1.728	-1.393	-0.03771
1.549	-2.576	-0.1049
1.436	-0.722	-0.05408
1.373	-2.159	-0.1121
2.15	2.133	0.3242
2.061	2.948	0.3322
2.012	3.989	0.2971
1.939	0.1645	0.2725
1.961	4.169	0.319
1.989	4.295	0.3184
1.912	3.676	0.2647
1.976	-1.934	0.1867
1.815	0.3903	0.1409
1.912	1.912	0.1931
1.677	0.7459	0.1437
1.602	1.256	0.08109
1.653	0.1017	0.1126
1.629	0.6806	0.08251
1.098	0.168	-0.01875
1.566	-0.3006	0.06861
1.852	2.961	0.22
1.855	2.555	0.2059
1.858	0.7958	0.2063
1.722	1.348	0.136
1.486	-0.552	0.05832
1.76	3.581	0.131
1.231	0.7936	-0.0265
1.508	0.6173	0.0606
1.558	2.177	0.03
1.26	0.7589	-0.07696
1.897	-0.7196	0.1781
1.739	0.1783	0.1655
2.079	2.096	0.2194
2.002	-1.957	0.1875
2.024	-0.4439	0.1971
2.129	1.815	0.2071
2.09	1.04	0.2249
2.092	3.515	0.2886
2.079	3.326	0.2577
2.194	2.467	0.3045
2.173	2.466	0.3064
2.205	2.312	0.267
2.317	0.3381	0.2454
2.219	2.571	0.2345
2.149	3.356	0.2034
2.171	2.988	0.2105
2.133	3.437	0.2223
2.163	4.088	0.2168
2.235	2.078	0.2093
2.227	5.04	0.2123
2.225	3.234	0.2393
2.334	3.213	0.203
2.267	1.04	0.2034
2.31	1.611	0.2102
2.354	-2.056	0.1975
2.358	-1.508	0.2191
2.381	0.06722	0.1804
2.356	-4.34	0.1724
2.407	-0.1245	0.2125
2.4	-0.8934	0.1958
2.465	1.625	0.1796
2.497	-0.2454	0.1879
2.476	0.7928	0.1671
2.344	3.513	0.2616
2.416	2.542	0.234
2.254	2.373	0.2917
2.333	2.985	0.2848
2.279	3.549	0.2644
2.478	2.475	0.2154
2.379	1.095	0.1995
2.477	3.921	0.2274
2.438	2.738	0.2409
2.18	1.269	0.2382
2.143	3.596	0.1942
2.194	6.051	0.1826
2.091	-2.025	0.2082
2.063	0.6539	0.1725
1.989	1.729	0.1514
2.371	-1.482	0.1575
2.357	-4.668	0.1777
2.393	1.146	0.1704
2.447	0.1151	0.1589
2.436	0.524	0.1619
2.498	-2.322	0.1531
2.413	-1.206	0.1535
2.059	4.65	0.1599
2.26	2.312	0.1733
1.981	-1.047	0.1425
1.979	3.797	0.1475
1.982	4.945	0.1488
1.98	2.408	0.1443
2.049	4.359	0.1526
2.349	-3.203	0.154
2.429	3.696	0.1388
2.268	-3.092	0.1665
2.168	1.541	0.156
2.137	1.309	0.1523
2.345	1.451	0.141
2.508	0.6958	0.1275
2.163	-1.626	0.1444
2.242	-5.45	0.1473
2.317	-1.263	0.1513
2.275	1.041	0.1594
2.307	3.309	0.1589
2.137	2.25	0.1512
2.341	1.612	0.159
2.036	4.835	0.1411
2.114	3.341	0.1415
1.974	0.8274	0.1393
1.847	4.054	0.1374
2.155	2.844	0.1496
1.983	1.549	0.1386
1.947	5.88	0.1386
2.008	-1.686	0.1383
2.083	-2.236	0.1408
2.069	-3.177	0.1576
1.789	0.3982	0.1337
1.709	-4.479	0.1459
1.915	4.538	0.1345
1.888	0.08793	0.1433
1.961	0.034	0.165
1.757	-3.674	0.1618
1.92	1.275	0.1616
1.815	1.096	0.1662
1.87	1.237	0.1532
1.886	2.041	0.1477
2.5	0.4396	0.157
2.412	1.186	0.1599
2.382	0.2758	0.1765
2.479	-1.709	0.1653
2.639	-3.01	0.1747
2.66	-1.621	0.2068
2.663	-4.415	0.1765
2.114	1.92	0.1799
2.365	0.48	0.1858
1.939	-2.377	0.1642
1.972	-1.654	0.1708
2.164	-3.335	0.2024
2.246	2.931	0.2233
2.331	1.268	0.2368
2.639	-1.211	0.2348
2.684	-1.546	0.2353
2.591	0.8744	0.2161
2.503	0.8888	0.2445
2.376	3.295	0.2473
2.313	0.63	0.258
2.594	0.5743	0.2371
2.191	3.386	0.2396
2.19	0.9506	0.2505
2.109	-4.352	0.2557
2.071	-1.804	0.2393
2.089	-1.661	0.2428
2.468	2.647	0.1477
2.387	-2.331	0.1597
2.651	-0.6567	0.1709
2.633	-2.44	0.1405
2.513	1.814	0.1307
2.477	0.113	0.1185
2.524	-0.9376	0.1333
2.504	2.466	0.2262
2.589	1.067	0.2039
2.07	-0.2911	0.2278
2.191	-1.723	0.227
2.381	3.002	0.2065
2.233	2.541	0.1878
2.411	2.608	0.1817
2.512	-0.0418	0.1113
2.534	1.844	0.1036
2.536	2.219	0.1622
2.419	1.446	0.1469
2.293	3.485	0.1355
2.499	1.758	0.09235
2.462	0.6335	0.1167
2.221	2.695	0.1417
2.399	-2.17	0.08694
2.4	2.955	0.089
2.323	1.634	0.1054
2.429	2.221	0.1201
2.354	-3.831	0.1976
2.364	-2.438	0.2137
2.489	0.4444	0.1491
2.358	-2.636	0.1853
2.332	1.901	0.2312
2.361	2.288	0.2554
2.33	2.466	0.2603
2.518	0.504	0.1242
2.575	1.727	0.1245
2.58	-0.1136	0.1465
2.638	-3.297	0.1321
2.436	0.5964	0.1344
2.5	1.184	0.2114
2.449	2.444	0.2415
2.556	-4.259	0.1592
2.509	-0.8258	0.1452
2.461	2.868	0.1378
2.53	2.927	0.1885
2.498	3.281	0.2558
2.491	4.163	0.1429
2.493	2.594	0.1505
2.477	-0.6055	0.1589
2.347	1.428	0.2405
2.356	4.283	0.2805
2.344	3.248	0.2581
2.31	3.636	0.2565
2.264	1.566	0.2594
2.519	0.7171	0.2458
2.413	3.556	0.2777
2.371	0.07252	0.1603
2.507	1.506	0.1963
2.531	-2.432	0.2258
2.453	-4.379	0.1968
2.497	0.4383	0.2243
2.313	0.6242	0.2677
2.197	1.604	0.2503
2.387	-0.2498	0.2801
2.407	0.3919	0.2572
2.335	-1.96	0.2149
2.12	-1.817	0.2308
2.119	0.011	0.1371
2.096	0.169	0.1991
1.945	1.307	0.1819
1.687	0.6823	0.1248
1.627	0.8262	0.045
1.54	1.11	0.04825
2.246	0.4768	0.09736
1.964	0.4324	0.0463
1.653	1.288	-0.05294
1.642	2.188	-0.04964
1.074	0.3505	-0.05875
2.34	-5.599	0.1664
2.398	-4.274	0.1437
2.303	0.7727	0.1292
2.302	-2.029	0.1498
2.238	-1.519	0.1453
2.203	-1.055	0.1441
2.211	0.8367	0.1362
2.017	-0.4414	0.03654
1.687	1.832	-0.006601
2.244	0.8663	0.09939
2.211	1.489	0.1058
2.2	-0.1154	0.1244
1.866	2.163	0.06807
1.529	1.995	0.02725
2.232	-0.8483	0.1694
2.16	-1.431	0.1284
2.103	-1.545	0.1448
2.109	0.8614	0.194
2.059	-0.2173	0.1718
2.122	-0.207	0.2054
2.05	-3.241	0.25
2.23	-1.57	0.1842
2.206	1.267	0.1831
2.146	0.3856	0.2001
2.122	-3.03	0.192
2.082	-3.61	0.2083
2.195	-0.6901	0.1503
2.206	-0.1238	0.1732
2.216	-3.01	0.1169
2.201	1.583	0.1502
2.231	-0.5926	0.1822
2.179	1.415	0.1784
2.006	-1.991	0.1839
2.241	0.575	0.1876
2.234	-1.459	0.1838
2.181	2.507	0.1798
1.981	-4.275	0.187
2.005	-0.4708	0.1662
2.082	3.001	0.1847
1.994	-2.992	0.2073
2.012	1.156	0.2162
2.042	-0.2195	0.2825
2.024	-4.507	0.2925
2.132	0.9973	0.1841
2.067	3.648	0.2281
2.072	-0.3055	0.2768
2.115	-3.883	0.2711
2.106	-2.759	0.341
2.015	3.926	0.1603
2.11	1.926	0.1512
2.034	0.7184	0.2186
1.985	3.361	0.1925
2.03	3.955	0.1933
2.073	3.807	0.2198
2.185	3.685	0.201
2.256	0.3599	0.2317
2.202	-2.212	0.2673
2.206	-0.6349	0.1815
2.279	3.382	0.2017
2.393	4.32	0.1976
2.354	0.5369	0.2597
2.322	2.571	0.2966
2.328	3.832	0.1937
2.365	2.91	0.2103
2.288	0.3923	0.249
2.134	5.036	0.2461
2.214	-0.2438	0.2866
2.118	3.149	0.2335
2.077	3.571	0.2705
2.317	1.793	0.2163
2.224	4.058	0.2125
2.104	1.895	0.2408
2.077	1.046	0.2458
2.03	2.395	0.2589
2.122	2.143	0.239
2.312	0.1839	0.2359
2.08	-1.219	0.2361
2.141	-2.909	0.2427
2.209	2.335	0.235
2.125	1.333	0.2374
2.167	3.029	0.242
2.21	0.5834	0.2374
2.178	1.576	0.233
2.238	0.3359	0.2259
2.119	-3.249	0.2274
2.116	-0.6703	0.235
2.181	-0.2409	0.2193
2.025	2.142	0.1971
1.901	-3.083	0.1694
1.855	0.7706	0.2204
1.883	2.391	0.2076
2.01	0.9222	0.2064
2.1	2.379	0.2115
1.994	1.544	0.2114
1.91	2.586	0.1928
1.93	1.966	0.1842
2.226	2.206	0.2221
2.197	2.231	0.2558
2.192	0.1021	0.223
2.168	0.9777	0.3019
2.1	4.348	0.2797
2.104	1.982	0.2648
2.181	0.06263	0.2499
2.054	-0.6956	0.2007
1.932	1.563	0.1795
2.139	2.075	0.2187
2.175	2.045	0.2311
2.136	-0.2322	0.2361
1.93	0.3227	0.1791
2.01	1.871	0.2083
1.898	-2.83	0.1775
1.848	1.349	0.2347
1.765	2.207	0.1827
1.834	0.9264	0.2298
1.874	1.602	0.2135
1.93	0.408	0.1782
1.533	0.2358	-0.03867
1.644	4.227	0.06461
1.321	-0.78	-0.06331
1.435	1.529	-0.07791
1.522	1.309	-0.02028
1.864	-0.04196	0.06451
1.882	-0.6971	0.06466
1.892	-0.5332	0.1143
2.024	1.38	0.1688
1.702	1.648	0.07033
1.922	1.505	0.09184
2.134	0.7193	0.1896
2.206	0.3194	0.2405
2.275	-1.442	0.2899
2.261	-1.223	0.2676
2.241	2.344	0.3108
2.217	2.867	0.3187
1.25	0.735	-0.09098
1.558	-0.1765	-0.01441
1.621	0.233	-0.03311
2.199	-5.94	0.07107
1.966	-0.638	0.02313
1.952	-3.032	0.08282
2.185	-2.491	0.1844
1.948	-2.077	0.117
2.096	-2.714	0.2495
2.179	0.7178	0.1664
2.046	-0.4462	0.2317
2.02	-5.146	0.302
2.144	-1.19	0.3275
2.242	2.509	0.3367
2.346	1.795	0.2647
2.292	1.108	0.2959
2.297	-1.272	0.2192
2.367	3.04	0.3134
2.316	3.67	0.3372
2.334	2.348	0.3435
2.377	4.555	0.3241
2.323	3.299	0.3238
1.154	2.316	-0.09899
0.8266	0.1405	-0.07838
1.008	1.404	-0.08802
1.153	1.653	-0.07118
1.164	1.117	-0.03365
0.7088	0.001413	-0.05598
0.6474	0.06842	-0.0727
1.202	0.4543	-0.02595
0.701	0.1022	-0.04502
0.7628	0.1442	-0.0122
0.9023	0.4417	-0.02303
1.411	1.42	0.01826
0.6811	0.08049	-0.05494
0.7611	0.1364	-0.01545
1.063	0.6937	0.01311
1.654	1.86	0.09095
1.598	2.93	0.06331
1.868	0.3693	0.1388
