1.627	1.991	0.05415
1.845	0.4166	0.2242
2.008	-5.114	0.1264
2.463	1.851	0.3247
2.31	1.462	0.2177
2.128	0.6364	0.09742
2.026	-0.9686	0.1993
1.96	3.501	0.5415
2.324	0.8501	0.09168
2.361	3.554	0.1819
1.873	-0.804	-0.06298
2.254	-1.906	0.1767
2.185	-0.9738	0.2082
2.437	2.868	0.3018
1.971	-4.594	0.1528
1.963	-0.7332	0.2767
2.104	-1.992	0.1985
2.158	-1.133	0.1337
2.185	-1.953	0.08449
1.853	1.112	0.1374
1.495	1.433	-0.04526
2.163	-0.6154	0.02539
2.08	3.572	0.1905
1.983	-0.7466	0.2071
1.994	-7.411	0.1292
1.968	3.111	0.2502
1.802	4.571	0.228
2.421	1.934	0.2285
2.527	0.1181	0.3607
2.565	3.204	0.2705
2.426	-1.891	0.1164
2.041	4.277	0.4556
2.05	-0.4823	0.2107
1.724	-2.564	0.2109
1.217	0.5097	-0.02081
1.921	1.109	0.2658
1.933	4.228	0.3623
2.082	-1.044	0.3047
2.159	2.658	0.3064
2.187	3.751	0.2002
2.207	-0.03828	0.3353
1.482	-0.7276	-0.1538
2.07	-4.857	0.1557
2.304	-0.6175	0.1449
2.056	1.268	0.1171
2.213	4.078	0.2173
2.324	-1.251	0.2577
2.323	3.81	0.2064
2.164	1.48	0.2354
2.321	-4.11	0.3082
1.967	1.808	0.2751
1.924	-3.93	0.1864
2.033	-0.6463	0.19
2.359	2.781	0.1786
2.162	0.4812	0.2008
2.01	-2.993	0.2288
2.183	-2.835	0.2286
2.13	2.485	0.209
2.102	3.922	0.1342
2.309	1.963	0.1
2.157	0.8559	0.1402
2.048	-1.934	0.1721
2.079	4.914	0.05386
2.12	1.623	0.03341
2.082	-4.275	0.02677
1.838	5.033	0.1103
1.843	5.119	0.187
1.648	0.05726	0.1142
1.354	1.234	-0.04104
1.597	0.3916	0.1107
1.874	4.73	0.1268
1.958	-1.699	-0.06679
1.976	2.919	0.1238
1.922	1.109	0.1664
2.068	4.219	-0.006185
2.077	2.097	0.0388
2.113	4.448	0.07047
2.137	1.948	0.07061
2.217	1.305	0.1951
2.141	-0.414	0.1185
2.181	2.534	0.1733
2.231	-0.4807	0.1124
2.016	2.307	0.2248
1.716	6.152	0.1451
2.14	1.767	0.3622
2.399	1.542	0.4391
1.94	-1.473	0.1056
1.949	7.711	0.2305
1.884	4.123	0.3118
2.148	1.203	0.1576
2	-6.575	0.1879
1.875	1.424	0.1209
2.022	2.858	0.1775
2.009	-1.757	0.102
1.77	-3.354	0.1848
2.092	2.28	0.3198
1.967	-1.517	0.3192
2.311	-1.907	0.204
2.658	-2.921	0.3268
2.152	3.406	0.368
2.276	3.151	0.3179
2.236	-8.024	0.1687
2.393	2.83	0.2725
2.451	3.427	0.2185
2.466	-0.9479	0.1751
2.177	4.52	0.2772
2.688	2.133	0.3395
2.023	5.108	0.1865
1.935	-1.997	0.1872
2.466	3.988	0.05917
2.281	2.732	0.3048
2.378	1.534	0.5568
2.148	-0.4703	0.1055
2.068	1.275	0.04323
2.358	3.003	0.09719
2.081	4.054	0.4909
2.338	1.064	0.1595
1.97	-2.471	0.3711
1.93	1.413	0.2867
1.715	0.2305	0.1127
1.752	1.083	0.1131
1.295	0.8671	-0.06389
1.913	-3.189	0.1979
1.693	-1.076	0.2154
1.616	0.7279	0.1606
2.047	0.1917	0.1991
1.617	1.58	0.07732
2.311	-2.486	0.213
1.952	-0.4912	0.2675
1.912	-3.163	0.2402
2.591	4.602	0.2273
1.816	6.805	0.2307
2.058	2.597	0.2644
1.89	-2.679	0.218
1.843	-0.3517	0.2405
1.759	5.744	0.3375
2.186	4.748	0.3939
2.432	1	0.4539
2.396	5.008	0.5177
1.95	1.839	0.3104
1.914	3.766	0.4216
1.96	1.866	0.1814
1.974	2.01	0.2613
2.466	1.804	0.2661
2.405	2.236	0.2387
2.493	-0.9894	0.2747
2.145	0.004803	0.3604
2.286	-0.6429	0.2791
2.441	4.045	0.2402
2.201	2.314	0.1277
1.799	-1.879	-0.009476
1.849	0.2623	0.1788
2.21	2.611	0.269
2.012	-0.3997	0.4456
1.459	1.505	-0.1882
1.952	-0.1248	0.1598
1.844	-2.631	0.1558
1.905	1.626	0.2131
2.029	1.144	0.3327
1.204	1.55	-0.1531
1.133	0.8128	-0.1289
1.238	1.341	-0.1351
2.042	-5.619	0.1483
2.06	-6.087	0.1292
2.028	-6.089	0.1208
2.084	-2.631	0.1648
2.229	0.0982	0.1754
2.088	-4.79	0.1422
2.308	-1.275	0.1263
2.312	1.085	0.1404
2.434	-6.944	0.126
2.272	2.276	0.2405
2.283	4.106	0.2104
2.296	3.114	0.2133
2.168	-1.765	0.1926
2.275	-1.166	0.2165
2.234	-0.7008	0.2077
2.325	-1.63	0.2267
2.369	-1.093	0.2931
2.344	-0.7566	0.2502
2.267	4.011	0.168
1.999	0.3571	0.1863
2.333	3.445	0.1802
2.335	2.647	0.2174
2.377	1.259	0.2753
2.042	2.29	0.2547
1.758	-3.666	0.2072
2.34	-0.9147	0.302
2.35	2.626	0.302
2.377	2.7	0.3198
2.432	0.2599	0.318
2.351	2.955	0.3286
1.972	-3.655	0.1467
2.017	-3.221	0.1746
2.025	-6.355	0.2438
2.026	-6.816	0.2404
2.007	-1.898	0.2019
2.058	-1.588	0.1762
2.109	-1.953	0.1743
2.176	4.082	0.2576
2.186	2.458	0.233
1.992	-3.617	0.2657
2.255	2.064	0.1206
2.301	0.4517	0.163
2.285	0.566	0.1926
2.09	0.7923	0.2193
2.03	-3.465	0.1807
2.027	-3.155	0.1654
2.081	-1.217	0.1722
2.203	-2.239	0.227
2.017	-3.33	0.2071
2.043	-1.063	0.1684
2.13	-2.029	0.2232
2.258	3.436	0.259
2.179	3.742	0.2514
2.231	3.898	0.2632
2.163	3.56	0.2183
2.142	-2.134	0.172
2.134	-2.279	0.1291
2.301	0.8561	0.1521
2.152	3.604	0.2044
2.107	1.447	0.1803
2.134	-1.428	0.09868
2.118	-1.524	0.09258
2.279	1.334	0.08407
2.012	-1.538	0.1868
2.086	-1.582	0.1398
2.11	1.103	0.1243
2.286	0.2684	0.1765
2.105	0.7618	0.1818
2.168	0.5602	0.1462
2.012	-1.219	0.1693
2.099	4.277	0.08703
2.079	4.046	0.07263
2.114	6.057	0.09282
2.057	-1.168	0.112
2.006	-1.649	0.1372
2.036	4.368	0.02179
2.036	3.522	0.07485
2.126	0.4163	0.09227
1.983	-0.5396	0.06505
2.008	3.411	-0.01107
2	-0.9991	-0.05836
2.03	-0.1571	-0.04241
1.999	2.915	0.0837
1.919	3.453	0.1253
1.857	5.114	0.1234
1.823	-1.542	0.1715
1.807	5.476	0.1608
1.871	4.007	0.1445
1.944	3.188	0.1366
1.726	0.5264	0.1433
1.631	-0.5665	0.1003
1.724	0.6181	0.1623
1.678	1.251	0.07677
1.462	1.329	0.0001709
1.575	1.886	0.03807
1.522	2.089	0.02114
1.297	1.085	-0.05113
1.523	1.627	0.02935
1.857	4.089	0.1717
1.987	2.427	0.1145
1.795	0.1274	0.1809
1.674	0.01425	0.1268
1.621	0.09276	0.04557
2.093	4.325	0.08159
1.739	1.261	-0.05269
1.873	1.811	0.04541
2.07	-2.598	-0.00995
1.862	-4.839	-0.08765
1.821	1.495	0.1366
1.687	0.8505	0.1109
1.939	2.21	0.1158
1.862	-4.149	0.1447
1.964	-2.033	0.1567
2.023	2.446	0.131
2.057	2.855	0.19
1.942	5.164	0.04441
1.959	0.1321	0.08537
2.064	2.592	0.04656
1.979	4.275	0.02333
2.042	2.582	-0.005944
2.075	1.312	-0.007575
2.135	2.156	0.01456
2.065	4.438	0.09506
2.084	3.928	0.1093
2.045	5.194	0.08656
2.129	3.026	0.06103
2.176	2.604	0.05213
2.12	5.673	0.08553
2.154	3.158	0.192
2.214	-0.09924	0.05874
2.148	2.985	0.06027
2.115	3.306	0.08655
2.206	3.7	0.1086
2.244	3.089	0.2083
2.143	2.943	0.1016
2.325	1.309	0.1714
2.191	2.257	0.05514
2.218	1.168	0.08029
2.161	2.783	0.134
2.039	1.32	0.1744
2.111	0.4988	0.1936
2.158	3.5	0.02209
2.139	1.659	0.02618
2.261	4.398	0.06671
2.362	6.335	0.1668
2.159	4.963	0.2387
2.126	1.624	0.1828
1.986	0.7888	0.2055
2.176	1.55	0.1053
2.149	2.502	0.2086
1.98	1.9	0.2528
1.777	1.073	0.1896
1.854	3.695	0.1828
1.801	-4.591	0.2133
1.745	3.202	0.155
1.889	-3.571	0.1218
2.356	1.753	0.2746
2.366	1.335	0.3364
1.986	-2.261	0.2559
2.17	2.848	0.2665
2.251	4.334	0.3886
2.232	2.934	0.389
2.451	1.663	0.3737
1.698	6.427	0.1566
1.901	2.157	0.2093
1.979	-1.799	0.1102
1.729	4.67	0.1169
1.85	1.944	0.1601
1.924	1.933	0.1191
1.944	1.715	0.2189
2.213	1.145	0.3664
1.916	3.023	0.3043
2.027	-4.927	0.2968
2.012	1.48	0.316
2.003	-7.385	0.2375
1.886	1.362	0.2461
1.934	1.503	0.2095
1.99	4.318	0.1369
1.945	3.384	0.2164
2.084	-4.037	0.1785
2.308	1.108	0.1749
2.294	-0.2856	0.1768
2.158	4.187	0.1638
2.265	4.375	0.1777
1.961	0.001016	0.1044
1.981	-1.411	0.1294
1.904	5.175	0.157
1.784	5.868	0.1764
1.95	-3.95	0.2129
1.97	0.3454	0.09475
1.944	1.915	0.09433
1.985	1.189	0.1034
2.072	1.615	0.1098
2.172	-9.255	0.1361
1.814	1.389	0.1519
1.768	3.497	0.1941
1.932	0.4057	0.09747
1.862	0.7597	0.1399
1.89	-1.44	0.1786
1.791	-2.285	0.2441
1.853	1.603	0.2714
1.642	-8.766	0.2264
1.954	2.907	0.2957
2.429	3.65	0.3328
2.064	5.349	0.1872
2.276	-0.9865	0.1838
1.834	0.8588	0.2668
1.951	2.762	0.24
2.183	-4.502	0.2574
2.341	-2.391	0.3343
2.468	5.307	0.3009
2.119	2.522	0.3501
1.852	3.807	0.3191
2.484	1.178	0.3237
2.3	1.046	0.3408
2.585	-2.066	0.3474
2.667	-4.803	0.3035
2.466	2.232	0.3167
2.07	1.109	0.3675
2.344	2.244	0.3591
1.927	2.216	0.3504
2.073	4.454	0.3626
2.4	1.39	0.2462
2.493	-4.002	0.2601
2.479	-0.05497	0.3372
2.272	0.5196	0.1834
2.361	1.789	0.2131
2.239	-7.649	0.2013
2.152	-4.021	0.181
2.103	-1.105	0.2202
2.481	-0.7685	0.187
2.428	-9.601	0.1835
2.567	2.975	0.3284
2.636	-5.585	0.2169
2.615	-1.719	0.186
2.229	2.649	0.1655
2.493	3.564	0.1525
2.551	-0.0845	0.322
2.622	1.076	0.3623
2.005	2.885	0.2323
2.324	5.933	0.2881
2.397	4.164	0.3099
2.785	4.809	0.2789
2.802	0.955	0.307
2.219	4.693	0.2064
2.05	-6.135	0.1509
2.559	0.1205	0.3135
2.409	1.312	0.278
2.338	3.79	0.255
2.153	2.164	0.1289
2.431	-0.09402	0.07761
2.077	3.09	0.2561
2.033	2.786	0.1744
2.251	3.775	0.1132
2.241	0.9703	0.1268
2.377	1.015	0.06238
2.394	-0.9668	0.5069
2.354	0.625	0.3777
1.964	2.54	0.2488
2.417	0.6138	0.4411
2.39	1.776	0.573
2.259	2.799	0.4278
2.308	2.53	0.6317
2.142	-2.457	0.1528
2.01	-6.383	0.1529
2.286	-5.518	0.1639
2.353	2.54	0.1353
2.367	1.269	0.1006
1.968	2.229	0.1336
1.944	4.368	0.1837
1.977	-5.34	0.1215
2.109	0.4426	0.06552
2.314	0.7257	0.05422
2.159	3.417	0.06296
1.966	2.972	0.2426
2.283	3.991	0.02414
2.377	3.19	0.04218
2.347	0.8469	0.06826
2.312	1.402	0.3801
2.1	4.411	0.6036
2.254	3.546	0.5497
2.175	3.238	0.3581
2.135	2.536	0.3268
2.139	0.03752	0.2358
1.969	3.801	0.4182
2.321	1.189	0.1131
2.38	-1.182	0.1239
2.253	1.362	0.2096
2.19	-1.122	0.2052
2.039	0.8009	0.2749
2.026	3.594	0.4162
2.09	2.95	0.2675
1.985	3.647	0.5132
1.964	-1.454	0.3736
1.954	-1.895	0.2568
1.928	0.1158	0.209
1.887	-1.604	0.169
1.862	-1.149	0.1866
1.758	0.1916	0.1385
1.667	0.818	0.07297
1.609	0.9759	0.03125
1.469	1.179	-0.005424
1.925	-0.6962	0.1764
1.807	0.5706	0.09247
1.513	0.8206	0.0097
1.348	0.651	0.02792
1.18	0.5735	-0.04593
2.083	-0.5662	0.1813
2.01	-1.112	0.2113
2.168	0.5868	0.1346
2.083	-1.144	0.1535
1.857	-1.423	0.2046
1.722	-1.272	0.2249
1.642	-2.731	0.2152
1.513	-1.088	0.1428
1.368	0.4798	0.07066
1.693	1.144	0.1926
1.607	-5.786	0.2019
1.689	-0.6426	0.196
1.559	1.111	0.1159
1.307	0.7817	0.01159
1.774	-7.524	0.1948
1.753	-1.344	0.1748
1.847	0.8313	0.1565
1.872	2.178	0.2114
1.84	2.139	0.1689
1.94	0.6157	0.2412
1.852	-0.1643	0.2527
1.916	1.257	0.2048
2.16	0.01867	0.2136
2.073	-3.451	0.2499
2.136	-1.791	0.2488
2.011	-6.31	0.2736
1.811	0.04784	0.2398
1.778	-0.6092	0.2251
1.922	-1.665	0.1906
1.901	-0.4742	0.2513
2.196	-1.039	0.2564
2.425	0.9349	0.2167
2.153	-3.084	0.2436
2.192	0.7243	0.2119
2.429	1.988	0.2282
2.61	2.818	0.2486
2.139	-2.839	0.2401
1.869	1.611	0.2516
2.634	3.374	0.2483
1.991	5.208	0.2371
1.828	4.236	0.2034
1.98	-2.791	0.2381
1.812	-5.253	0.2304
1.951	0.851	0.2681
2.046	0.1714	0.2556
2.059	-3.096	0.238
2.13	-1.486	0.2812
1.993	-0.1771	0.2338
1.722	1.813	0.2549
1.819	4.744	0.2688
1.934	-2.577	0.1907
1.819	0.1082	0.2206
1.682	5.058	0.3093
1.739	3.573	0.3097
1.739	4.767	0.3967
2.07	6.077	0.3459
2.174	-1.805	0.3499
1.96	3.089	0.3193
2.047	6.787	0.4105
2.203	4.643	0.4042
2.602	1.598	0.4329
2.335	3.479	0.4075
2.366	3.93	0.3844
2.639	1.471	0.4269
2.519	5.742	0.5098
2.091	7.445	0.5369
2.145	6.553	0.5589
2.03	2.547	0.4629
1.98	6.036	0.496
2.032	2.176	0.318
2.159	2.505	0.3758
2.017	2.557	0.3896
1.901	2.868	0.3103
1.962	3.648	0.3573
1.909	-3.324	0.2148
1.813	2.153	0.2657
2.042	-1.99	0.1724
2.054	-2.854	0.1579
2.147	3.131	0.1661
1.904	-2.537	0.2546
2.039	2.266	0.2944
1.875	-5.899	0.2286
1.951	2.145	0.1878
2.282	3.296	0.2443
2.4	-1.935	0.285
2.38	-2.133	0.275
2.534	1.803	0.2988
2.624	-1.083	0.302
2.388	-6.106	0.293
2.381	3.16	0.2037
2.396	3.578	0.2555
2.27	3.373	0.2119
2.246	2.659	0.2336
2.42	0.6497	0.2601
2.482	2.628	0.2933
2.481	2.688	0.3009
2.239	1.673	0.2718
2.076	-0.2067	0.3244
2.313	-3.2	0.2483
1.919	5.255	0.4626
2.058	1.897	0.4108
2.094	4.219	0.3578
2.237	1.254	0.2996
2.486	1.597	0.2603
2.448	4.001	0.2791
2.343	2.274	0.2421
2.38	0.3439	0.2438
2.389	-5.783	0.2561
2.357	1.531	0.2678
2.446	4.196	0.2477
2.293	-5.878	0.2718
2.371	3.196	0.171
2.277	1.96	0.1015
2.347	2.124	0.116
2.381	0.6873	0.1811
2.127	4.389	0.1592
2.224	5.385	0.1213
2.249	2.142	0.1118
1.582	-0.8733	-0.03225
2.086	-0.329	0.05404
1.833	0.9168	0.1196
2.025	0.873	0.1626
2.05	1.569	0.2385
2.05	0.5557	0.1443
2.154	1.215	0.1943
1.863	-0.3265	0.1372
2.215	-0.06918	0.2618
2.284	-2.567	0.3458
2.233	1.902	0.3178
2.269	-5.271	0.3614
2.211	-0.1287	0.3551
2.09	0.9729	0.415
1.949	3.261	0.5058
1.474	-0.5492	-0.09678
1.705	0.4305	-0.1093
1.497	2.745	-0.2037
1.79	-2.658	0.01429
1.82	-0.6334	-0.111
2.008	-7.833	0.07583
2.026	0.3129	0.2752
1.675	-1.091	0.03083
1.894	-4.578	0.1969
1.803	0.06296	0.1428
1.843	1.16	0.1987
1.86	-4.99	0.2155
1.925	-1.857	0.216
1.936	5.813	0.2381
1.924	-0.9512	0.2656
2.032	1.538	0.3247
1.887	1.997	0.2039
1.941	1.605	0.2521
2.022	2.356	0.3331
2.037	3.531	0.4163
2.119	2.571	0.4584
2.058	2.589	0.5157
1.452	0.9202	-0.1438
1.386	-0.3168	-0.117
1.556	0.3309	-0.1199
1.262	3.668	-0.1603
1.276	2.238	-0.2404
1.205	0.8204	-0.09405
1.216	0.9471	-0.1186
1.27	1.058	-0.05599
1.133	0.6766	-0.08692
1.15	0.5871	-0.1009
1.208	1.316	-0.2031
1.374	3.526	-0.2088
1.165	0.8433	-0.1393
1.166	0.9509	-0.1321
1.194	0.8016	-0.07893
1.451	-0.2714	-0.02472
1.326	1.45	-0.02982
1.691	1.807	0.09479
1.492	3.292	0.05236
1.877	-0.2522	0.1357
1.918	0.8617	0.1182
1.735	-7.591	0.2121
2.63	0.09077	0.1939
2.107	2.829	0.1104
1.907	0.9785	0.1993
2.188	-3.418	0.3728
1.928	0.2858	0.06146
2.243	0.01723	0.2466
1.4	0.7255	-0.06992
2.335	3.884	0.6646
2.384	-4.278	0.2822
1.887	-7.386	0.3644
2.148	-0.9507	0.1877
2.2	2.42	0.3037
2.122	0.1131	0.3072
2.143	0.5885	0.1923
2.172	3.54	0.3111
2.38	3.013	0.08501
1.504	1.643	-0.01058
2.312	0.321	0.08014
2.05	1.164	0.123
2.242	-0.8221	0.1655
2.024	1.566	0.1664
2.535	0.391	0.1772
1.927	1.54	0.2083
1.983	2.891	0.2604
2.066	-1.901	0.06396
1.676	-0.2584	0.1071
1.835	-0.06408	-0.003651
2.34	2.755	0.149
1.985	-0.8356	0.1461
2.066	-5.5	0.2141
0.8938	0.8332	-0.00425
2.154	-2.415	0.2457
1.983	1.376	0.2331
1.93	-2.311	0.2834
2.346	1.274	0.407
2.213	3.731	0.4876
2.288	-1.923	0.2593
1.326	0.6708	-0.05296
2.078	-2.118	0.1629
2.211	-1.855	0.2063
2.132	-3.169	0.147
2.393	3.106	0.4464
2.331	1.526	0.5382
2.002	-6.262	0.31
1.915	2.702	0.1877
1.69	-2.086	0.2605
1.78	1.709	0.1871
1.866	-7.482	0.2123
1.991	0.05272	0.2986
2.282	-0.1967	0.1884
2.567	2.176	0.2544
2.216	-0.7069	0.3465
2.29	-1.88	0.3374
2.318	1.67	0.564
2.182	3.559	0.4683
2.303	2.274	0.6766
2.217	2.04	0.1472
2.193	-1.622	0.2597
1.882	-3.657	0.05041
1.814	0.4396	0.0864
1.514	2.589	-0.1274
1.963	4.492	-0.004163
2.106	2.947	0.08425
1.756	-0.4533	0.1029
1.287	2.165	-0.02112
1.918	-0.8747	0.124
2.101	1.7	0.1227
1.362	-2.408	-0.03046
2.225	2.356	0.08685
1.812	-1.015	0.09732
2	3.036	0.05574
2.473	3.673	0.05643
2.349	4.783	0.06794
2.482	2.926	0.112
2.421	3.316	0.164
2.243	-0.3565	0.1148
2.659	1.842	0.1554
2.174	2.341	0.1064
2.113	3.616	0.1549
1.834	4.686	0.128
2.697	0.197	0.2381
2.679	0.8186	0.2634
1.826	2.056	0.09656
2.188	3.586	0.1404
2.308	2.43	0.1308
2.218	-0.2505	0.2378
2.068	2.55	0.1613
2.374	2.582	0.2649
2.114	0.9907	0.2904
2.18	-0.362	0.1763
1.883	-3.501	0.2427
1.804	0.9918	0.1704
2.064	-2.407	0.1336
1.918	0.3798	0.1969
1.817	0.6414	0.2345
2.225	4.142	0.1467
2.121	4.202	0.1415
1.855	-3.823	0.2406
1.94	-1.48	0.1273
1.563	-1.293	0.09312
2.185	-5.546	0.1322
2.203	1.282	0.1049
1.738	3.192	0.007101
2.004	-1.882	0.08165
1.959	-1.349	0.1394
1.836	1.021	0.000918
2.371	2.072	0.1764
2.598	0.5122	0.2434
2.059	1.226	0.139
2.104	3.219	0.09533
1.959	1.914	0.06323
2.083	2.923	0.195
2.03	-2.454	0.1029
1.952	-1.8	0.1146
1.861	1.026	0.1462
1.607	1.46	0.1268
1.837	0.0426	0.1218
1.25	1.648	-0.02658
1.947	-0.8293	0.1846
1.971	2.126	0.2198
1.726	0.5145	0.1912
1.869	1.759	0.1121
1.481	1.861	0.04934
1.867	6.049	0.1144
1.995	-1.88	0.2338
1.89	-1.312	0.1725
2.1	6.436	0.1093
2.049	2.364	0.1968
1.75	-0.2516	0.3059
1.948	-2.808	0.2213
1.715	4.756	0.185
1.675	3.242	0.2019
1.918	2.27	0.2628
2.142	3.485	0.3617
1.809	2.238	0.2956
2.255	-4.922	0.3722
2.49	2.924	0.4919
2.097	2.169	0.2373
2.081	1.021	0.335
1.792	1.803	0.2958
2.694	1.914	0.5496
2.675	0.9746	0.4327
2.034	-4.609	0.4175
2.485	1.893	0.4224
2.2	1.304	0.3413
2.687	-2.045	0.5031
1.533	0.4476	-0.05814
2.098	1.377	0.07494
2.205	0.9602	0.4082
1.903	2.452	0.267
1.386	2.75	-0.1207
1.729	1.292	0.1588
1.761	2.01	0.09423
1.945	2.509	0.1131
1.967	2.04	0.138
0.8619	0.8766	-0.1021
0.7067	0.9461	-0.07583
0.9185	1.198	-0.0628
2.008	-5.591	0.1478
2.077	-3.362	0.147
2.014	-6.987	0.1225
2.26	-2.209	0.2033
2.324	-4.335	0.242
2.211	-2.734	0.1825
2.174	-4.966	0.1677
2.131	-5.587	0.1885
2.133	-6.472	0.1675
2.4	1.062	0.3584
2.249	-0.6683	0.3818
2.361	-2.138	0.3002
2.336	-0.4861	0.564
2.385	3.364	0.6068
2.333	-0.06271	0.5008
1.973	-7.749	0.4147
2.112	1.441	0.443
1.977	2.045	0.314
2.215	-0.4638	0.1988
2.09	-2.095	0.1886
2.307	-1.354	0.2388
2.002	5.051	0.2227
1.819	-2.228	0.2423
1.787	3.456	0.1818
1.886	-2.863	0.1959
1.702	-2.129	0.303
1.702	2.243	0.2121
1.723	3.3	0.201
1.72	-7.471	0.2293
1.757	-3.141	0.193
1.904	0.0163	0.1466
1.948	-3.698	0.1946
1.96	-7.145	0.2891
1.977	-5.077	0.3604
1.924	-3.01	0.2876
2.049	-0.7686	0.2068
2.262	-2.776	0.2214
2.396	4.152	0.2673
2.511	3.022	0.2679
2.229	2.343	0.3469
2.178	1.298	0.1358
2.305	-0.812	0.1696
2.459	2.18	0.2101
2.527	2.456	0.2969
2.232	-1.108	0.2899
2.088	0.7602	0.2875
2.149	-2.404	0.2674
2.373	-4.328	0.3146
2.004	0.1645	0.3674
2.082	0.8447	0.3108
2.188	-0.1321	0.3569
2.379	-1.566	0.4197
2.231	0.449	0.4925
2.318	0.5786	0.4663
2.34	1.384	0.5125
2.277	-10.6	0.6267
2.313	-3.163	0.6675
2.312	2.861	0.6977
2.146	0.1862	0.4305
2.282	1.708	0.5695
2.286	2.945	0.6147
2.139	3.45	0.4446
2.285	3.288	0.5599
2.568	5.299	0.2913
2.047	-3.131	0.2747
2.149	2.362	0.1217
2.403	-3.665	0.203
2.407	-3.129	0.2571
2.249	0.6378	0.191
2.246	0.5302	0.2172
2.013	-0.4427	0.2586
1.968	4.005	0.1523
2.039	0.3845	0.2902
1.971	-2.328	0.1766
2.054	0.7502	0.1462
1.714	1.221	-0.06099
1.899	3.732	0.01512
2.056	0.4906	0.1471
1.819	0.07886	0.03263
1.603	-0.2579	-0.0803
1.497	-3.283	-0.037
1.429	0.6809	-0.09829
1.983	4.734	0.06476
1.93	3.584	0.05647
2.388	5.352	0.0157
2.346	3.417	0.06003
1.959	7.2	0.01425
1.9	4.816	0.07329
2.033	1.941	0.1335
2.061	-2.492	0.1327
1.841	-0.5613	0.1119
2.253	3.155	0.1403
1.569	2.109	0.05533
1.471	2.925	0.009383
1.611	0.1215	0.03846
1.665	0.5645	0.04389
1.376	2.262	-0.01727
1.656	-0.3931	0.05851
2.16	4.182	0.1292
2.174	-0.6995	0.1431
2.259	1.29	0.1357
2.071	4.21	0.1292
1.73	2.198	0.06214
2.118	5.637	0.1172
1.485	1.328	-0.01852
1.935	2.754	0.05936
1.724	-2.093	0.03178
1.394	-0.2806	-0.07939
1.763	-1.333	0.08938
1.549	3.483	0.08353
2.285	1.704	0.09576
2.047	-3.14	0.1106
1.995	-1.256	0.09148
2.155	3.743	0.08142
1.913	1.222	0.1053
2.379	4.172	0.01418
2.445	5.079	0.05633
2.008	5.142	0.07836
2.012	3.712	0.02436
2.233	1.502	0.03586
2.129	0.3267	0.06337
2.412	0.7249	0.06486
2.277	3.865	0.06997
2.226	4.677	0.07879
2.385	6.922	0.07973
2.417	5.39	0.07409
2.44	3.017	0.07722
2.325	4.356	0.0927
2.208	3.988	0.1376
2.43	1.921	0.09222
2.418	3.688	0.0822
2.476	3.455	0.1172
2.572	2.861	0.1465
2.561	4.05	0.184
2.572	2.545	0.1319
2.639	0.1518	0.167
2.305	-0.5294	0.09751
2.455	0.2264	0.1102
2.529	1.358	0.1305
2.242	-5.138	0.1387
2.593	-1.923	0.1643
2.096	1.682	0.07847
2.232	-1.122	0.08324
2.079	4.406	0.1023
2.172	3.646	0.1568
2.186	3.284	0.2023
2.181	3.805	0.1251
2.152	3.432	0.1428
2.198	-1.723	0.1036
2.138	4.774	0.1402
2.156	2.573	0.219
1.985	3.783	0.1529
2.036	4.712	0.1514
1.944	2.05	0.2013
1.88	0.1683	0.1479
1.867	-1.651	0.108
2.683	1.268	0.2011
2.656	0.6608	0.2274
2.515	4.391	0.2114
2.7	3.167	0.2079
2.738	3.828	0.2527
2.726	1.509	0.2157
2.64	1.798	0.2411
1.892	3.547	0.1273
2.185	0.6403	0.1725
1.906	0.7435	0.09891
1.69	9.572	0.09351
1.734	7.671	0.1146
1.847	1.152	0.1353
2.089	2.556	0.1386
2.656	0.6728	0.1555
2.549	2.995	0.1404
2.532	1.455	0.1775
2.482	2.633	0.1353
2.174	-0.9006	0.1492
2.174	1.352	0.146
2.144	1.056	0.1492
2.022	3.355	0.21
2.092	3.145	0.164
2.128	-4.363	0.197
2.249	-4.363	0.2509
2.186	2.224	0.1986
2.306	1.857	0.294
2.248	2.26	0.2837
2.084	3.568	0.2028
2.326	-2.462	0.2652
2.212	1.621	0.3004
2.062	1.865	0.2723
2.034	1.918	0.2374
2.039	-2.168	0.1325
2.073	1.825	0.1608
2.02	-5.432	0.1188
2.146	-1.57	0.1537
2.028	-5.234	0.1956
2.162	0.7656	0.2632
1.935	1.577	0.2449
2.273	3.403	0.2038
2.316	2.676	0.2342
2.105	-1.394	0.2195
1.808	-5.171	0.2066
1.883	0.2728	0.18
1.824	-5.501	0.2077
1.788	2.784	0.1851
1.752	-5.979	0.1886
2.059	0.4975	0.2564
2.214	1.994	0.2489
2.033	2.875	0.171
2.013	3.205	0.1925
2.05	-3.08	0.1561
2.042	-3.169	0.111
2.02	-3.962	0.09734
1.922	0.03791	0.156
2.165	-4.462	0.1404
1.713	-9.528	0.2158
1.721	-9.448	0.1855
1.847	2.17	0.1918
1.899	2.967	0.2549
2.076	2.684	0.1964
2.024	-2.077	0.1199
1.937	-5.309	0.09186
2.142	0.05741	0.128
2.272	5.775	0.1384
2.176	4.818	0.2056
1.959	-1.077	0.1529
2.104	-2.188	0.07365
1.918	-0.3337	0.2551
1.905	3.335	0.2114
1.848	-5.84	0.2022
1.851	-3.448	0.2136
1.866	-3.046	0.179
2.188	2.133	0.1794
2.234	-3.652	0.2008
1.928	-1.329	0.04862
1.822	-0.8456	0.1322
2.115	2.534	0.1099
2.052	-0.8682	0.04955
2.017	1.582	0.05534
2.07	1.713	0.06574
1.995	1.638	0.0121
2.092	1.367	0.165
2.174	-3.101	0.1052
2.11	2.698	0.06513
1.94	1.011	0.08844
1.667	3.711	0.05454
1.699	1.327	0.08226
1.935	2.47	0.02723
1.595	-0.9136	0.03936
1.535	-1.403	0.07435
1.623	3.073	0.1267
1.897	1.786	0.02716
1.812	1.293	-0.0112
1.748	0.7117	0.1761
1.984	-1.864	0.1008
1.968	0.506	0.04808
1.982	-0.5945	0.0882
1.881	-1.909	0.02626
2.651	0.5369	0.2541
2.609	0.3891	0.2359
2.346	0.9041	0.1974
2.655	-0.7316	0.2367
2.629	1.011	0.2088
2.479	2.131	0.1624
2.472	2.616	0.1956
2.02	1.399	0.1486
2.111	-5.095	0.1613
2.032	-5.268	0.1449
2.013	-6.359	0.1026
1.906	1.498	0.06228
2.213	2.621	0.154
2.33	2.499	0.1402
2.103	-3.001	0.1628
2.029	1.391	0.1171
1.933	2.671	0.02713
2.076	2.916	0.08227
2.138	1.674	0.1178
1.925	2.145	0.03177
1.86	2.364	0.03073
1.876	-1.31	0.04144
2.525	4.331	0.2252
2.261	4.035	0.1753
2.365	2.404	0.2293
2.263	2.65	0.2042
1.987	3.441	0.1783
2.014	1.574	0.0972
2.138	2.594	0.1295
1.995	-0.02277	0.08204
1.912	-0.7038	0.0636
1.93	-2.596	0.08675
2.015	-0.5073	0.1225
1.915	-0.1355	0.1161
1.958	1.509	0.1672
1.898	0.03659	0.1416
2.058	1.276	0.1527
1.904	-4.746	0.1349
1.884	-3.576	0.1436
1.799	-3.533	0.1266
1.823	-0.8602	0.143
1.742	-0.7756	0.1519
1.619	-0.05542	0.1266
1.548	-1.427	0.08944
1.517	2.05	0.07064
1.457	1.762	0.02868
2.002	-0.733	0.1532
1.736	2.193	0.1045
1.581	2.727	0.03471
1.428	1.478	0.04523
1.083	1.149	-0.03573
2.103	-5.48	0.1542
2.079	-1.699	0.1888
2.012	-0.3538	0.1136
2.079	-2.022	0.1337
1.951	0.5307	0.2043
1.893	-6.154	0.2254
1.857	-3.769	0.2326
1.789	1.789	0.1689
1.387	1.639	0.09401
1.994	5.231	0.1878
1.789	-1.73	0.2168
1.998	-0.641	0.2204
1.59	1.422	0.1243
1.097	1.095	0.02438
2.08	-3.47	0.1635
1.996	-1.974	0.1723
1.749	1.91	0.09815
1.835	2.188	0.1117
1.743	1.407	0.07463
2.016	1.23	0.1484
1.915	-0.7417	0.1744
2.017	-0.8962	0.1335
1.931	-0.3421	0.1168
2.146	1.977	0.166
2.177	0.08806	0.174
2.135	-3.24	0.259
1.891	-2.703	0.2175
2.007	-1.373	0.1973
1.942	-0.3858	0.1613
1.849	0.5082	0.2018
1.773	0.8489	0.1449
1.903	3.927	0.1121
2.217	-2.259	0.1736
1.932	-7.384	0.1127
1.85	0.6329	0.1019
1.883	7.397	0.09566
2.225	-0.7104	0.1634
1.923	5.204	0.2169
2.064	-1.452	0.1116
2.164	1.5	0.158
2	3.269	0.1971
1.888	4.202	0.2648
1.873	1.687	0.1772
1.761	-1.747	0.2875
1.842	4.161	0.3006
1.862	2.154	0.2969
1.882	-0.8569	0.3055
1.929	-1.395	0.2282
1.575	0.05061	0.1859
1.649	-1.163	0.227
1.826	0.1116	0.2008
1.615	-3.976	0.1863
1.557	7.171	0.1814
1.639	5.508	0.1914
1.823	4.097	0.2071
1.824	0.2473	0.2812
1.872	-1.649	0.3022
1.718	2.28	0.2583
1.839	0.5635	0.2361
1.968	5.036	0.238
1.886	3.201	0.2995
1.812	3.155	0.2997
2.139	3.64	0.2975
2.003	4.028	0.29
1.954	5.666	0.3246
2.167	3.803	0.3914
1.988	0.03437	0.3323
2.345	1.308	0.4451
2.305	0.02079	0.4523
2.228	2.865	0.2963
2.335	2.533	0.374
2.426	2.161	0.452
2.567	0.3694	0.412
2.639	2.039	0.4746
1.823	4.221	0.2024
2.044	1.246	0.2256
1.852	-5.489	0.2103
1.889	-6.203	0.2394
1.978	1.952	0.2678
2.353	-0.6066	0.3524
2.256	1.556	0.3762
2.221	-6.228	0.2823
2.223	1.119	0.2904
1.984	0.9438	0.3059
1.988	-2.227	0.3251
2.105	1.953	0.342
1.85	1.57	0.2993
1.805	2.107	0.2722
1.71	-8.207	0.2535
2.413	3.019	0.6299
2.522	2.563	0.563
2.71	-3.768	0.4928
2.62	0.8476	0.4681
2.815	-0.06848	0.4919
2.525	1.214	0.4676
2.277	0.7555	0.4097
2.028	8.114	0.4519
2.334	3.393	0.4529
2.362	2.934	0.4447
2.016	2.91	0.4045
2.236	2.487	0.4671
2.499	2.571	0.4816
2.361	1.35	0.4208
2.381	0.8701	0.386
1.95	1.618	0.3576
2.549	0.8353	0.4182
2.38	0.978	0.3729
2.208	-8.744	0.3488
1.744	1.139	0.3164
1.971	2.119	0.312
1.691	-1.77	0.2872
2.428	1.915	0.6494
2.369	3.271	0.4663
2.432	2.373	0.5976
2.787	1.743	0.5497
2.532	0.9667	0.4871
1.718	0.9757	-0.06864
2.203	-0.4573	0.1607
1.432	1.838	-0.08247
1.458	0.3322	-0.0978
1.667	-0.4466	-0.05471
1.774	-1.236	0.1905
2.019	-2.513	0.2553
2.399	1.004	0.4243
2.279	-2.421	0.4737
2.413	0.2855	0.2945
2.175	1.328	0.3334
2.272	1.032	0.3163
2.047	0.3577	0.3975
2.268	-0.6566	0.2132
2.058	-0.7677	0.3093
1.955	-0.5897	0.334
1.903	4.096	0.3262
1.389	2.064	-0.121
1.475	0.8423	-0.07117
1.281	1.734	-0.09261
1.541	-1.021	0.0769
1.484	-0.2649	0.02032
1.613	-0.7712	0.1592
2.097	-7.708	0.2158
1.742	-0.4886	0.04434
1.978	-8.014	0.1182
1.771	3.846	0.09947
1.798	3.326	0.1134
1.945	-3.975	0.1581
1.974	-2.805	0.1625
1.958	2.909	0.1724
2.087	1.184	0.1155
2.335	0.7444	0.1398
1.807	1.831	0.1105
2.008	-0.6478	0.1092
1.899	3.372	0.2288
1.91	3.056	0.2026
1.765	8.693	0.2594
1.785	5.921	0.2781
1.27	-0.3906	-0.1322
0.9901	0.9382	-0.07981
1.118	0.373	-0.09742
1.163	1.65	-0.1126
1.018	1.775	-0.1097
1.158	1.58	-0.04504
1.034	1.421	-0.06703
1.26	1.866	-0.02839
1.031	1.662	-0.06231
0.718	0.7572	-0.0544
0.8235	1.043	-0.08612
1.106	2.278	-0.07681
0.7259	0.7496	-0.08681
0.7198	0.6919	-0.0691
0.8373	0.8851	-0.04006
1.293	1.23	-0.008102
1.139	1.366	-0.01097
1.605	1.878	0.03654
