1.841	0.504	0.07701
2.117	-1.921	0.2344
2.194	-2.821	0.1516
2.373	0.3617	0.2019
2.118	-3.747	0.1662
2.134	1.001	0.2164
2.233	-0.9173	0.2361
2.395	-0.3571	0.1882
2.208	0.4869	0.1576
3.088	0.2348	0.1552
1.682	-1.476	-0.07453
2.315	2.486	0.2532
1.966	-3.069	0.1467
2.288	-3.777	0.2038
2.296	-4.535	0.1553
2.208	-1.243	0.1904
2.075	-1.823	0.1011
2.154	0.8528	0.1639
2.275	1.796	0.1664
2.078	-1.231	0.1813
1.658	0.1374	-0.03282
2.025	-3.128	0.1998
2.076	0.4386	0.1836
2.203	-1.131	0.1901
2.266	-1.316	0.1696
2.381	-1.742	0.1903
2.479	2.803	0.1909
2.289	4.182	0.2178
2.22	-2.428	0.2329
2.46	-0.2045	0.2253
2.808	-1.376	0.1437
2.172	2.781	0.1947
2.132	-0.1075	0.1536
2.359	2.512	0.1992
1.365	-0.3263	0.01753
2.199	-3.246	0.206
2.181	-0.606	0.188
2.443	-2.655	0.1845
2.319	-1.141	0.2309
2.305	0.7689	0.2082
2.494	-3.285	0.1871
1.653	-0.7545	0.06719
2.11	-1.34	0.1156
2.093	-1.768	0.1511
2.207	-5.21	0.1371
2.155	3.017	0.2026
2.337	-0.3206	0.2218
2.141	3.636	0.1826
2.219	2.469	0.1957
2.264	-0.9218	0.2008
2.268	2.059	0.2012
2.19	-4.37	0.1689
2.167	-0.292	0.1313
2.169	-1.885	0.2134
2.202	2.296	0.185
2.165	-3.589	0.1743
1.99	-4.277	0.1361
2.181	2.817	0.2389
2.196	2.507	0.173
2.334	1.33	0.2625
2.152	0.7696	0.2037
2.074	-1.682	0.0896
2.238	3.44	-0.0261
1.947	-0.7147	0.0575
2.106	4.15	-0.04252
2.051	3.069	0.2115
2.067	2.38	0.1909
1.98	0.6502	0.1361
1.472	-0.2322	0.00932
1.952	-0.7072	0.09144
2.033	2.147	0.1102
1.717	0.4361	-0.07835
2.053	0.2427	0.1766
2.11	-1.635	0.1591
2.042	4.334	0.2133
2.012	3.819	0.191
2.023	2.792	0.1744
2.114	-1.124	0.1765
2.071	0.6065	0.1711
2.247	0.4771	0.2059
2.22	1.505	0.1974
2.191	2.239	0.2189
2.182	3.537	0.185
2.134	2.28	0.1744
2.311	2.592	0.192
2.227	-0.4835	0.1754
2.173	1.523	0.157
2.242	2.109	0.1777
2.228	2.166	0.1837
2.531	2.699	0.1787
2.428	-5.259	0.1887
2.449	1.916	0.1623
2.783	0.3289	0.1527
2.328	0.6979	0.1621
2.357	-2.967	0.1842
2.388	3.311	0.2096
2.563	0.6901	0.2188
2.615	3.001	0.136
2.479	-0.4821	0.2159
2.508	2.604	0.2198
2.25	0.3015	0.2242
2.194	-4.893	0.2255
2.275	-4.788	0.234
2.345	-2.767	0.1262
2.801	0.7163	0.1452
2.318	-2.637	0.2439
2.365	2.331	0.2215
2.236	4.803	0.1382
2.072	-2.707	0.1608
2.418	3.575	0.1529
2.285	1.86	0.1936
2.137	0.5932	0.1778
2.356	2.588	0.1975
2.298	1.611	0.1912
2.372	1.869	0.1863
2.137	2.793	0.1962
2.244	-1.321	0.166
2.24	-0.02879	0.2038
2.197	0.8191	0.1869
1.793	-0.5166	0.1227
1.884	0.8866	0.08803
1.314	-0.3831	0.01853
2.069	-4.482	0.1761
2.054	-2.18	0.1535
2.049	0.336	0.1206
2.332	-1.467	0.1938
1.729	0.4235	0.1042
2.706	-1.314	0.2385
2.165	-4.461	0.24
2.458	-1.983	0.2207
2.522	3.409	0.2502
2.269	1.255	0.2245
2.4	1.157	0.1767
2.194	-4.106	0.2428
2.249	0.9561	0.2129
2.362	2.241	0.1955
2.575	3.742	0.1735
2.397	2.635	0.1962
2.419	3.653	0.1637
2.296	-2.287	0.2099
2.361	0.7294	0.2275
2.189	2.182	0.2157
2.226	2.939	0.2225
2.487	2.669	0.2326
2.381	2.101	0.2433
2.44	-2.047	0.2187
2.418	-0.38	0.2191
2.302	-2.408	0.2188
2.441	1.646	0.2312
2.328	3.719	0.2239
1.834	0.9864	0.08632
2.282	-0.2313	0.1752
2.523	1.695	0.2105
2.458	2.094	0.1898
1.511	1.708	-0.0155
2.225	-0.04973	0.1548
1.968	-1.846	0.2123
2.362	2.201	0.1902
2.497	1.281	0.18
1.426	-0.2421	-0.05868
1.313	-0.4883	-0.04102
1.368	-0.003836	0.02148
2.197	-5.227	0.1363
2.155	-2.615	0.1223
2.194	-3.092	0.146
1.998	-2.153	0.1156
2.006	-3.189	0.1479
2.029	-2.609	0.1195
2.121	-3.574	0.1249
2.202	-0.4952	0.1531
2.247	-4.65	0.1321
2.046	1.761	0.1787
2.141	3.969	0.1924
2.069	0.6447	0.1763
2.254	-1.577	0.2365
2.325	1.144	0.2422
2.263	-1.469	0.2107
2.242	-0.9654	0.1986
2.313	-3.347	0.2074
2.204	0.2269	0.1865
2.239	-0.6309	0.1772
2.302	-2.391	0.1823
2.149	1.599	0.1741
2.175	3.399	0.1844
2.182	3.025	0.1862
2.267	2.052	0.1983
2.329	-1.968	0.1849
2.222	-3.758	0.1966
2.188	2.68	0.187
2.222	3.015	0.1985
2.324	0.5284	0.2044
2.279	3.586	0.2014
2.197	-2.448	0.1529
2.204	-3.742	0.1432
2.196	-3.512	0.1757
2.192	-4.878	0.1661
2.208	-2.387	0.1523
2.147	-2.433	0.1256
1.992	-2.975	0.1136
2.209	3.311	0.2048
2.211	2.706	0.1969
2.196	-0.3728	0.187
2.157	0.04174	0.2165
2.185	-3.267	0.2079
2.198	0.1531	0.2082
2.179	1.647	0.1778
2.051	-3.828	0.1339
2.075	-2.352	0.1179
2.057	-1.914	0.1117
1.965	-4.135	0.142
2.162	-1.309	0.1463
2.078	-1.945	0.1142
2.037	-2.674	0.1216
2.046	2.549	0.1887
2.091	3.081	0.2035
2.064	2.373	0.2077
2.17	3.254	0.2236
2.245	-0.03606	0.2543
2.252	0.5798	0.2456
2.334	2.944	0.2614
2.129	2.89	0.153
2.205	0.3877	0.2205
2.265	-0.8218	0.2116
2.251	-2.139	0.1746
2.306	1.679	0.2246
2.065	-2.498	0.1426
2.102	-1.591	0.0596
2.13	0.694	0.2149
2.196	-1.826	0.1967
2.189	1.92	0.1723
2.162	0.4232	0.1901
2.085	-2.163	0.1394
2.188	3.976	0.04762
2.221	3.951	0.03083
2.205	4.085	0.04691
2.126	-0.5589	0.04119
2.061	-2.52	0.09894
2.269	4.668	-0.06465
2.274	4.051	0.0329
2.056	0.923	0.1162
2.129	-1.109	0.03202
1.795	0.506	-0.05803
1.75	-2.456	-0.06543
1.654	-3.209	-0.07917
2.087	0.6987	0.2168
2.066	1.556	0.2137
2.056	3.087	0.1994
2.094	-0.2307	0.1872
2.055	3.431	0.2067
2.045	3.445	0.2084
2.017	-0.6143	0.1856
2.045	-2.047	0.1596
1.965	0.5751	0.1118
2.084	1.243	0.1493
1.942	1.034	0.1042
1.649	0.3411	0.04639
1.892	0.387	0.08937
1.825	-0.3458	0.06069
1.413	-0.3752	-0.01757
1.789	0.3444	0.03823
2.047	2.71	0.1611
2.007	-0.7992	0.1473
2.097	-0.887	0.1541
2.022	0.7661	0.1003
1.866	0.4451	0.03662
1.999	1.05	0.09405
1.612	0.2614	-0.0641
1.911	-0.1829	0.02874
1.887	1.39	-0.005125
1.693	-1.809	-0.09211
2.04	-1.001	0.1495
1.93	0.7498	0.1253
2.049	1.38	0.1781
2.058	-3.088	0.1666
2.098	0.4074	0.1741
2.071	1.246	0.1782
2.125	0.8944	0.1807
2.035	2.544	0.2025
2.03	1.281	0.1917
2.093	1.522	0.2153
2.047	1.073	0.2096
2.016	-2.063	0.201
2.021	-0.3415	0.2075
2.007	1.169	0.19
2.039	2.948	0.1782
2.063	2.588	0.1778
2.028	2.529	0.1823
2.007	3.902	0.181
2	2.68	0.1817
2.051	2.151	0.1704
2.064	3.096	0.1792
2.03	-1.357	0.1906
2.007	2.177	0.173
2.023	1.826	0.1692
2.069	-1.983	0.1697
2.074	-2.184	0.1698
2.163	-1.227	0.1883
2.142	-0.7149	0.1778
2.082	0.3784	0.2109
2.137	-3.124	0.2058
2.259	2.239	0.2022
2.247	1.765	0.2013
2.281	2.03	0.1975
2.064	4.207	0.2153
2.085	2.847	0.2147
2.109	1.535	0.2155
2.171	3.047	0.2174
2.203	3.673	0.2063
2.231	-0.03855	0.2021
2.179	1.081	0.1855
2.179	1.419	0.2168
2.209	1.858	0.2026
2.192	1.507	0.1879
2.141	3.192	0.1811
2.146	3.52	0.1834
2.158	2.329	0.1783
2.142	-0.1117	0.1689
2.173	-0.7456	0.1579
2.165	0.2093	0.1862
2.166	-1.212	0.1687
2.23	-1.714	0.191
2.261	2.334	0.1923
2.239	2.702	0.194
2.377	0.03014	0.1938
2.449	2.594	0.1841
2.138	2.614	0.1775
2.168	2.804	0.1844
2.186	-1.27	0.155
2.144	-0.3359	0.1648
2.187	4.088	0.1663
2.203	2.917	0.162
2.209	2.619	0.1682
2.365	-2.352	0.1875
2.302	2.581	0.1899
2.257	-0.8926	0.1861
2.248	2.941	0.1803
2.229	-1.243	0.1757
2.241	0.6177	0.1846
2.288	-2.475	0.1931
2.382	-0.797	0.1734
2.293	-4.326	0.178
2.505	-4.378	0.1805
2.761	-1.346	0.1687
2.837	2.443	0.1802
2.703	0.9533	0.1582
3.169	4.363	0.1467
2.314	3.882	0.1725
2.437	2.74	0.1685
2.511	0.5987	0.1544
2.419	0.5106	0.1691
2.487	2.98	0.1732
2.222	-0.1335	0.16
2.259	2.849	0.1657
2.198	-1.066	0.1521
2.27	-2.331	0.1511
2.353	-2.143	0.1578
2.415	2.437	0.1682
2.396	-0.9519	0.1915
2.361	1.269	0.166
2.417	1.168	0.1695
2.343	-3.728	0.1702
2.392	-3.512	0.2068
2.46	-0.4144	0.2085
2.342	-4.111	0.1967
2.326	0.5844	0.2053
2.347	3.49	0.2046
2.561	0.8507	0.1386
2.856	4.192	0.137
2.511	0.5945	0.2081
2.448	-1.939	0.1902
2.385	-3.787	0.2092
2.32	-4.339	0.2324
2.301	-4.268	0.2182
2.613	2.248	0.2133
2.624	1.243	0.2115
2.446	-0.938	0.2088
2.555	-1.28	0.2109
2.512	0.8353	0.2181
2.415	-2.007	0.2138
2.41	-0.802	0.2203
2.392	1.034	0.2291
2.175	-2.306	0.2365
2.621	1.684	0.2196
2.371	3.194	0.221
2.229	1.538	0.2217
2.242	-3.632	0.2311
2.272	0.3272	0.2322
2.192	-0.7169	0.22
2.213	-1.857	0.2254
2.224	-5.334	0.2315
2.218	-1.819	0.2308
2.254	-1.836	0.2363
2.695	4.041	0.1283
2.882	-3.894	0.1419
2.282	1.69	0.2067
2.36	-2.271	0.1371
2.59	-1.417	0.1182
2.55	-3.104	0.1214
2.938	0.3783	0.143
2.325	0.3479	0.2338
2.31	1.133	0.2298
2.268	-1.212	0.2433
2.315	-3.512	0.2374
2.341	-0.4645	0.2384
2.433	2.622	0.2427
2.462	3.268	0.221
2.334	0.7743	0.1374
2.471	-2.326	0.1258
2.283	1.751	0.1974
2.279	0.6873	0.1877
2.358	1.858	0.1814
2.315	1.814	0.1348
2.576	0.4735	0.1558
2.28	2.133	0.1959
2.11	1.516	0.1364
2.199	2.274	0.143
2.143	0.8693	0.154
2.322	1.427	0.1508
2.172	-4.587	0.1774
2.12	-2.777	0.171
2.424	2.64	0.1917
2.242	-2.597	0.1805
2.203	1.811	0.1892
2.174	1.816	0.1935
2.112	-1.108	0.1916
2.407	2.245	0.2018
2.32	2.911	0.2017
2.726	0.3866	0.1812
2.602	2.478	0.1802
2.511	-0.263	0.1776
2.301	1.356	0.1965
2.211	-1.098	0.1941
2.374	-3.539	0.2012
2.342	0.1976	0.1971
2.492	-1.764	0.1795
2.331	3.392	0.1842
2.24	3.356	0.195
2.457	3.468	0.1761
2.393	2.843	0.1701
2.259	0.9	0.1655
2.094	1.94	0.173
2.144	3.445	0.1956
2.081	2.779	0.1879
2.089	2.637	0.1827
2.107	1.927	0.1926
2.311	1.597	0.1966
2.182	2.739	0.2016
2.197	0.608	0.1621
2.332	0.08637	0.1744
2.318	9.457e-05	0.1838
2.219	-0.7682	0.1624
2.224	-2.975	0.1846
2.173	1.628	0.2025
2.126	1.668	0.1953
2.172	1.339	0.2022
2.23	-0.9542	0.1997
2.144	-3.611	0.1768
2.156	-1.912	0.1711
1.987	-0.4809	0.1535
2.016	-3.292	0.1625
1.938	-1.186	0.1407
1.802	0.1985	0.09224
1.648	0.6776	0.05956
1.542	0.1292	0.0385
2.037	-1.774	0.1354
1.847	0.8341	0.09219
1.589	0.2354	0.04014
1.564	0.1322	0.04413
1.287	-0.4569	0.009991
2.101	-0.6438	0.1602
2.086	-3.151	0.153
2.109	1.909	0.1578
2.095	0.2481	0.1596
2.068	-4.939	0.1734
2.191	1.292	0.1955
2.141	0.8203	0.1812
1.922	-1.173	0.09986
1.638	0.1962	0.05743
1.977	1.776	0.136
2.077	0.195	0.1528
2.233	0.5625	0.1678
1.809	0.4613	0.09409
1.458	-0.1574	0.04227
2.45	0.8864	0.2016
2.171	-1.768	0.1584
2.083	-0.9309	0.1583
2.173	0.5686	0.2026
2.041	1.333	0.179
2.296	0.4274	0.2231
2.135	-4.374	0.2427
2.582	0.8776	0.2201
2.63	0.2747	0.22
2.362	-1.602	0.2291
2.325	0.4565	0.2358
2.153	-4.322	0.2003
2.228	2.414	0.2035
2.432	-1.016	0.2136
2.066	-3.635	0.1736
2.254	2.26	0.2012
2.459	-1.477	0.2226
2.614	0.3759	0.2483
2.278	-3.2	0.2399
2.634	0.1089	0.2395
2.57	1.651	0.2435
2.499	3.331	0.2425
2.292	0.1659	0.2424
2.257	1.12	0.2118
2.385	0.9481	0.2541
2.279	3.306	0.2479
2.259	3.395	0.236
2.151	1.31	0.2197
2.122	-4.092	0.2686
2.292	2.259	0.1851
2.17	2.28	0.1918
2.331	-1.67	0.1956
2.482	-0.9667	0.1809
2.354	-1.835	0.2117
2.295	4.017	0.2084
2.33	3.441	0.1986
2.226	0.4433	0.2247
2.26	3.32	0.2182
2.271	0.8019	0.2033
2.239	2.01	0.203
2.248	2.386	0.1933
2.564	2.107	0.1689
2.522	-3.349	0.1744
2.445	-0.388	0.1806
2.45	3.425	0.1797
2.261	3.566	0.1844
2.503	1.817	0.1734
2.488	0.2768	0.1697
2.247	3.264	0.1883
2.453	2.04	0.1798
2.428	1.991	0.1794
2.444	3.868	0.1849
2.399	0.3192	0.1772
2.436	1.873	0.207
2.445	1.075	0.2065
2.167	-1.465	0.1891
2.292	2.356	0.2034
2.424	2.133	0.2254
2.308	-0.6109	0.2304
2.314	2.233	0.2326
2.218	-2.941	0.2141
2.21	1.943	0.2007
2.204	-1.37	0.2215
2.183	-2.832	0.2233
2.198	3.375	0.2219
2.249	0.783	0.2191
2.298	1.026	0.2233
2.188	-3.003	0.2009
2.188	0.6661	0.2163
2.272	2.337	0.2236
2.373	-1.843	0.225
2.384	-2.664	0.2217
2.336	1.218	0.2221
2.462	-3.179	0.2244
2.453	-4.061	0.2198
2.353	1.841	0.2519
2.357	2.632	0.2328
2.349	-0.8909	0.2153
2.301	2.021	0.2118
2.427	-0.8055	0.2212
2.361	0.1523	0.2176
2.353	0.2836	0.2106
2.466	1.658	0.2117
2.354	2.898	0.2203
2.305	-2.24	0.2116
2.395	3.771	0.205
2.312	2.94	0.2202
2.282	2.269	0.2281
2.32	0.1717	0.2266
2.436	1.902	0.227
2.276	3.214	0.2156
2.362	-0.202	0.2183
2.38	-3.067	0.2204
2.394	-2.291	0.221
2.305	-0.3317	0.2272
2.479	0.5354	0.2313
2.377	-2.268	0.2292
2.351	0.3354	0.2569
2.273	1.459	0.211
2.328	-1.94	0.2513
2.355	-0.7205	0.2412
2.33	-1.046	0.2086
2.116	3.293	0.08783
2.253	1.89	0.1456
1.549	-1.638	-0.0191
1.822	3.232	0.01171
2.132	-1.462	0.133
2.31	-1.081	0.1727
2.285	1.635	0.1883
2.367	-1.749	0.2069
2.402	3.326	0.2107
2.304	1.376	0.1965
2.539	2.166	0.1977
2.588	-0.5427	0.206
2.517	2.717	0.2152
2.552	-2.004	0.1882
2.499	-0.222	0.2093
2.474	-2.721	0.2083
2.409	-1.121	0.1925
1.535	-0.3288	-0.04604
1.626	-0.04715	0.03977
1.538	1.999	0.005173
1.881	-0.8351	0.1129
1.843	0.2761	0.06185
2.097	-1.248	0.1375
2.344	-4.158	0.1731
1.746	-2.344	0.1473
2.154	-2.196	0.217
2.012	-0.4261	0.1589
2.059	-1.57	0.23
2.145	-5.259	0.2684
2.253	-2.926	0.2437
2.406	2.856	0.1949
2.501	1.891	0.1709
2.561	1.076	0.1821
2.32	2.378	0.1707
2.506	-0.7783	0.1631
2.479	3.21	0.1724
2.487	3.078	0.1803
2.412	1.795	0.1637
2.398	2.893	0.1761
1.542	-0.1066	-0.0654
1.475	-0.2981	-0.07039
1.507	-0.2063	-0.0785
1.467	2.047	-0.04769
1.437	0.7927	-0.01254
1.316	-0.5291	-0.02794
1.381	-0.4637	-0.05078
1.323	-0.4515	0.00365
1.26	-0.5548	-0.01874
1.279	-0.4451	-0.01502
1.378	-0.06549	-0.02736
1.499	-0.4031	0.04893
1.37	-0.4698	-0.05256
1.321	-0.3301	-0.02548
1.315	-0.3109	0.00766
1.592	-1.37	0.1212
1.45	0.4242	0.07489
1.782	-0.3715	0.1586
1.666	0.4381	0.04598
1.853	-2.983	0.2333
2.053	-3.135	0.1507
2.161	0.1094	0.1768
2.027	0.3425	0.1925
1.995	0.5806	0.2378
2.004	0.2925	0.2105
2.48	1.928	0.1867
2.414	-0.4249	0.1623
2.346	-2.093	0.1569
1.242	-1.016	-0.06327
2.29	2.332	0.2375
2.16	-2.648	0.1672
2.005	-3.816	0.2114
2.259	-3.874	0.1596
2.016	0.3038	0.2073
2.04	-2.663	0.09287
2	2.368	0.1836
2.223	2.948	0.1737
2.266	0.7625	0.2042
1.483	1.922	0.004522
2.083	0.2946	0.2171
2.192	0.25	0.2043
2.173	-0.149	0.1599
2.161	-0.4772	0.15
2.145	2.614	0.1833
2.261	2.318	0.178
2.203	2.373	0.2077
2.302	3.089	0.1951
2.419	3.068	0.2228
2.612	-3.26	0.1333
2.208	3.613	0.2
2.332	1.033	0.1755
2.338	-0.1494	0.2076
1.109	0.2774	0.1002
1.994	-2.569	0.196
2.369	2.704	0.2085
2.527	-2.746	0.2092
2.429	-1.867	0.2182
2.496	2.354	0.2318
1.919	-3.525	0.2042
1.653	-2.354	-0.01576
2.155	-1.106	0.1311
2.191	-2.469	0.1614
2.227	-4.747	0.1375
2.25	1.747	0.1967
2.238	1.465	0.2359
2.154	3.547	0.1966
2.2	3.988	0.1873
2.087	-2.315	0.1817
2.352	2.29	0.1863
2.048	-5.002	0.1653
2.056	-0.5747	0.1403
2.054	0.3508	0.2223
2.088	1.565	0.2114
1.983	-4.101	0.1884
2.109	-2.169	0.1505
2.216	2.738	0.1892
2.121	3.487	0.1416
2.221	-1.598	0.2297
2.018	0.6725	0.2305
1.952	-1.933	0.1239
1.912	-2.351	-0.02791
1.784	-0.8298	0.05116
1.637	1.673	-0.03198
2.036	1.921	0.2384
2.196	2.709	0.2129
2.128	0.147	0.1255
1.125	0.4495	0.0115
2.161	-1.137	0.1137
2.041	1.168	0.09897
1.178	0.5281	-0.03694
2.211	1.706	0.2009
2.23	-2.7	0.1661
2.002	1.749	0.2379
2.123	2.183	0.228
2.124	3.389	0.2057
2.139	2.226	0.1911
2.042	3.231	0.2034
2.067	1.439	0.198
2.109	-0.866	0.1877
2.007	3.2	0.2177
2.053	3.311	0.1797
2.015	3.075	0.156
2.402	-2.049	0.1754
2.022	-2.384	0.182
1.996	-1.685	0.1474
2.23	-0.3367	0.1607
2.287	2.55	0.1651
2.523	2.467	0.1603
2.522	1.412	0.1758
2.381	2.005	0.1637
2.321	-0.7849	0.1515
2.309	0.622	0.1523
2.279	-1.416	0.1903
2.274	2.668	0.1852
2.461	2.573	0.1693
2.322	-1.043	0.1336
2.115	-3.805	0.194
2.606	1.301	0.1879
2.221	2.951	0.2194
2.001	-4.343	0.2103
2.066	0.2431	0.2167
2.267	-3.466	0.1277
2.426	-1.407	0.1484
2.173	-2.942	0.2243
2.398	3.054	0.2059
2.38	3.336	0.1256
2.217	-3.045	0.1602
2.456	3.493	0.1549
2.084	2.043	0.1909
2.019	1.461	0.1937
2.246	0.4527	0.1812
2.238	-1.486	0.1891
2.234	0.9667	0.1975
2.21	2.519	0.2048
2.305	-3.144	0.1752
2.273	0.4505	0.2065
2.271	-0.0573	0.1918
1.789	-0.3576	0.1163
1.885	0.6409	0.1422
1.215	0.5873	0.0704
2.145	-4.564	0.1748
2.125	-1.421	0.1913
1.994	-0.05549	0.1668
1.974	-0.1727	0.1963
1.466	1.822	0.1149
2.27	1.978	0.2238
2.015	-4.883	0.2471
2.38	-1.363	0.223
2.272	2.678	0.2208
2.05	3.386	0.1969
2.439	2.354	0.1907
2.282	-4.801	0.2487
1.98	1.17	0.2068
2.36	0.993	0.1977
2.536	-1.093	0.1964
2.443	3.082	0.2012
2.594	4.261	0.1663
2.259	-1.325	0.2278
2.513	2.497	0.2072
2.143	2.426	0.2224
2.097	-1.991	0.2203
2.452	-1.753	0.2023
2.425	0.112	0.2519
2.424	0.5295	0.2323
2.42	-0.2011	0.202
2.503	0.101	0.194
2.52	-0.7259	0.2056
2.599	2.323	0.2472
1.702	0.7425	0.1014
2.307	1.756	0.1902
2.256	0.9918	0.2155
2.398	2.598	0.1987
1.366	0.5887	-0.06975
1.988	0.4685	0.1456
1.833	-1.782	0.1717
2.39	5.234	0.2043
2.343	1.978	0.1914
0.839	0.2738	-0.01768
0.6753	-0.2307	0.03213
1.068	0.6338	0.05444
2.107	-4.771	0.1404
2.2	-2.676	0.1279
2.096	-3.733	0.1416
2.14	-2.359	0.1388
2.181	-2.334	0.1654
2.165	-1.908	0.1355
2.217	-2.093	0.136
2.21	-2.144	0.1602
2.274	-4.589	0.1424
2.189	3.195	0.1894
2.214	2.779	0.197
2.207	3.299	0.1918
2.282	0.01193	0.2288
2.309	1.955	0.2418
2.261	-2.028	0.2278
2.152	-1.955	0.2183
2.07	-1.132	0.2233
2.068	-1.069	0.2021
2.278	-0.07753	0.1821
2.321	-0.6574	0.1806
2.235	2.806	0.185
2.154	4.167	0.1881
2.053	-0.1864	0.1835
2.335	4.302	0.1861
2.341	-2.284	0.1821
2.038	-4.961	0.1917
2.116	-0.08909	0.1778
2.237	3.209	0.1768
2.143	-0.7348	0.1776
2.219	2.833	0.1803
2.054	-2.931	0.1566
2.084	-3.603	0.1454
2.023	-4.426	0.1779
2.013	-4.744	0.1722
2.066	-2.993	0.1533
2.107	-0.6423	0.137
2.111	-1.944	0.1377
2.041	3.306	0.2106
2.048	2.634	0.2103
1.995	0.1835	0.201
2.026	0.3149	0.2336
2.079	-1.803	0.2318
2.087	-0.7297	0.2219
1.997	1.773	0.204
1.968	-2.729	0.177
2.003	-1.349	0.1406
2.077	-2.542	0.1341
2.13	-3.372	0.1652
2.013	-0.6891	0.1533
2.039	-1.41	0.1286
2.073	-3.202	0.1232
2.168	3.482	0.1865
2.118	3.278	0.1582
2.139	3.308	0.1783
2.233	3.204	0.2021
2.262	0.2618	0.2264
2.23	0.8199	0.2032
2.239	0.9236	0.242
2.072	2.804	0.1127
2.177	3.317	0.1661
2.196	0.05217	0.1864
2.148	2.344	0.1662
2.213	-1.146	0.224
2.046	2.31	0.1776
1.986	-3.388	0.1078
2.01	0.3105	0.237
2.085	-1.628	0.2254
2.107	-1.888	0.2052
2.041	0.8059	0.2137
2.01	1.361	0.1626
2.024	1.074	0.04486
2.068	1.922	0.02635
2.002	0.0004407	0.03684
1.932	-3.186	0.04761
1.953	0.9224	0.1078
1.868	0.06566	-0.04791
2.183	3.979	0.05292
1.951	-2.025	0.1254
1.734	-2.719	0.03192
1.57	-3.918	-0.05544
1.374	0.2518	-0.06606
1.32	-2.13	-0.06705
1.981	1.905	0.2404
2.001	2.039	0.2398
2.157	4.089	0.2303
2.264	0.009993	0.2098
2.127	4.165	0.2341
2.033	3.523	0.2337
2.033	2.021	0.2053
2.262	-2.591	0.1686
2.101	-0.2294	0.1083
2.286	0.6991	0.1728
1.76	-0.9061	0.07525
1.582	0.7918	0.02498
1.777	-1.098	0.05739
1.89	-0.2157	0.05815
1.214	0.6642	0.005115
1.811	-0.04434	0.05816
2.168	2.315	0.1737
2.005	-0.4351	0.16
2.259	-0.876	0.175
2.095	-0.001037	0.1049
1.708	-0.8844	0.03892
1.931	3.133	0.08508
1.275	1.053	-0.01552
1.654	-1.338	0.03566
1.58	1.214	-0.0006709
1.176	1.26	-0.06851
2.188	-1.24	0.1477
1.832	-0.692	0.1016
2.247	0.3063	0.2028
2.249	-1.235	0.1815
2.246	-1.222	0.1891
2.191	0.5268	0.2034
2.249	0.86	0.1977
2.099	2.79	0.2366
2.202	2.632	0.2233
1.978	2.246	0.2378
2.015	0.9643	0.239
2.06	1.226	0.2296
2.028	-1.566	0.2286
2.084	2.013	0.2238
2.164	2.711	0.2074
2.152	2.521	0.2055
2.19	2.214	0.2131
2.127	3.386	0.2129
2.114	2.53	0.2085
2.083	2.677	0.2044
2.134	3.164	0.2046
2.11	0.1401	0.2036
2.117	2.749	0.2011
2.069	-0.4999	0.2007
2.047	-1.848	0.1873
2.034	0.1562	0.2001
2.129	1.709	0.1863
2.036	0.8898	0.1903
2.059	-1.783	0.2085
2.111	-2.835	0.2017
2.166	-0.2441	0.1892
2.126	-2.437	0.1734
2.33	1.034	0.1761
1.988	3.554	0.2302
2.023	2.14	0.2306
1.987	2.702	0.2311
2.013	2.468	0.2196
2.039	3.759	0.2047
2.061	0.5825	0.1929
2.101	0.1669	0.1643
2.029	2.078	0.2174
2.036	2.737	0.2033
2.038	0.3361	0.1906
2.037	3.196	0.1638
2.07	3.373	0.1561
2.03	0.07584	0.171
2.023	0.3519	0.1614
2.013	0.01551	0.1541
2.057	-0.6171	0.1849
2.008	0.1606	0.1915
2.328	-0.6832	0.1672
2.262	1.492	0.1825
2.169	0.6691	0.184
2.255	1.679	0.1778
2.032	-1.439	0.1811
2.064	2.152	0.1574
2.201	2.62	0.1553
2.035	-2.914	0.1482
1.999	2.792	0.1538
2.104	2.93	0.1549
2.048	3.151	0.1481
2.16	2.863	0.1546
2.401	1.945	0.1709
2.291	-3.525	0.1736
2.323	2.19	0.1616
2.277	-1.032	0.1615
2.197	1.066	0.1579
2.314	0.09066	0.1686
2.269	-1.773	0.1818
2.299	-2.879	0.1543
2.326	-3.019	0.164
2.464	-4.304	0.167
2.405	-3.344	0.168
2.638	2.295	0.1676
2.375	1.095	0.1656
2.304	3.385	0.1549
2.245	2.965	0.1502
2.384	1.674	0.1594
2.368	2.74	0.1668
2.335	0.2352	0.1787
2.305	1.07	0.1714
2.158	1.2	0.1472
2.197	3.553	0.1484
2.116	0.06315	0.1441
2.282	-2.278	0.1462
2.318	-3.463	0.1591
2.365	-1.896	0.1733
2.244	0.7375	0.1925
2.341	1.658	0.1536
2.346	0.3451	0.1691
2.285	-5.581	0.1719
2.267	-0.8618	0.1905
2.279	1.138	0.1852
2.296	-1.899	0.1875
2.333	3.482	0.1853
2.189	1.833	0.1788
2.293	0.6326	0.1383
2.272	3.521	0.1431
2.373	2.786	0.1706
2.347	0.6557	0.1513
2.41	-3.745	0.1446
2.402	2.734	0.1773
2.383	-1.481	0.144
2.346	2.593	0.1855
2.439	-2.999	0.1757
2.215	-1.664	0.1843
2.222	-0.05144	0.189
2.094	-4.222	0.1953
2.148	0.8698	0.2047
2.301	-0.136	0.1989
2.174	-0.4043	0.1908
2.099	-2.181	0.2092
2.544	-0.4044	0.1809
2.464	-0.6109	0.2045
2.39	2.848	0.2052
2.094	3.408	0.2182
2.213	-0.6726	0.2124
2.155	2.692	0.2073
2.131	-2.017	0.2088
2.015	-2.256	0.2102
1.971	-1.166	0.2125
2.006	-2.113	0.2156
2.3	4.185	0.1402
2.362	-4.99	0.1543
2.334	1.533	0.1547
2.327	-3.759	0.131
2.442	2.63	0.1228
2.403	-0.08466	0.1177
2.736	2.286	0.1364
2.268	3.28	0.2203
2.386	1.822	0.2065
2.056	-2.381	0.2187
2.134	-2.465	0.217
2.254	2.586	0.2227
2.302	3.143	0.2307
2.377	0.5978	0.2122
2.266	-0.0487	0.122
2.532	3.348	0.1236
2.297	3.027	0.1711
2.282	2.705	0.1767
2.379	2.355	0.1767
2.563	1.828	0.1268
2.504	0.4567	0.1401
2.345	2.963	0.1909
2.352	0.06177	0.1422
2.498	0.1069	0.1417
2.333	1.203	0.156
2.443	0.1385	0.1648
2	0.6835	0.1896
2.02	1.536	0.1984
2.053	-2.724	0.1842
1.999	-3.899	0.1842
2.012	1.906	0.1927
2.135	1.073	0.1957
2.118	2.211	0.1963
2.364	-0.9403	0.1761
2.172	0.8533	0.1838
2.801	-1.635	0.1577
2.596	2.504	0.1603
2.345	-2.125	0.1645
2.196	3.051	0.1932
2.219	2.683	0.1977
2.17	-2.648	0.1896
2.234	2.382	0.1888
2.314	2.271	0.1679
2.214	3.481	0.1937
2.26	2.882	0.2036
2.286	3.729	0.1752
2.281	2.2	0.1843
2.399	2.302	0.1823
2.039	3.218	0.2023
2.207	3.253	0.201
2.116	4.046	0.203
2.126	3.81	0.2043
2.209	0.8897	0.2061
2.265	1.212	0.2047
2.266	0.7374	0.2064
2.324	-0.1097	0.1713
2.332	0.8068	0.1899
2.316	-2.376	0.199
2.285	-2.913	0.1797
2.329	-1.55	0.1964
2.258	1.151	0.2044
2.253	-0.7934	0.1978
2.265	0.2835	0.2053
2.273	0.08633	0.2013
2.276	-3.463	0.1852
2.265	-2.91	0.1825
2.064	-0.8105	0.1668
2.2	-1.447	0.1749
2.154	0.7768	0.1455
1.768	-0.5715	0.08152
1.665	-0.01002	0.07759
1.54	1.746	0.04355
2.136	-1.469	0.1548
1.853	0.4453	0.1285
1.652	1.63	0.09966
1.602	1.71	0.1151
1.017	0.1575	0.09308
2.201	-3.545	0.1702
2.219	-2.299	0.1846
2.25	-0.1709	0.1595
2.19	-0.7569	0.1646
2.137	-2.676	0.184
2.271	2.294	0.2002
2.206	-0.1093	0.1908
1.967	0.3935	0.1518
1.69	1.714	0.1272
2.094	0.7862	0.1619
2.121	1.113	0.1589
2.281	-1.527	0.1921
1.676	1.542	0.1345
1.275	0.5179	0.1063
2.266	-2.998	0.2176
2.065	-0.08248	0.1801
1.796	-0.3326	0.1685
1.82	0.4065	0.2
1.729	0.7166	0.1717
1.91	-1.889	0.2167
1.911	-3.754	0.2484
2.353	-2.683	0.2263
2.149	1.929	0.2162
1.987	-1.775	0.2277
2.049	-1.421	0.2141
1.989	-4.215	0.2233
2.247	2.839	0.2067
2.366	-1.624	0.2194
2.174	-4.121	0.1698
2.272	2.882	0.2052
2.408	0.1915	0.2222
2.281	2.685	0.2246
2.034	-2.609	0.209
2.397	-0.4895	0.2352
2.427	0.6103	0.2393
2.395	1.533	0.2349
2.106	0.9648	0.204
2.048	0.4458	0.1948
2.275	0.2574	0.2283
2.135	2.7	0.2164
2.022	1.658	0.2049
2.175	-2.551	0.2402
1.988	-5.374	0.2636
2.155	1.622	0.1866
2.158	3.137	0.1943
2.371	1.991	0.1938
2.555	-1.643	0.2029
2.447	0.7911	0.2275
2.088	4.098	0.1979
2.204	2.746	0.1963
1.973	1.187	0.2058
2.016	3.405	0.2008
2.114	2.457	0.2052
2.059	2.386	0.2024
2.387	-0.3304	0.1997
2.668	1.126	0.1856
2.563	-1.634	0.1998
2.486	3.513	0.1824
2.614	2.478	0.1895
2.507	4.891	0.2026
2.466	0.763	0.1885
2.546	-0.2254	0.1855
2.454	1.858	0.2113
2.422	3.724	0.198
2.462	3.155	0.1795
2.46	3.339	0.1889
2.514	3.634	0.1791
2.478	3.072	0.2043
2.477	3.015	0.1954
2.361	1.456	0.2185
2.46	3.131	0.2157
2.417	3.247	0.219
2.268	1.866	0.2242
2.494	1.045	0.2194
2.034	-0.5658	0.2143
2.281	0.649	0.2128
1.965	-1.976	0.2107
2.058	-0.8936	0.2156
2.13	2.446	0.2181
2.129	-2.813	0.2223
2.354	3.05	0.2237
2.208	-2.211	0.224
2.096	0.6964	0.2235
2.115	2.345	0.2168
2.394	-0.6567	0.2118
2.485	-0.4972	0.2112
2.128	2.826	0.2125
2.3	-0.2134	0.2049
2.177	-4.058	0.1846
2.296	0.8297	0.2595
2.313	2.264	0.249
2.573	1.976	0.2456
2.569	1.723	0.2312
2.483	-1.18	0.2429
2.158	3.742	0.2352
2.126	2.981	0.218
2.476	1.212	0.2024
2.496	2.13	0.2101
2.54	-1.298	0.1994
2.435	1.591	0.2031
2.477	3.827	0.2091
2.497	2.02	0.2167
2.429	0.03974	0.203
2.435	-0.861	0.216
2.099	2.06	0.2088
2.56	-1.052	0.219
2.569	0.9315	0.2007
2.502	-3.035	0.2043
2.194	-0.4068	0.2056
2.483	1.35	0.2004
2.179	-2.353	0.1981
2.288	-2.086	0.2615
2.315	1.241	0.2316
2.292	-0.04418	0.252
2.512	-0.1502	0.2539
2.568	-0.277	0.2441
2.146	1.498	0.1094
2.324	2.259	0.1947
1.381	-0.3322	-0.02106
1.679	2.802	0.04302
1.989	-1.583	0.1556
1.937	-1.672	0.1828
1.972	0.902	0.1966
2.51	-0.666	0.2388
2.483	-2.272	0.2264
2.587	0.7988	0.2276
2.141	1.085	0.215
2.054	-0.5264	0.2059
2.332	1.475	0.2093
2.12	-3.34	0.2047
2.195	1.523	0.2061
2.355	0.7236	0.2079
2.491	2.902	0.1939
1.237	0.1808	-0.06629
1.544	-0.3647	0.0244
1.472	1.49	-0.06563
2.035	-3.91	0.071
1.773	-1.148	0.02326
1.91	-3.847	0.1428
1.904	-4.423	0.1876
1.784	-2.089	0.08864
2.153	-5.116	0.1873
2.097	-5.242	0.1414
1.86	-3.24	0.2159
2.097	-5.523	0.2516
2.359	-1.962	0.2407
2.446	5.482	0.1975
2.016	0.5599	0.1861
2.013	0.4973	0.1955
2.165	2.433	0.1666
2.313	3.355	0.1841
2.462	3.281	0.1827
2.423	2.712	0.1922
2.609	2.859	0.1742
2.586	0.4312	0.1869
1.086	0.6275	-0.06328
0.8547	0.1708	-0.01744
1.002	1.671	-0.03668
1.148	2.513	-0.05058
1.099	1.11	-0.02469
0.7071	-0.2025	0.01946
0.7053	-0.164	-0.0004943
1.072	0.2929	0.03455
0.716	-0.2123	0.05615
0.7905	-0.1422	0.06713
0.8953	0.2511	0.01293
1.327	1.424	0.009996
0.7362	-0.05801	0.01136
0.7866	-0.02915	0.0433
0.9749	0.1465	0.07736
1.365	1.1	0.07664
1.213	1.054	0.08966
1.592	-0.127	0.1253
