1.514	0.518	0.03807
1.911	-2.121	0.1929
1.755	-2.548	0.1734
1.97	0.6939	0.2489
1.881	-2.631	0.1861
1.758	0.437	0.2379
1.839	1.161	0.2295
1.964	2.677	0.239
1.979	0.5435	0.1599
1.861	3.55	0.1766
1.269	-1.976	-0.06418
1.945	0.4296	0.243
1.829	-3.729	0.1939
1.912	-3.968	0.2482
1.845	-4.6	0.2188
1.813	-0.3273	0.195
1.765	-0.6788	0.1405
1.642	-1.083	0.1462
1.882	1.869	0.1987
1.725	-1.17	0.2121
1.357	0.1032	-0.03985
1.814	-0.4778	0.2115
1.771	1.973	0.1721
1.912	-0.6162	0.1938
1.894	0.9893	0.1709
1.994	0.6411	0.1671
1.893	3.951	0.2321
1.791	2.558	0.2479
1.92	1.692	0.2376
1.987	1.979	0.2245
1.954	-4.495	0.1649
1.772	2.641	0.1765
1.738	-2.538	0.1483
1.849	-0.7014	0.1935
1.231	-0.4288	0.03954
1.97	-3.364	0.1962
1.801	2.787	0.2324
1.937	-0.9186	0.1931
1.875	2.744	0.2594
1.94	0.8038	0.2546
2.128	-1.746	0.2256
1.591	-1.969	0.05446
1.782	-3.144	0.1727
1.856	-0.7995	0.2016
1.761	-4.946	0.1846
1.885	2.653	0.2102
1.938	-2.3	0.248
1.892	3.817	0.206
1.885	2.349	0.2197
1.943	-0.9645	0.2462
1.929	2.501	0.2381
1.736	-1.623	0.1732
1.739	-0.2559	0.1704
1.783	-1.299	0.2301
1.744	1.708	0.2173
1.752	-2.203	0.1932
1.806	-3.39	0.1829
1.865	2.571	0.2335
1.816	3.655	0.1756
1.932	0.7047	0.2759
1.756	-0.7354	0.2166
1.736	-1.671	0.1085
1.753	3.797	0.008368
1.487	-1.345	0.04962
1.659	3.09	0.006317
1.709	3.776	0.2306
1.681	2.115	0.2014
1.696	0.9856	0.1309
1.216	-0.3584	-0.0343
1.613	-0.3407	0.1279
1.599	2.014	0.1143
1.357	0.9136	-0.09147
1.811	1.333	0.1968
1.71	-1.666	0.1343
1.757	2.739	0.2291
1.75	3.628	0.2214
1.779	2.454	0.2026
1.874	-1.012	0.1894
1.782	-0.3496	0.1784
1.905	1.187	0.1953
1.898	1.545	0.1871
1.875	0.7685	0.2136
1.888	2.814	0.1893
1.825	2.248	0.1755
1.912	2.126	0.1882
1.907	0.4488	0.1985
1.788	1.482	0.1726
1.843	-2.74	0.1646
1.902	2.282	0.1695
1.917	2.029	0.1732
1.844	-5.599	0.1659
1.881	-0.4364	0.1841
1.925	0.01866	0.1896
1.783	1.484	0.1934
1.851	1.02	0.2334
1.958	3.12	0.2494
1.926	2.922	0.2409
1.885	2.884	0.1745
1.941	-3.514	0.2579
1.99	3.411	0.254
1.827	2.787	0.2458
1.806	-4.115	0.2394
1.834	-3.741	0.2383
1.928	-1.595	0.1684
1.839	-1.202	0.1747
1.871	3.396	0.2389
1.916	2.968	0.2287
1.994	4.501	0.171
1.921	-2.362	0.1747
1.985	4.128	0.158
1.899	-2.208	0.1802
1.849	1.434	0.1893
1.996	3.161	0.1733
1.947	-0.8241	0.1612
1.957	2.609	0.1638
1.741	2.268	0.1802
1.971	-1.169	0.1665
1.76	-0.7962	0.1783
1.728	1.577	0.1618
1.525	0.2229	0.07772
1.57	0.5063	0.06369
1.173	-0.3875	-0.01583
1.886	-3.017	0.1728
1.846	-2.64	0.1505
1.622	-0.1505	0.1134
1.802	-0.1688	0.1832
1.606	0.8482	0.1246
1.943	1.832	0.2126
1.944	-5.03	0.1954
1.946	0.1694	0.2283
1.983	3.98	0.2325
1.909	4.254	0.221
1.908	2.192	0.1875
1.957	-5.533	0.21
1.852	-0.6417	0.2315
1.963	4.462	0.2231
1.777	2.68	0.2205
1.749	3.66	0.2355
1.896	3.837	0.2189
1.801	-0.7754	0.2516
1.88	3.058	0.248
1.799	0.6275	0.2391
1.848	2.473	0.257
1.875	2.591	0.2555
1.9	3.311	0.2704
1.896	0.7526	0.2578
1.991	-2.726	0.2633
1.923	-3.448	0.254
1.885	3.256	0.2548
1.912	1.325	0.263
1.8	-0.266	0.1277
1.989	0.7593	0.2492
2.03	-0.7077	0.2854
2.059	1.278	0.2322
1.379	1.587	-0.02501
1.997	-0.695	0.1273
1.833	-2.776	0.1451
1.96	3.38	0.1508
2.028	-0.6535	0.1914
1.145	0.1158	-0.06944
1.081	-0.4374	-0.04802
1.204	-0.07217	0.03608
1.752	-4.679	0.1712
1.772	-3.812	0.1761
1.755	-3.62	0.1746
1.816	-1.985	0.1799
1.844	-1.74	0.1966
1.823	-2.983	0.184
1.826	-3.529	0.1884
1.859	-0.7333	0.2079
1.81	-6.044	0.2032
1.839	2.363	0.2026
1.891	3.664	0.2074
1.848	0.738	0.2034
1.929	0.3088	0.2275
1.946	-2.41	0.2369
1.938	0.2155	0.2278
1.932	0.09452	0.2346
1.924	-3.33	0.257
1.923	1.633	0.2217
1.855	1.709	0.2103
1.86	-2.753	0.2187
1.853	2.011	0.2053
1.888	2.311	0.21
1.919	1.134	0.2181
1.9	2.005	0.2284
1.87	-1.916	0.2303
1.921	-3.293	0.2426
1.938	2.624	0.2262
1.962	3.213	0.2362
1.962	0.671	0.2484
1.969	3.592	0.2438
1.749	-1.723	0.1721
1.741	-3.713	0.1669
1.767	-5.002	0.1802
1.755	-4.099	0.1819
1.72	-3.054	0.1708
1.769	0.1439	0.1691
1.811	-1.423	0.1758
1.819	3.065	0.215
1.78	2.185	0.2179
1.782	-0.5387	0.2004
1.768	0.3692	0.2379
1.766	-3.642	0.2324
1.769	0.04058	0.2348
1.744	1.472	0.2046
1.736	-2.534	0.1599
1.732	-1.516	0.153
1.786	-0.5532	0.171
1.817	-3.619	0.1895
1.735	-0.3246	0.175
1.76	-0.2714	0.1658
1.789	-1.989	0.1725
1.827	3.067	0.2058
1.801	3.399	0.2066
1.814	2.75	0.2105
1.878	2.161	0.2179
1.917	-0.8965	0.2423
1.915	-0.6034	0.2594
1.944	-2.138	0.2692
1.782	3.615	0.176
1.855	2.389	0.2169
1.907	0.4379	0.2473
1.875	0.08064	0.1736
1.912	1.119	0.2555
1.705	-1.896	0.1638
1.754	-1.47	0.09968
1.756	0.812	0.2318
1.759	-1.934	0.2218
1.721	1.289	0.1876
1.714	0.4923	0.1883
1.691	-1.562	0.1529
1.783	4.104	0.08304
1.784	3.846	0.0765
1.769	4.119	0.08274
1.739	-1.542	0.07256
1.694	-2.315	0.1048
1.763	3.763	-0.02573
1.789	2.495	0.1258
1.648	1.086	0.09918
1.687	-0.249	0.032
1.487	1.07	-0.06841
1.329	-3.306	-0.1012
1.36	-3.096	-0.04485
1.739	0.1521	0.2352
1.728	1.668	0.2291
1.714	3.236	0.2256
1.695	1.761	0.208
1.707	3.476	0.2251
1.722	2.756	0.2148
1.693	0.7664	0.1795
1.734	-1.464	0.1854
1.665	0.05842	0.127
1.686	-2.294	0.1822
1.599	0.9995	0.06725
1.355	-0.03157	-0.004811
1.586	-1.054	0.03856
1.543	0.2787	0.04262
1.198	-0.3563	-0.03672
1.502	0.1615	0.05342
1.644	2.107	0.1657
1.671	-0.4373	0.1344
1.648	0.3815	0.1828
1.576	-1.645	0.1238
1.47	-1.637	0.04933
1.608	1.603	0.08291
1.336	-0.07037	-0.05344
1.468	0.2596	0.0498
1.455	1.702	-0.001635
1.26	-0.8174	-0.1095
1.683	-1.675	0.1274
1.566	0.3797	0.08646
1.767	1.632	0.2049
1.818	-2.828	0.1851
1.763	-0.2165	0.1664
1.794	0.9049	0.1804
1.746	0.7637	0.1656
1.727	2.578	0.2273
1.749	2.873	0.2204
1.748	-0.1221	0.2353
1.732	2.056	0.2304
1.749	-0.1073	0.2253
1.781	0.7848	0.2223
1.766	1.603	0.2192
1.795	2.379	0.2001
1.785	2.732	0.1844
1.78	1.685	0.2114
1.766	2.596	0.2139
1.783	1.825	0.2109
1.774	2.573	0.1866
1.767	2.82	0.1764
1.822	0.6895	0.2003
1.799	2.315	0.2002
1.808	1.759	0.1835
1.866	-0.582	0.1853
1.862	-2.138	0.1831
1.891	0.4702	0.1866
1.892	-1.13	0.1871
1.86	1.491	0.2033
1.877	1.451	0.1952
1.907	0.5946	0.1871
1.915	-2.549	0.1933
1.915	-0.4792	0.1895
1.8	3.089	0.2264
1.852	1.169	0.2117
1.774	2.288	0.2327
1.828	2.855	0.2221
1.861	3.367	0.2023
1.905	1.544	0.1984
1.908	2.129	0.1917
1.882	2.28	0.2027
1.894	1.259	0.2005
1.853	1.469	0.1926
1.852	0.7734	0.1845
1.877	2.877	0.1876
1.822	0.1355	0.1798
1.789	2.164	0.1745
1.766	0.6904	0.1735
1.898	-1.946	0.1905
1.895	-2.664	0.1918
1.913	-2.795	0.1902
1.904	1.705	0.1945
1.903	1.531	0.198
1.905	-0.9011	0.1792
1.925	2.631	0.1927
1.824	1.107	0.1748
1.878	3.008	0.1833
1.763	-1.981	0.1719
1.8	3.194	0.1717
1.846	1.951	0.1718
1.835	0.8013	0.1597
1.893	3.056	0.172
1.872	-3.979	0.1664
1.933	2.541	0.1675
1.873	-1.51	0.1708
1.873	2.998	0.1666
1.924	-2.084	0.1727
1.916	2.001	0.1687
1.929	1.215	0.172
1.927	-2.008	0.1739
1.944	-6.729	0.1673
1.886	-1.961	0.1752
1.864	0.628	0.1816
1.831	-2.619	0.1767
1.937	2.615	0.1718
1.902	3.768	0.1739
1.87	4.001	0.1694
1.905	3.33	0.1673
1.934	2.561	0.1936
1.88	3.91	0.2176
1.917	0.4143	0.2232
1.775	1.007	0.1804
1.818	3.629	0.1703
1.761	-1.276	0.1801
1.76	-2.321	0.1953
1.801	-3.638	0.2109
1.854	2.505	0.2178
1.871	3.004	0.2321
1.826	2.235	0.1824
1.833	-0.1235	0.2242
1.833	-0.6497	0.2381
1.886	-2.351	0.2433
1.903	1.249	0.2381
1.873	-2.927	0.2403
1.931	0.7037	0.2451
1.977	3.337	0.2494
1.895	-1.432	0.179
1.887	1.469	0.1719
1.916	3.124	0.2363
1.901	-1.114	0.2211
1.882	-4.29	0.2163
1.946	-2.519	0.2387
1.878	-4.413	0.2264
2	0.8231	0.2489
1.943	1.635	0.2366
1.969	-0.7701	0.2531
1.984	-1.734	0.2518
1.968	0.632	0.257
1.917	-1.262	0.2542
1.877	1.439	0.253
1.979	-1.172	0.2517
1.925	-2.592	0.2425
1.996	2.735	0.248
1.942	3.152	0.2522
1.776	3.385	0.2438
1.826	-0.06804	0.2406
1.883	-0.9282	0.2441
1.783	0.9316	0.242
1.801	-1.6	0.2421
1.815	-4.705	0.2411
1.825	-0.394	0.233
1.826	-1.042	0.2353
1.866	3.822	0.168
1.834	2.001	0.176
1.919	2.811	0.2256
1.904	-1.166	0.174
1.894	3.978	0.1664
1.934	2.956	0.1661
1.893	-3.476	0.1732
1.895	-2.668	0.2425
1.909	2.538	0.2384
1.841	0.1494	0.2344
1.863	0.8083	0.2382
1.887	1.088	0.24
1.978	2.799	0.2384
1.951	2.68	0.2297
1.956	0.7338	0.167
1.964	0.2076	0.1665
1.922	0.9025	0.2117
1.931	1.495	0.2044
1.945	3.074	0.2053
1.994	-1.456	0.1605
1.979	0.4902	0.1617
1.948	1.928	0.2109
1.961	1.156	0.1691
1.982	2.435	0.1584
1.97	2.294	0.1595
1.981	-0.7821	0.1568
1.89	-3.832	0.1921
1.869	-1.394	0.1861
1.981	1.45	0.1725
1.903	-2.143	0.1975
1.871	0.6519	0.1907
1.843	2.053	0.1751
1.799	1.36	0.1852
1.923	-0.7314	0.1779
2.015	-0.1171	0.1687
1.841	-6.658	0.1765
1.935	-0.004027	0.1788
1.974	2.143	0.1728
1.944	-1.292	0.1674
1.857	1.828	0.1663
2.028	-4.391	0.1637
1.98	-0.4017	0.1622
1.973	2.841	0.1721
1.911	3.513	0.1627
1.798	3.152	0.1715
1.962	2.981	0.1623
1.963	3.134	0.1609
1.981	-0.4073	0.1644
1.796	1.444	0.1823
1.748	2.739	0.1805
1.752	2.939	0.1824
1.736	3.207	0.1787
1.745	2.148	0.1753
1.848	2.184	0.1724
1.751	2.465	0.1783
1.977	0.6174	0.1643
1.976	0.2126	0.1658
1.901	-0.314	0.1748
1.851	-3.009	0.1674
1.752	-0.505	0.1697
1.736	0.3305	0.1748
1.743	1.645	0.1695
1.753	1.981	0.1795
1.761	0.1005	0.1729
1.706	-3.613	0.1503
1.705	-1.224	0.1568
1.621	0.2539	0.1085
1.634	-2.796	0.1297
1.614	-0.1787	0.1087
1.524	0.5389	0.05087
1.459	0.4	0.01678
1.359	0.03955	-0.005489
1.679	-2.457	0.1095
1.544	-0.3036	0.05282
1.351	0.1726	0.008971
1.323	-0.18	0.04447
1.137	-0.5195	0.008004
1.922	-4.113	0.1614
1.802	-1.829	0.1407
1.958	1.475	0.1611
1.937	-0.5708	0.1651
1.876	-3.067	0.168
1.856	0.4011	0.1931
1.822	-1.515	0.1635
1.587	0.835	0.09194
1.399	-0.1462	0.07501
1.753	-0.6523	0.1237
1.772	1.045	0.134
1.767	0.4769	0.1608
1.531	0.1098	0.1142
1.328	-0.2964	0.07841
1.852	-2.552	0.1866
1.734	0.814	0.1575
1.718	-0.5219	0.1522
1.867	1.549	0.1785
1.824	1.647	0.1634
1.918	-0.6047	0.193
1.956	-4.163	0.2056
1.906	-1.118	0.2065
1.893	1.393	0.1994
1.95	0.9782	0.1994
1.974	-1.26	0.2053
1.938	-3.851	0.1714
1.892	1.149	0.2058
1.904	0.2504	0.2177
1.902	-3.058	0.1761
1.918	0.5777	0.213
1.984	1.872	0.2291
1.972	2.758	0.2239
1.979	-1.172	0.2166
1.947	-0.2897	0.22
1.985	-0.6058	0.2342
2.01	2.57	0.2359
1.951	-1.657	0.2303
1.951	-0.1061	0.2146
1.961	3.597	0.2369
1.894	-0.07113	0.2339
1.869	3.73	0.2257
1.915	0.2566	0.2
1.973	-5.38	0.2151
1.951	2.061	0.1948
1.883	2.645	0.1795
1.869	1.576	0.1813
1.911	-2.661	0.1933
1.927	-2.489	0.1894
1.928	3.916	0.2226
1.97	0.8059	0.2172
1.85	0.7346	0.2274
1.863	2.575	0.2261
1.886	1.407	0.2335
1.845	2.233	0.2363
1.856	2.958	0.2324
1.915	2.263	0.2122
1.897	-1.686	0.2079
1.953	0.8255	0.2109
1.874	1.329	0.229
1.782	2.624	0.2288
1.771	-1.593	0.2236
1.875	0.7354	0.2186
1.751	0.7682	0.2372
1.763	3.731	0.2272
1.874	3.162	0.232
1.866	3.058	0.2397
1.979	4.095	0.2324
1.811	3.389	0.2475
1.855	1.695	0.2467
1.772	-0.2718	0.2442
1.763	1.087	0.2469
1.817	3.164	0.2511
1.854	0.5851	0.2539
1.875	3.143	0.2557
1.82	-1.526	0.2403
1.808	2.964	0.2351
1.822	-1.666	0.2321
1.799	-0.2941	0.2431
1.779	3.144	0.2426
1.834	-1.084	0.251
1.863	0.9541	0.2568
1.795	0.03983	0.2398
1.815	-0.7286	0.2487
1.835	2.164	0.2556
1.879	3.267	0.2578
1.89	1.889	0.2583
1.884	1.39	0.2585
1.914	-3.801	0.2577
1.922	-4.316	0.2541
1.93	1.673	0.2597
1.924	1.025	0.2657
1.917	1.159	0.2639
1.921	2.392	0.2547
1.896	2.347	0.2625
1.893	0.4302	0.2635
1.893	0.6415	0.2565
1.99	1.018	0.2453
1.942	0.2942	0.2554
1.933	-3.912	0.2487
1.944	-1.71	0.2519
1.906	1.562	0.2487
1.889	3.342	0.253
1.891	2.813	0.2596
1.893	2.647	0.255
1.885	1.705	0.2561
1.919	1.677	0.2526
1.919	-1.075	0.2534
1.909	-1.975	0.256
1.883	-1.469	0.2563
1.875	3.619	0.2552
1.895	-3.332	0.2564
1.927	2.367	0.2752
1.883	1.3	0.2541
1.909	1.641	0.2737
1.902	2.474	0.2738
1.959	-0.3977	0.2635
1.784	2.678	0.1723
1.869	1.211	0.2205
1.327	-0.0362	0.008993
1.566	1.892	0.0841
2.011	1.66	0.2128
2.114	-0.1391	0.1866
2.175	2.065	0.2492
1.992	-2.735	0.2608
1.965	2.152	0.2573
1.968	3.269	0.2567
2.118	2.596	0.2779
2.134	2.722	0.2618
2.028	2.715	0.2707
2.133	2.881	0.2446
2.061	-0.2179	0.2636
2.037	3.074	0.2521
2.016	2.14	0.23
1.28	0.5184	-0.03742
1.545	-0.2929	0.0576
1.468	1.465	-0.01553
1.831	-0.2654	0.08722
1.788	-0.8498	0.06354
1.993	-4.3	0.1429
2.048	-4.226	0.1565
1.776	-2.168	0.117
1.937	-2.918	0.1439
1.895	-0.9826	0.1306
1.908	-1.98	0.1791
1.961	-5.859	0.1907
1.972	-1.736	0.1859
1.974	3.421	0.1725
2.004	-0.8466	0.1524
2.043	0.02386	0.2162
1.945	0.6887	0.1361
1.977	1.721	0.1592
1.982	2.042	0.1969
2.072	3.305	0.2319
2.013	1.531	0.2175
2.012	3.194	0.2195
1.237	-0.7122	-0.0772
1.21	-0.1847	-0.087
1.213	0.1025	-0.09822
1.229	1.662	-0.0569
1.248	0.9759	-0.03885
1.112	-0.5131	-0.05512
1.137	-0.4102	-0.07011
1.138	-0.4743	-0.03776
1.073	-0.5562	-0.0319
1.122	-0.4808	-0.005997
1.15	0.01598	-0.03907
1.358	1.276	0.01562
1.105	-0.2856	-0.06248
1.121	-0.2956	-0.01884
1.187	-0.3839	0.03339
1.579	0.3458	0.1133
1.41	0.2504	0.0989
1.693	-0.9128	0.1383
1.627	0.1104	0.07365
1.786	-1.564	0.2105
1.781	-1.669	0.173
1.845	-0.931	0.2428
1.726	-0.3786	0.1951
1.809	1.198	0.2217
1.978	0.8207	0.2421
2.022	3.973	0.2158
1.976	1.248	0.172
2.033	3.154	0.1873
1.311	-2.292	-0.07243
1.896	2.404	0.273
1.983	-3.22	0.1873
1.871	-4.366	0.2483
1.92	-5.274	0.2054
1.79	-0.9869	0.2005
1.877	-2.425	0.166
1.762	2.128	0.1611
1.866	2.108	0.2132
1.837	1.213	0.1988
1.305	0.4703	-0.01958
1.844	1.879	0.212
1.914	1.62	0.1956
1.827	0.3361	0.208
1.753	-0.8962	0.1844
1.827	2.238	0.1819
2.058	3.479	0.2286
1.931	2.08	0.2375
1.889	2.022	0.2208
2.082	2.585	0.2443
2.049	-3.006	0.1711
1.921	3.369	0.1882
1.981	-1.121	0.1629
1.969	-2.112	0.2076
1.058	0.02329	0.02782
1.714	-3.132	0.2264
1.806	3.97	0.1989
1.815	-1.211	0.198
1.921	-0.5271	0.2744
2.144	2.947	0.2774
1.905	-3.431	0.207
1.947	-2.807	-0.003051
1.876	-2.506	0.1665
1.973	-1.031	0.1962
1.903	-5.092	0.1669
1.905	1.627	0.2167
1.906	0.7465	0.2701
1.947	3.351	0.2102
1.955	3.459	0.2222
1.839	-2.129	0.2401
1.988	3.154	0.2349
1.694	-5.393	0.1779
1.749	0.4579	0.1711
1.795	0.629	0.2315
1.83	2.16	0.21
1.76	-4.099	0.177
1.937	-2.722	0.1856
1.856	2.928	0.2366
1.807	3.627	0.1984
1.889	2.306	0.2797
1.806	-1.089	0.2076
1.833	-1.215	0.1475
1.805	-2.116	0.03118
1.629	-2.173	0.07009
1.754	0.7711	0.02187
1.828	2.931	0.2153
1.801	2.33	0.1916
1.841	0.8529	0.1304
1.202	0.322	-0.0107
1.725	-2.264	0.114
1.675	0.8266	0.1143
1.18	-0.1314	-0.06536
1.871	1.012	0.1998
1.925	-3.578	0.1597
1.848	2.626	0.2178
1.816	3.047	0.2154
1.806	3.645	0.2106
1.799	2.356	0.1993
1.816	1.196	0.1978
1.85	1.8	0.2128
1.73	2.008	0.1978
1.826	2.307	0.2229
1.809	2.828	0.2066
1.74	-0.4852	0.1924
1.758	-2.796	0.1939
1.72	-0.6331	0.1903
1.786	1.889	0.1773
1.734	0.4136	0.1983
1.706	-2.083	0.1839
1.872	1.049	0.1818
1.879	-1.593	0.1822
2.05	0.008665	0.1734
2.063	-1.346	0.1867
1.978	-1.821	0.1748
1.953	-1.473	0.2272
1.94	3.004	0.2439
1.897	3.342	0.2118
1.943	2.809	0.1754
1.883	-0.03628	0.2398
1.871	1.867	0.2364
1.904	0.9919	0.2202
1.933	-2.418	0.2411
1.991	-0.545	0.2316
1.906	-3.798	0.1773
2.061	-1.968	0.1782
2.007	2.783	0.2489
1.997	2.051	0.2303
2.014	4.196	0.1852
1.95	-2.323	0.1877
2.039	3.321	0.1615
1.84	1.969	0.1841
1.759	2.519	0.1914
2.058	1.091	0.1766
1.901	1.892	0.1734
1.986	0.6674	0.1773
1.914	2.709	0.1936
1.957	-1.009	0.1766
1.945	0.7228	0.1906
1.93	-1.34	0.1815
1.685	-0.2238	0.1145
1.622	0.1516	0.08759
1.193	0.2612	-0.0007328
1.885	-4.333	0.1869
1.809	-0.977	0.1683
1.646	-0.3057	0.1121
1.876	-0.5087	0.182
1.685	1.451	0.08953
1.94	2.586	0.2177
1.723	-5.618	0.2388
2.029	0.5013	0.2391
1.985	3.54	0.2372
1.903	3.933	0.2303
1.717	3.587	0.1831
1.732	-4.166	0.2131
1.899	-2.139	0.2279
1.744	3.064	0.1886
1.728	0.4065	0.1896
1.899	2.75	0.2012
1.926	2.866	0.2126
1.973	-0.7084	0.2367
1.991	2.694	0.2446
1.964	0.3091	0.2361
1.953	2.444	0.2677
1.882	2.619	0.264
2.079	-0.3375	0.2889
2.12	-0.3426	0.2821
2.1	-2.831	0.2681
1.989	-1.67	0.2617
1.939	2.473	0.2736
2.14	1.836	0.2857
1.734	0.9457	0.09062
1.971	2.447	0.2189
2.015	0.8812	0.2529
2.083	2.659	0.2495
1.501	0.9278	-0.05323
1.918	-1.899	0.1108
1.807	-2.399	0.1507
1.885	2.04	0.1642
1.953	2.311	0.1987
0.8799	-0.0627	-0.08517
0.7264	-0.4451	-0.04651
1.251	0.103	-0.0007331
1.817	-4.91	0.1639
1.883	-3.54	0.1658
1.82	-3.08	0.1682
1.934	-2.638	0.1738
1.984	-2.112	0.1915
1.926	-3.209	0.1747
1.912	-2.708	0.1735
1.945	-1.843	0.2049
1.914	-5.77	0.1772
1.953	3.991	0.2016
1.934	2.818	0.2083
1.978	2.246	0.2013
1.891	-2.155	0.2413
1.927	2.148	0.2722
1.894	-2.327	0.241
1.888	-1.989	0.2347
1.886	-1.457	0.2618
1.893	-2.294	0.2226
1.966	0.6259	0.216
1.945	-2.119	0.2218
1.982	2.168	0.2069
1.96	3.272	0.2148
1.891	-0.9477	0.2195
1.971	3.002	0.231
1.948	-1.634	0.2309
1.851	-4.72	0.2399
1.902	1.97	0.2261
1.934	2.124	0.2338
1.843	-0.9863	0.241
1.893	1.616	0.2415
1.746	-2.78	0.1729
1.757	-4.047	0.1676
1.73	-3.799	0.1876
1.736	-4.447	0.1822
1.703	-1.651	0.1738
1.853	-2.118	0.1673
1.928	-2.229	0.1728
1.828	2.667	0.2192
1.841	2.146	0.2108
1.788	-0.05887	0.1912
1.798	1.756	0.2255
1.793	-0.8615	0.2209
1.813	0.04538	0.2254
1.832	1.681	0.1917
1.819	-2.216	0.1615
1.822	-0.5944	0.1622
1.885	-1.484	0.1721
1.962	-3.657	0.184
1.723	-0.2321	0.1757
1.835	-0.6312	0.1693
1.908	-2.559	0.1863
1.916	3.678	0.2084
1.855	3.58	0.2176
1.885	3.047	0.2165
1.877	3.361	0.2313
1.876	-1.661	0.2528
1.868	-1.478	0.2487
1.888	1.993	0.2803
1.823	3.289	0.188
1.831	3.113	0.2301
1.852	-0.3029	0.2302
1.817	2.852	0.1947
1.886	1.881	0.2713
1.858	1.007	0.1765
1.854	-3.544	0.1408
1.808	-0.5533	0.2147
1.797	-2.634	0.2086
1.814	-2.63	0.1881
1.803	1.047	0.191
1.837	0.2442	0.1506
1.795	1.062	0.1043
1.771	3.828	0.1126
1.828	0.1181	0.1168
1.825	-3.325	0.094
1.803	-0.09976	0.1078
1.755	-1.411	-0.002924
1.812	3.329	0.1539
1.702	-2.038	0.1172
1.702	-2.035	0.04678
1.584	-3.527	-0.02545
1.392	-2.238	-0.0619
1.414	-1.945	-0.04438
1.82	2.052	0.2175
1.817	2.409	0.2137
1.822	2.889	0.2118
1.811	0.3152	0.1946
1.818	3.955	0.2103
1.807	3.159	0.2066
1.787	2.799	0.1856
1.882	-2.817	0.1763
1.777	-0.8129	0.1227
1.814	0.4041	0.1666
1.665	-0.8766	0.103
1.598	0.7064	0.03239
1.638	-1.312	0.08535
1.604	-0.1791	0.06883
1.124	0.3829	-0.0222
1.497	-1.413	0.06043
1.764	1.985	0.1601
1.754	0.1748	0.1487
1.782	-0.522	0.1663
1.683	0.9805	0.113
1.442	-2.303	0.05014
1.647	3.164	0.09982
1.225	0.7195	-0.03338
1.486	0.8214	0.03464
1.502	1.143	0.007194
1.227	1.076	-0.09761
1.889	0.08273	0.1453
1.741	0.4274	0.1204
1.855	0.473	0.2036
1.91	0.3021	0.1805
1.929	-0.9091	0.1827
1.883	0.7978	0.1953
1.936	-1.405	0.1836
1.83	2.883	0.2203
1.825	2.692	0.212
1.82	1.906	0.2193
1.841	2.295	0.2174
1.85	-0.04736	0.2201
1.859	-1.459	0.2164
1.833	1.818	0.2132
1.837	2.922	0.2099
1.856	2.389	0.2036
1.834	2.107	0.2151
1.803	3.33	0.2181
1.808	1.342	0.2147
1.813	2.617	0.203
1.891	2.763	0.1953
1.822	-0.2295	0.2091
1.794	1.316	0.2071
1.771	2.122	0.2063
1.737	-2.059	0.198
1.741	1.268	0.1972
1.762	1.821	0.1968
1.713	-2.219	0.1927
1.855	0.6129	0.2114
1.83	0.4749	0.2018
1.805	0.7892	0.2005
1.835	-2.297	0.2113
1.794	0.6837	0.2031
1.84	2.416	0.2203
1.854	1.351	0.2163
1.81	3.021	0.2228
1.798	2.393	0.2292
1.826	3.052	0.2185
1.835	1.608	0.2127
1.838	-0.4713	0.2085
1.846	2.745	0.2186
1.83	1.826	0.2179
1.797	2.719	0.2012
1.783	2.106	0.1985
1.807	2.522	0.2049
1.747	-0.2169	0.1924
1.719	-2.965	0.1847
1.724	-0.2977	0.1785
1.722	0.9221	0.1929
1.714	-2.898	0.19
1.794	0.3568	0.2035
1.759	1.438	0.1966
1.753	2.925	0.1919
1.771	2.261	0.1876
1.745	0.8806	0.1861
1.746	2.674	0.1974
1.801	2.275	0.2042
1.785	-0.571	0.1746
1.715	2.407	0.1812
1.714	2.658	0.186
1.778	3.383	0.181
1.701	2.227	0.187
1.74	-2.81	0.1882
1.768	3.194	0.1823
1.758	-2.311	0.1976
1.713	-1.061	0.1929
1.693	1.132	0.188
1.748	0.7899	0.1819
1.839	3.915	0.1781
1.753	-2.382	0.1852
1.729	-3.903	0.185
1.801	-3.589	0.1848
1.987	1.525	0.179
1.969	-1.424	0.179
1.993	2.914	0.1818
2.05	-0.9955	0.1831
1.861	3.673	0.1813
1.907	2.878	0.1809
2.109	0.1009	0.1846
2.105	3.19	0.1807
2.132	2.293	0.1889
1.895	1.204	0.1762
1.881	4.154	0.1797
1.861	-1.439	0.1727
1.94	-3.955	0.1729
1.935	-4.507	0.1846
2.017	-1.208	0.1808
1.996	0.571	0.2187
2.015	1.2	0.1766
1.965	-1.845	0.1839
1.927	-5.597	0.2108
1.998	-1.366	0.2446
2.05	1.199	0.25
1.961	-2.941	0.2317
2.003	3.344	0.2353
1.863	-0.233	0.2448
1.996	2.092	0.1942
2.038	-3.955	0.185
2.101	2.135	0.2175
2.024	2.557	0.1872
1.873	-4.95	0.1782
1.831	2.273	0.2113
1.822	-1.903	0.1818
1.926	2.608	0.2406
2.008	0.2492	0.2412
1.817	-4.736	0.2452
1.826	-2.598	0.2425
1.891	0.6136	0.2311
1.934	1.392	0.2293
1.922	2.018	0.2197
1.882	0.1398	0.2245
1.912	-3.778	0.2257
1.885	0.637	0.2319
1.873	3.636	0.2216
1.916	3.482	0.2251
1.941	-2.198	0.2182
1.969	0.581	0.2299
1.926	3.092	0.245
1.927	-0.4726	0.2262
1.959	-4.298	0.2279
1.953	-1.537	0.2362
1.982	-0.1051	0.2373
1.998	2.346	0.1869
2.037	2.36	0.1801
1.859	1.755	0.197
1.858	-4.229	0.1746
1.976	4.095	0.1832
2.017	3.255	0.1836
2.089	-4.807	0.1796
2	2.864	0.2327
1.932	2.138	0.2242
1.991	1.946	0.246
2.005	-2.359	0.2404
2.016	-3.243	0.2412
2.038	3.367	0.2495
2.037	-2.421	0.2391
1.992	-0.4067	0.1746
2.019	3.226	0.1807
1.933	1.538	0.1994
2.018	-2.281	0.209
2.096	3.285	0.2132
1.985	3.368	0.1734
2.067	3.307	0.1649
2.049	1.485	0.219
1.974	-0.5968	0.1793
1.941	2.486	0.1692
1.915	1.057	0.1723
1.995	0.1618	0.1665
1.718	-2.255	0.1898
1.737	1.627	0.1969
1.799	-2.248	0.1828
1.717	-2.424	0.1868
1.747	0.9505	0.1888
1.891	-1.109	0.1836
1.878	2.248	0.1882
1.965	3.064	0.1794
1.915	0.8683	0.1769
2.023	-3.952	0.181
2.109	-2.243	0.1816
2.168	-0.4601	0.1743
1.907	1.358	0.1826
1.895	0.501	0.1809
1.946	-2.445	0.1778
1.972	0.2443	0.1711
2.072	-1.225	0.1657
1.932	3.271	0.173
1.918	2.928	0.1865
2.074	0.9046	0.1643
2.063	2.783	0.1666
2.021	1.143	0.1746
1.799	1.211	0.1939
1.918	3.067	0.1915
1.874	3.271	0.192
1.874	3.064	0.1935
1.91	0.08002	0.1935
1.933	1.688	0.1862
1.922	1.936	0.1926
1.942	1.223	0.1754
2.011	0.4197	0.1766
1.994	-2.611	0.1852
1.956	-3.252	0.1727
1.981	-2.166	0.1849
1.926	1.573	0.1917
1.931	-0.5513	0.1881
1.921	1.026	0.1941
1.942	0.8504	0.1898
1.957	-2.485	0.1748
1.929	-2.49	0.1712
1.815	-0.5737	0.1439
1.91	-2.133	0.1625
1.873	-1	0.146
1.686	0.2485	0.09231
1.551	-0.439	0.04498
1.576	0.7637	0.02682
1.848	-0.5407	0.1327
1.656	-0.2876	0.08483
1.449	0.9319	0.03236
1.359	1.094	0.04645
0.9551	-0.1358	0.01049
1.896	-3.62	0.1739
1.884	-2.816	0.1609
1.907	0.5056	0.1733
1.895	-2.142	0.1759
1.858	-4.284	0.1809
1.904	1.036	0.2045
1.828	-1.898	0.1793
1.632	-0.5004	0.09715
1.405	0.4722	0.06229
1.754	-0.2352	0.1393
1.761	-0.0396	0.1508
1.887	0.5201	0.177
1.572	-0.09164	0.09089
1.292	0.4586	0.04638
1.956	-2.304	0.1941
1.857	0.2686	0.1535
1.809	-0.4219	0.1381
1.845	1.138	0.1827
1.824	0.8894	0.1493
1.818	-0.6853	0.1978
1.757	-2.899	0.2306
2.002	-2.145	0.2144
1.908	2.025	0.2019
1.82	-1.899	0.2117
1.827	-2.144	0.2172
1.709	-4.606	0.228
1.947	1.375	0.2181
2.012	-0.8697	0.229
1.91	-3.852	0.1929
2.004	1.276	0.2219
2.062	0.2108	0.2408
1.951	3.522	0.228
1.832	-4.091	0.2278
2.018	-1.721	0.2324
2.026	0.1879	0.24
2.039	3.239	0.2437
1.884	-2.868	0.2333
1.807	1.26	0.2261
2.006	1.807	0.2445
1.952	0.1442	0.2425
1.96	3.321	0.2388
1.715	-4.153	0.2284
1.758	-6.709	0.2439
1.696	2.885	0.1929
1.693	1.088	0.1951
1.711	3.83	0.1864
1.772	-1.698	0.1839
1.753	-0.2269	0.1909
1.834	3.596	0.2158
1.738	2.239	0.2174
1.946	1.275	0.2347
1.908	3.329	0.2233
1.823	2.35	0.2075
1.87	2.908	0.2107
1.706	-0.7122	0.1932
1.745	-0.1816	0.1945
1.785	-3.415	0.195
1.728	3.734	0.1847
1.713	3.543	0.1873
1.682	3.699	0.188
1.841	-0.7166	0.197
1.845	2.724	0.2159
1.86	2.833	0.1998
1.808	3.135	0.1916
1.898	3.664	0.2038
1.947	2.164	0.2156
2.02	3.344	0.2097
1.921	2.248	0.222
1.974	0.07815	0.2321
1.918	-0.2029	0.2137
1.911	2.66	0.2156
1.956	2.004	0.2419
2.014	-0.5301	0.2625
2.003	2.693	0.2639
1.918	2.822	0.2289
1.918	1.063	0.2153
1.925	-4.154	0.2378
1.939	-1.683	0.2424
1.953	2.215	0.2531
2.009	1.143	0.2612
1.933	0.987	0.2767
1.968	-2.69	0.2312
1.993	1.951	0.2582
1.952	2.344	0.2503
1.903	-2.345	0.2641
1.881	-3.176	0.2772
1.934	0.1308	0.2496
1.904	3.15	0.2507
1.816	-4.658	0.2488
1.941	2.372	0.277
1.98	2.793	0.28
2.16	1.98	0.289
2.142	-0.2155	0.282
2.139	-1.521	0.2829
1.975	1.285	0.2745
2.007	2.617	0.2673
2.134	0.5772	0.265
2.027	2.507	0.254
2.1	2.675	0.2759
2.06	2.093	0.2675
2.022	0.04957	0.2565
1.976	2.702	0.2614
1.928	-1.682	0.2689
2.053	1.177	0.2744
1.948	0.4376	0.2629
2.074	1.945	0.2751
1.995	0.236	0.2714
1.898	-3.251	0.2767
1.878	-0.6557	0.2617
1.89	2.089	0.272
1.83	-2.497	0.2581
1.977	1.868	0.2897
2.024	1.225	0.2595
1.995	1.382	0.2914
2.124	1.235	0.295
2.11	2.838	0.2861
1.881	-2.96	0.1514
2.018	1.965	0.2175
1.469	0.3755	-0.0103
1.747	0.6549	0.06988
1.813	1.647	0.1695
1.811	0.3055	0.1773
1.878	2.185	0.2163
2.072	0.1256	0.2667
2.089	0.1216	0.2645
2.086	0.7632	0.2499
1.973	-1.22	0.2409
1.974	2.088	0.2428
2.115	1.863	0.2607
2.002	-0.4893	0.2325
2.075	0.8077	0.2564
2.137	2.529	0.2696
2.09	0.3634	0.249
1.33	-0.2552	-0.07323
1.651	0.6604	0.009038
1.712	2.171	-0.03727
1.943	-0.2253	0.05859
1.802	-1.952	0.01746
1.8	-3.345	0.1175
1.905	-2.586	0.1726
1.845	-2.162	0.05243
1.807	-4.737	0.1651
1.931	-1.666	0.09849
1.786	-1.552	0.1969
1.771	-6.831	0.2194
1.775	-2.605	0.1935
1.855	3.709	0.1844
1.974	2.716	0.1858
1.959	-2.325	0.1939
1.959	2.249	0.1419
1.944	-0.3613	0.1751
1.895	2.924	0.2016
1.997	1.647	0.2355
1.922	3.933	0.2161
2.004	3.849	0.2309
1.125	0.5481	-0.09528
0.8895	-0.1051	-0.08556
1.022	0.4284	-0.1021
1.257	1.56	-0.08071
1.242	0.6174	-0.05906
0.7556	-0.3922	-0.05261
0.7454	-0.3834	-0.07045
1.162	0.18	-0.02039
0.7376	-0.4121	-0.02672
0.843	-0.3681	-0.01082
0.9774	-0.157	-0.05127
1.557	0.897	-0.018
0.7844	-0.3331	-0.06715
0.8869	-0.3676	-0.03101
1.086	-0.1054	0.01037
1.724	1.648	0.05827
1.466	0.6746	0.04849
1.804	-0.6028	0.1049
