1.655	-0.5805	0.1193
2.176	-2.807	0.2184
2.194	-1.944	0.1934
2.211	2.704	0.2359
2.184	-3.403	0.2196
2.106	-0.6032	0.2198
2.518	3.38	0.2308
2.228	2.385	0.2742
2.144	0.6414	0.1918
2.024	3.548	0.2048
1.573	0.2761	-0.0174
2.222	-1.793	0.2359
2.13	-3.584	0.1818
2.278	-3.213	0.2027
2.253	-5.891	0.2171
2.082	-1.984	0.1971
2.099	0.3389	0.1757
1.917	-3.177	0.07077
2.192	1.598	0.2254
1.913	-0.05253	0.2006
1.323	-0.1945	0.02504
2.058	-2.411	0.2289
1.931	0.5515	0.2118
2.073	-1.116	0.2228
2.075	1.979	0.2042
2.382	-5.301	0.2249
2.156	3.638	0.2346
2.251	3.199	0.2303
2.211	-0.6635	0.2411
2.248	1.365	0.2386
2.137	-4.336	0.1815
2.113	1.756	0.2172
2.037	-0.7507	0.1918
2.152	-0.7514	0.2025
1.255	-0.4468	0.003499
2.299	-1.462	0.2547
2.323	0.00857	0.2411
2.585	0.8744	0.2382
2.155	2.531	0.2542
2.32	2.511	0.229
2.467	0.701	0.2353
1.763	-1.546	0.03823
2.188	-0.5853	0.1608
2.235	-2.961	0.1921
2.238	-5.295	0.184
2.133	3.186	0.2091
2.327	2.573	0.2178
2.169	4.02	0.1933
2.184	1.181	0.2116
2.164	-0.4425	0.2139
2.192	0.1014	0.2364
2.216	-3.012	0.1933
2.196	-0.8505	0.1676
2.161	1.212	0.2229
2.138	2.411	0.1708
2.156	-3.271	0.1806
2.058	-3.149	0.1719
2.144	1.974	0.2249
2.174	3.09	0.2187
2.194	1.015	0.2436
1.978	0.03111	0.1847
2.08	-2.081	0.07622
2.13	-0.2342	0.1282
1.647	-1.483	-0.03363
2.035	0.4944	0.1101
1.912	3.276	0.2111
1.818	3.401	0.1789
1.894	-0.3323	0.1486
1.334	-0.4224	0.05324
1.792	-1.35	0.1418
1.749	2.51	0.1093
1.318	1.917	-0.05859
1.983	-0.2662	0.2033
1.906	-2.342	0.1848
2.003	2.397	0.2307
1.984	2.414	0.2223
1.989	0.8384	0.2204
2.096	-2.074	0.223
1.981	0.65	0.2161
2.193	2.242	0.2256
2.184	2.58	0.2271
2.071	2.677	0.2293
2.089	1.697	0.1974
2.129	2.941	0.208
2.259	-0.6206	0.2297
2.314	1.016	0.2249
2.138	2.396	0.2027
2.213	-3.279	0.2119
2.205	2.607	0.218
2.039	-0.4809	0.2145
2.082	-3.737	0.2169
2.103	-0.8976	0.205
2.149	0.7514	0.206
2.189	2.014	0.2114
2.162	0.2753	0.2376
2.135	3.888	0.2383
2.208	-1.976	0.2347
2.156	-0.9018	0.1964
2.205	-3.071	0.2359
2.159	3.459	0.2395
2.256	1.8	0.2348
2.463	3.359	0.2291
2.39	-2.354	0.2357
2.293	-1.21	0.1949
2.034	-2.396	0.1982
2.404	2.432	0.2261
2.279	2.961	0.2563
2.265	3.469	0.1795
2.183	-1.487	0.1853
2.167	3.503	0.1809
2.28	-1.895	0.2139
2.128	1.209	0.2155
2.243	2.688	0.2052
2.287	-1.48	0.1997
2.21	1.813	0.213
1.954	2.052	0.2165
2.133	1.154	0.2068
2.087	0.6197	0.2277
1.906	0.251	0.2081
1.836	0.2602	0.164
1.712	0.5661	0.1494
1.231	-0.4805	0.05911
2.141	-4.643	0.2024
1.983	-4.202	0.1912
1.759	-0.9922	0.1159
2.122	-0.4797	0.1558
1.611	0.271	0.04007
2.309	2.989	0.199
2.289	-6.844	0.3188
2.18	-2.139	0.219
2.349	3.314	0.215
2.457	-2.102	0.2412
2.471	1.292	0.2314
2.324	-5.498	0.2706
2.368	-1.353	0.2339
2.293	3.5	0.2255
2.492	-0.08195	0.2265
2.435	3.122	0.2717
2.663	-2.143	0.2547
2.186	2.28	0.2646
2.07	1.744	0.2721
2.378	0.9924	0.2483
2.393	-3.877	0.2551
2.237	-2.626	0.2269
2.379	-0.6676	0.2329
2.321	2.342	0.2185
2.234	-0.2025	0.2474
2.194	2.154	0.2389
2.174	2.243	0.2174
2.296	2.33	0.2386
2.06	0.8038	0.1497
2.26	2.486	0.2058
2.341	-1.26	0.2324
2.284	0.4903	0.266
1.631	-0.1486	0.008553
2.241	-2.765	0.1628
1.97	-1.747	0.1588
2.29	2.801	0.1806
2.697	-1.676	0.2327
1.231	0.1581	-0.07046
1.138	-0.5471	-0.04079
1.342	0.1052	-0.04393
2.199	-4.971	0.1742
2.22	-3.506	0.1644
2.201	-4.07	0.1867
2.183	-2.061	0.1642
2.172	-4.086	0.1862
2.236	-3.415	0.1695
2.282	-4.111	0.1754
2.289	-2.01	0.2032
2.297	-6.564	0.1929
2.079	1.202	0.2009
2.16	4.614	0.2044
2.106	2.24	0.1916
2.201	2.389	0.2286
2.282	0.842	0.2255
2.245	2.071	0.2164
2.265	0.5134	0.2036
2.338	0.9584	0.2098
2.25	-0.1238	0.1918
2.244	1.307	0.2038
2.267	-3.586	0.2214
2.166	1.885	0.1951
2.198	3.887	0.1931
2.194	2.806	0.1992
2.211	3.058	0.2211
2.223	-2.869	0.2323
2.172	-2.624	0.1994
2.144	3.47	0.2041
2.17	3.397	0.2175
2.199	-1.531	0.2263
2.171	3.194	0.2322
2.212	-2.681	0.1956
2.205	-3.492	0.1717
2.17	-4.364	0.1878
2.162	-4.264	0.1824
2.218	-2.88	0.1752
2.174	0.0878	0.1601
2.144	-2.543	0.159
2.111	2.77	0.2076
2.154	2.522	0.2023
2.118	1.322	0.196
2.155	-2.796	0.2232
2.168	-3.541	0.2099
2.211	1.344	0.2069
2.152	0.8679	0.1767
2.084	-2.382	0.1023
2.116	-0.9707	0.1293
2.128	-1.134	0.1553
2.088	-4.618	0.1753
2.182	-1.227	0.1726
2.138	-0.841	0.1496
2.062	-1.36	0.1695
2.056	2.304	0.2004
2.104	4.155	0.2025
2.063	3.368	0.2023
2.132	-0.25	0.2211
2.178	1.134	0.2345
2.195	2.054	0.2373
2.196	-0.6114	0.2469
2.142	4.498	0.2056
2.164	2.584	0.2228
2.208	2.149	0.2392
2.205	0.496	0.2147
2.178	1.513	0.2475
2.037	-2.197	0.07527
2.144	0.7013	0.1718
2.063	1.102	0.2074
2.074	-0.3275	0.1565
2.01	0.7537	0.09523
1.94	2.282	0.1409
1.915	-2.24	0.01405
2.186	4.23	0.2029
2.19	4.227	0.1941
2.16	4.111	0.2054
2.153	-1.6	0.1306
1.824	-4.099	-0.03246
2.078	0.8841	0.1105
2.167	3.812	0.1766
1.811	-0.2961	0.0014
1.757	-3.028	-0.02847
1.733	-1.389	-0.001357
1.549	-1.789	-0.0503
1.789	1.491	0.0297
1.994	0.4677	0.2184
1.922	2.211	0.2038
1.914	3.098	0.2102
1.869	1.19	0.1915
1.871	4.125	0.1997
1.862	2.335	0.1871
1.851	-0.1015	0.1511
1.897	1.029	0.1727
1.814	0.8737	0.1437
1.857	-2.476	0.1771
1.767	-1.308	0.1256
1.48	-0.2622	0.08842
1.637	0.1791	0.1016
1.613	-1.421	0.1013
1.324	-0.3535	0.03521
1.637	0.04284	0.1049
1.786	3.442	0.1476
1.863	2.305	0.1084
1.818	0.8832	0.1679
1.749	-0.794	0.1349
1.597	-0.03294	0.08164
1.751	1.898	0.05235
1.336	0.2584	-0.01231
1.537	1.02	0.02802
1.458	0.4538	-0.05521
1.406	0.2991	-0.06558
1.944	0.473	0.1642
1.874	0.2283	0.1539
1.95	-0.2028	0.205
1.95	-1.477	0.1835
1.958	-2.266	0.1972
1.976	0.664	0.2086
1.929	0.6202	0.2035
1.945	3.279	0.2198
1.954	1.623	0.2157
2.032	2.2	0.2258
1.967	2.189	0.2246
1.986	0.1277	0.2268
2.025	0.2496	0.2304
2.005	2.621	0.227
1.991	1.25	0.215
1.967	1.711	0.217
1.979	2.382	0.2141
1.99	2.382	0.2183
2.002	2.895	0.2257
1.973	2.847	0.2174
1.939	3.145	0.2163
2.064	-2.694	0.227
2.01	2.558	0.2232
2.019	1.944	0.2187
2.118	-1.456	0.2195
2.067	1.741	0.2172
2.16	2.298	0.2231
2.217	-0.6296	0.2222
2.154	1.506	0.227
2.15	1.7	0.2242
2.157	0.4487	0.2254
2.13	-1.634	0.2207
2.119	-0.01031	0.2267
2.036	1.846	0.2324
2.092	2.357	0.2309
2.07	1.601	0.2289
2.086	2.347	0.2245
2.074	3.372	0.2104
2.135	2.359	0.215
2.095	2.723	0.2109
2.166	-1.726	0.2286
2.079	2.285	0.212
2.069	2.301	0.1946
2.089	1.391	0.1999
2.068	3.261	0.2152
2.142	-2.263	0.1913
2.186	2.373	0.2033
2.184	-0.3817	0.2017
2.265	1.826	0.2279
2.253	-0.5725	0.2222
2.091	-5.18	0.2274
2.168	1.261	0.2294
2.297	-2.111	0.2315
2.396	1.44	0.2315
2.308	2.095	0.2282
2.161	1.441	0.2114
2.118	-0.01976	0.2189
2.169	-0.3346	0.199
2.161	3.308	0.2052
2.161	0.9494	0.2076
2.101	4.102	0.2011
2.139	3.342	0.2015
2.307	0.4042	0.2207
2.323	1.644	0.2157
2.223	-1.919	0.22
2.219	3.435	0.2103
2.1	0.091	0.2131
2.153	0.2296	0.2211
2.237	1.87	0.2137
2.05	-0.3206	0.2098
2.091	-4.041	0.2149
2.058	-4.843	0.2129
2.029	0.6049	0.2105
2.036	-2.405	0.2045
2.064	2.874	0.2032
2.066	3.559	0.2001
2.069	4.131	0.2036
2.053	4.266	0.2089
2.109	0.9801	0.2053
2.135	4.606	0.2245
2.166	1.133	0.2277
2.152	0.2837	0.2025
2.094	2.735	0.2023
2.19	-1.416	0.1966
2.245	-1.64	0.2012
2.262	-4.667	0.2195
2.148	2.609	0.231
2.154	0.9716	0.2355
2.125	2.329	0.2066
2.201	-1.711	0.2303
2.207	-3.575	0.235
2.145	-3.549	0.2392
2.141	1.338	0.2399
2.16	-3.971	0.2397
2.146	1.819	0.2404
2.157	2.89	0.24
2.187	-0.457	0.1927
2.085	2.391	0.1923
2.166	3.458	0.2334
2.203	0.1735	0.229
2.209	-4.072	0.2181
2.213	-4.574	0.2344
2.192	2.485	0.2162
2.147	3.477	0.239
2.149	3.926	0.2374
2.22	2.253	0.2366
2.158	0.5495	0.2393
2.172	-0.9371	0.2394
2.196	0.4348	0.2299
2.201	-2.536	0.2357
2.204	-0.2794	0.236
2.234	-3.411	0.2389
2.169	2.672	0.2358
2.196	1.983	0.237
2.292	2.448	0.2315
2.334	1.014	0.235
2.259	-1.09	0.2471
2.37	-1.479	0.2304
2.367	1.652	0.2297
2.441	-2.422	0.224
2.495	2.747	0.2296
2.5	-0.05057	0.2226
2.061	3.864	0.1958
2.019	2.41	0.2045
2.245	3.291	0.2352
2.19	1.513	0.2033
2.113	2.854	0.1942
2.17	2.953	0.182
2.098	-3.905	0.1874
2.291	1.97	0.2499
2.236	2.811	0.2502
2.552	0.7963	0.224
2.397	-2.529	0.2373
2.323	1.613	0.2469
2.295	3.887	0.2328
2.295	2.184	0.2471
2.311	0.6441	0.1784
2.178	1.027	0.1794
2.323	1.345	0.2366
2.326	-1.853	0.2249
2.298	2.508	0.2156
2.178	2.944	0.1749
2.165	0.8451	0.1829
2.223	2.581	0.2161
2.209	3.007	0.1803
2.15	2.401	0.1777
2.133	2.401	0.185
2.151	0.5132	0.1885
2.244	1.006	0.2176
2.138	0.6495	0.2159
2.298	1.866	0.2166
2.271	-1.272	0.2248
2.193	1.147	0.2189
2.186	1.867	0.2138
2.104	2.605	0.2147
2.147	0.919	0.2166
2.273	-0.8002	0.2047
2.057	-5.859	0.206
2.122	0.687	0.2077
2.184	2.125	0.2057
2.293	0.4982	0.2017
2.216	2.266	0.2064
2.316	-3.181	0.2002
2.294	-1.921	0.1961
2.227	2.008	0.1906
2.232	2.088	0.2011
2.153	3.289	0.2169
2.221	2.936	0.1878
2.205	2.393	0.1967
2.2	-0.4197	0.2071
2.021	2.368	0.2148
2.026	3.564	0.2164
2.012	2.961	0.2141
1.951	3.746	0.2154
1.919	2.365	0.2166
2.157	1.301	0.2283
2.077	2.699	0.2239
2.158	1.838	0.2008
2.221	-1.653	0.2142
2.184	0.36	0.211
2.103	-0.8227	0.2061
2.075	0.5739	0.2036
1.929	0.1956	0.2139
1.91	1.756	0.2076
1.991	2.751	0.2183
1.972	1.722	0.2153
1.938	-3.451	0.1982
1.888	0.1753	0.2007
1.878	-0.2002	0.1724
1.884	-3.774	0.1869
1.872	-2.857	0.1727
1.743	-0.2027	0.1401
1.577	0.1502	0.1242
1.416	-0.3164	0.08566
1.895	-1.281	0.1736
1.761	-0.7419	0.1518
1.444	0.1531	0.1087
1.389	0.1108	0.08548
1.176	-0.5396	0.01813
2.032	-3.441	0.1986
1.954	-4.151	0.1857
2.123	-0.1193	0.1915
2.089	-1.947	0.1991
2.075	-5.744	0.2001
2.146	0.8785	0.2016
2.066	-0.7636	0.1907
1.682	1.315	0.1339
1.485	0.06833	0.06589
1.861	-1.758	0.175
1.91	-0.0193	0.1683
2.081	-1.699	0.175
1.685	0.2086	0.07945
1.386	-0.2531	0.0108
2.149	-0.1744	0.1765
2.031	1.032	0.1461
1.938	0.3772	0.1118
2.146	2.528	0.1615
1.909	0.8609	0.1145
2.236	1.796	0.1794
2.259	-5.374	0.2869
2.2	-2.889	0.2007
2.258	0.9165	0.1786
2.287	-2.99	0.2193
2.297	0.5223	0.2379
2.289	-6.003	0.2739
2.187	1.02	0.2111
2.177	0.1455	0.2109
2.173	-3.075	0.1985
2.197	2.502	0.215
2.19	1.716	0.2263
2.313	2.295	0.2066
2.332	-3.342	0.2358
2.222	2.058	0.2116
2.238	2.428	0.2166
2.243	2.902	0.2202
2.417	-3.515	0.2297
2.365	0.9326	0.2484
2.365	1.75	0.219
2.529	0.9157	0.2263
2.505	-2.229	0.2378
2.324	-1.378	0.2733
2.265	-3.511	0.3061
2.369	2.811	0.2315
2.33	2.642	0.2483
2.375	2.073	0.2373
2.496	-5.227	0.2499
2.399	2.486	0.2276
2.371	4.113	0.2323
2.364	3.398	0.2299
2.443	2.142	0.2362
2.426	0.633	0.232
2.298	1.569	0.2288
2.302	1.142	0.2351
2.292	1.628	0.2268
2.454	2.541	0.234
2.547	1.741	0.2406
2.427	2.32	0.23
2.348	2.253	0.2197
2.434	2.111	0.2301
2.636	-3.243	0.2409
2.673	3.361	0.2346
2.395	2.44	0.2574
2.571	4.886	0.2562
2.588	4.055	0.2686
2.336	1.663	0.2769
2.451	3.31	0.2716
2.225	2.169	0.2759
2.145	1.842	0.2743
2.308	0.8929	0.2569
2.286	2.337	0.2675
2.093	-1.904	0.2731
2.074	-2.17	0.2618
2.059	1.39	0.2635
2.382	-1.763	0.2409
2.338	1.646	0.2448
2.441	0.9119	0.2362
2.444	-0.6197	0.2439
2.429	1.793	0.2429
2.252	-0.02802	0.2567
2.225	2.923	0.2567
2.346	-3.758	0.2532
2.382	1.752	0.2521
2.351	-0.5169	0.2381
2.316	-1.5	0.2433
2.226	-0.5395	0.2407
2.298	0.7728	0.2336
2.281	2.493	0.2318
2.247	-3.327	0.23
2.276	-1.911	0.2384
2.358	1.515	0.2322
2.412	2.219	0.2299
2.367	0.7581	0.2284
2.407	1.218	0.227
2.375	0.8609	0.2196
2.288	3.391	0.2072
2.262	1.888	0.2334
2.21	0.2045	0.2438
2.261	-0.09741	0.2312
2.153	2.303	0.2669
2.116	1.973	0.2626
2.118	2.125	0.259
2.154	-1.273	0.2505
2.189	-3.369	0.2166
2.189	-2.232	0.2046
2.221	-2.905	0.2249
2.183	2.18	0.2336
2.182	-3.172	0.2373
2.162	1.245	0.2124
2.192	3.151	0.2215
2.199	-1.744	0.2197
2.222	1.729	0.2451
2.114	2.885	0.2376
2.164	1.666	0.2434
2.31	0.06551	0.2412
2.395	-0.457	0.2276
2.052	0.7058	0.1774
2.097	-0.6161	0.2215
1.883	1.079	0.06916
1.973	2.302	0.1251
2.216	-0.4104	0.179
2.366	1.67	0.2039
2.386	1.216	0.2186
2.381	-0.8884	0.2292
2.313	1.688	0.229
2.271	2.185	0.2286
2.358	2.32	0.2238
2.374	-0.574	0.2385
2.301	-2.392	0.2356
2.365	2.044	0.2558
2.326	-3.665	0.2482
2.262	-2.682	0.2539
2.219	2.165	0.2698
1.572	0.2613	-0.009969
1.912	-1.608	0.06962
1.611	-1.064	-0.0008705
2.046	-3.214	0.1177
1.998	-2.604	0.09989
2.174	-1.234	0.1739
2.469	-3.944	0.2124
1.865	-1.526	0.09223
2.137	-1.9	0.1929
2.158	-2.564	0.1657
2.101	-1.471	0.2266
2.25	-4.379	0.281
2.301	1.673	0.2121
2.469	2.977	0.2
2.535	0.2406	0.1914
2.614	-0.3937	0.245
2.253	2.47	0.1699
2.529	0.6589	0.1922
2.7	2.175	0.2247
2.502	2.182	0.2567
2.635	3.854	0.241
2.419	-1.274	0.2669
1.388	2.423	-0.05166
1.203	-0.1452	-0.0514
1.26	0.6777	-0.07416
1.397	2.275	-0.04529
1.362	0.7574	-0.05648
1.159	-0.5679	0.001136
1.17	-0.4427	-0.02568
1.22	-0.5263	0.04083
1.13	-0.6164	-0.01242
1.171	-0.5392	-0.03335
1.237	-0.1044	-0.06144
1.505	1.338	-0.02003
1.165	-0.3882	-0.05898
1.193	-0.4	-0.05113
1.262	-0.3577	-0.03077
1.59	-0.6318	0.009861
1.458	0.1587	-0.0147
1.694	-1.39	0.06154
1.936	1.624	0.1417
2.126	-0.1541	0.1547
2.051	-2.782	0.1829
2.231	1.819	0.2229
2.018	-1.728	0.2102
2.044	1.935	0.2199
2.396	2.525	0.245
2.337	0.2472	0.2747
2.26	1.272	0.1933
2.01	3.269	0.2133
1.51	-2.232	-0.03377
2.112	-2.872	0.222
2.129	-2.804	0.169
2.098	-3.241	0.2059
2.131	-5.263	0.1972
2.09	1.149	0.1932
2.028	-2.923	0.1025
2.063	2.139	0.1509
2.149	1.852	0.1374
2.086	1.431	0.1935
1.694	-0.9135	0.0878
2.328	0.2882	0.2264
1.958	1.621	0.2129
2.094	1.313	0.2026
2.325	2.267	0.2
2.11	-0.5533	0.2071
2.107	1.463	0.2245
2.329	1.239	0.2282
2.24	3.466	0.2226
2.411	0.7653	0.2224
2.065	-2.94	0.1762
2.125	2.486	0.2106
2.246	-1.288	0.1892
2.113	-0.3935	0.1854
1.798	-0.4206	0.1004
2.249	-3.918	0.2194
2.32	2.819	0.2463
2.365	1.284	0.1853
2.16	1.74	0.2499
2.428	2.445	0.2422
2.309	1.442	0.2154
1.623	-1.969	0.03284
2.053	-2.492	0.1546
2.112	-1.893	0.1793
2.084	-3.853	0.1807
2.134	2.738	0.1936
2.104	2.074	0.2208
2.121	2.809	0.1931
2.111	3.76	0.2033
2.14	-2.917	0.2055
2.146	2.956	0.2225
2.029	-4.641	0.181
2.062	-0.567	0.1523
2.219	1.442	0.2194
2.281	1.95	0.2058
2.023	-4.248	0.1817
2.118	-3.804	0.1465
2.106	1.371	0.1708
2.046	3.493	0.1231
2.126	1.756	0.1756
2.028	-0.3995	0.1974
2.029	-1.834	0.123
1.932	-2.717	0.0183
1.825	-0.2188	0.05288
1.907	1.345	-0.01296
2.045	1.559	0.2091
2.06	2.826	0.185
1.925	0.1745	0.165
1.751	-0.5321	0.1342
2.008	-2.635	0.1445
2.014	0.8357	0.1177
1.375	1.181	-0.01228
2.049	1.334	0.2072
1.937	-2.751	0.1838
2.118	0.9159	0.2214
2.21	3.351	0.2109
2.18	3.697	0.2157
2.192	2.83	0.2132
1.975	2.795	0.2133
2.271	2.689	0.2167
2.08	1.267	0.2148
2.348	2.477	0.22
2.114	4.7	0.1897
1.955	-0.7664	0.1863
2.123	-2.433	0.212
2.171	-3.666	0.2129
2.086	1.34	0.1883
2.124	-1.992	0.1924
2.239	2.526	0.2124
2.089	0.0878	0.2155
2.014	-2.643	0.2201
2.303	3.9	0.2011
2.088	-1.284	0.1963
2.167	1.528	0.1986
2.027	-2.935	0.2268
2.246	3.69	0.2285
2.147	-0.1223	0.2261
2.014	0.6365	0.1948
2.299	-1.714	0.2284
2.333	2.508	0.2312
2.363	1.221	0.2292
2.611	-2.458	0.2459
2.522	2.262	0.2375
2.161	-0.1079	0.1831
1.991	0.8046	0.2036
2.412	2.77	0.2268
2.347	3.547	0.2331
2.139	3.361	0.1808
2.277	0.9747	0.1871
2.234	3.304	0.1777
2.266	0.3524	0.2017
2.031	2.617	0.2087
2.166	1.901	0.2116
2.287	2.38	0.1972
2.332	1.24	0.2035
2.001	2.804	0.2146
2.222	-0.9955	0.2064
2.114	-0.1778	0.2203
1.97	1.313	0.2084
2.007	-1.634	0.1745
2.207	0.675	0.1576
1.837	0.2764	0.1433
2.245	-4.276	0.1951
2.176	-2.889	0.1989
1.933	-1.168	0.1449
2.012	-1.261	0.145
1.635	1.907	0.09579
2.269	2.216	0.1939
2.246	-1.479	0.1669
2.243	-2.767	0.2112
2.389	0.4408	0.2175
2.161	2.194	0.2338
2.295	3.618	0.1946
2.386	-5.674	0.1861
2.246	1.431	0.2358
2.289	3.809	0.234
2.646	-0.4404	0.2448
2.51	3.351	0.2648
2.371	5.015	0.2149
2.31	-2.379	0.2555
2.259	2.045	0.2719
2.35	0.6633	0.2338
2.168	-2.61	0.2416
2.201	-1.06	0.2168
2.149	-0.622	0.2413
2.196	-3.396	0.2291
2.15	0.3226	0.2347
2.191	0.4856	0.2331
2.182	2.789	0.2179
2.319	1.601	0.2278
1.714	0.5486	0.06806
1.906	-3.233	0.1624
2.309	1.868	0.2185
2.401	0.6248	0.2554
1.483	1.145	-0.0276
2.181	-0.5529	0.1355
2.114	-1.786	0.1583
2.212	2.708	0.176
2.477	3.221	0.1976
0.9773	-0.06947	-0.03449
1.323	0.9162	0.07971
1.113	0.1545	0.0305
2.052	-4.981	0.1674
2.059	-4.396	0.1573
2.057	-4.146	0.1804
2.079	-2.769	0.1514
2.11	-2.71	0.1763
2.06	-2.595	0.1557
2.086	-3.23	0.1632
2.15	-0.5491	0.1923
2.136	-5.491	0.1819
2.144	2.23	0.1844
2.136	3.732	0.1955
2.148	2.88	0.1869
2.122	2.217	0.2141
2.12	-1.556	0.233
2.12	1.662	0.2097
2.095	-2.367	0.2109
2.061	-1.221	0.2131
2.079	-0.7521	0.2015
2.163	-0.986	0.1951
2.165	-1.64	0.2088
2.151	1.407	0.1914
2.105	3.751	0.1968
2.105	2.305	0.1965
2.132	1.822	0.2131
2.1	-0.4696	0.2253
2.131	2.578	0.1995
2.122	3.386	0.2058
2.16	0.9984	0.2096
2.204	1.032	0.2144
2.212	3.214	0.2212
2.044	-2.61	0.1802
2.056	-3.721	0.1567
2.021	-5.082	0.1847
2.014	-3.869	0.1733
2.044	-2.421	0.1611
2.078	-0.7583	0.1503
2.119	-2.677	0.1467
2.244	2.632	0.2055
2.242	2.158	0.2044
2.054	0.4873	0.1939
2.102	-0.07783	0.2233
2.168	-2.559	0.2196
2.266	-1.376	0.219
2.136	1.858	0.1952
2.05	-2.846	0.161
2.033	-1.313	0.1398
2.108	-2.419	0.1427
2.139	-4.003	0.16
2.011	0.8071	0.1584
2.063	-0.8132	0.1363
2.075	-3.205	0.1242
2.129	3.235	0.1788
2.059	2.476	0.1392
2.095	2.667	0.1678
2.117	2.731	0.1922
2.114	-1.237	0.1939
2.117	-0.441	0.1736
2.114	0.7094	0.2081
2.015	2.13	0.1059
2.08	3.376	0.1446
2.122	1.968	0.1541
2.068	3.416	0.1404
2.168	2.149	0.159
2.22	1.399	0.1732
2.009	-4.044	0.1034
2.036	1.883	0.216
2.163	-3.48	0.2079
2.202	-0.6235	0.1815
2.076	1.089	0.1756
2.096	1.358	0.1443
1.982	0.8054	0.04873
2.018	1.016	0.03813
1.979	-1.354	0.05211
1.966	-3.747	0.06748
2.031	1.133	0.1066
1.942	-0.5294	-0.007025
2.062	2.394	0.06052
1.989	-1.045	0.1114
1.866	-1.472	0.04644
1.743	-2.826	-0.005499
1.531	0.2528	-0.03739
1.589	-2.94	-0.0362
2.016	1.667	0.2119
1.998	1.637	0.203
2.091	3.406	0.2059
2.091	-0.3037	0.1899
2.046	3.739	0.2008
2.005	3.333	0.191
2.033	2.947	0.1713
1.997	-1.916	0.1882
1.954	-0.3868	0.1556
2.06	0.9951	0.1757
1.918	0.6681	0.1514
1.904	0.6437	0.1309
1.911	1.511	0.1372
1.929	0.9838	0.1187
1.686	-1.5	0.1201
1.93	0.7201	0.1072
2.063	2.493	0.1608
2.037	0.9901	0.144
2.09	-1.198	0.1669
2.031	0.7139	0.1318
1.844	0.6455	0.07179
1.957	3.357	0.09455
1.489	0.3664	0.03097
1.772	0.04724	0.05741
1.652	0.5646	0.00399
1.383	1.05	-0.0464
1.924	-0.2245	0.166
1.935	1.073	0.1618
2.069	1.822	0.2054
1.973	-1.108	0.197
1.96	-1.136	0.2025
1.997	1.59	0.2099
1.945	-0.07174	0.2082
2.127	1.616	0.2116
2.133	2.135	0.2092
2.049	2.753	0.2203
2.083	2.679	0.2139
2.165	-0.9215	0.2165
2.197	-0.6877	0.2229
2.251	1.802	0.2188
2.104	2.461	0.212
2.023	2.977	0.2136
2.129	3.456	0.209
2.226	2.813	0.2099
2.296	-0.06774	0.2192
2.07	2.577	0.2132
1.974	2.807	0.2118
2.355	2.547	0.2233
2.27	-0.6352	0.217
2.014	-0.8687	0.2134
2	-3.079	0.2095
1.978	-0.3834	0.2128
2.082	2.279	0.2107
2.048	-3.524	0.2109
2.358	-1.508	0.2241
2.274	-2.365	0.2155
2.161	2.913	0.2126
2.155	-1.604	0.2075
2.108	1.172	0.2106
2.209	2.915	0.2233
2.31	0.3054	0.2271
2.138	1.912	0.2223
2.272	0.9543	0.2193
2.284	2.892	0.205
2.262	-0.02618	0.2032
2.126	2.55	0.1974
2.338	1.627	0.2167
2.348	2.108	0.2021
2.119	-0.2827	0.1926
1.995	3.22	0.1834
1.992	3.166	0.195
2.031	-0.221	0.1825
1.991	2.386	0.1788
2.037	0.696	0.1844
2.118	-0.4748	0.2153
2.112	-3.212	0.2121
2.048	-2.696	0.2082
2.1	2.702	0.216
2.149	-0.3217	0.2168
2.156	3.078	0.22
2.215	-0.9615	0.2138
1.994	3.675	0.1912
2.001	2.362	0.1999
2.056	-2.263	0.1862
2.033	3.725	0.1853
2.127	3.374	0.1903
2.221	0.9727	0.187
2.289	2.42	0.1935
2.193	1.962	0.2113
2.15	-2.436	0.2102
2.072	-2.871	0.2013
2.266	2.452	0.2043
2.32	2.643	0.2105
2.07	0.4977	0.2217
2.025	2.621	0.2229
2.228	-1.194	0.2118
2.137	-2.611	0.2146
2.049	-4.297	0.216
2.04	2.275	0.2155
2.02	-0.8175	0.2144
2.13	3.966	0.2029
2.013	3.917	0.2031
2.332	3.678	0.2038
2.248	3.965	0.2117
2.214	-0.7683	0.1978
2.155	3.922	0.2186
2.126	1.886	0.2182
2.136	0.8381	0.1936
2.254	3.868	0.1946
2.081	-0.2013	0.188
2.142	-2.145	0.1932
2.134	-4.225	0.2004
2.1	2.278	0.2213
2.064	-0.06629	0.225
2.225	2.158	0.1975
2.091	-0.07746	0.2222
2.067	-5.182	0.2219
2.087	-0.9534	0.2336
2.179	3.46	0.2355
2.068	-2.545	0.234
2.175	2.363	0.2273
2.249	2.96	0.2211
2.042	-0.8006	0.1967
1.995	4.016	0.2046
2.112	3.234	0.2263
2.089	-1.105	0.2078
2.119	-4.455	0.1992
2.232	2.606	0.2225
2.242	-3.253	0.1953
2.372	3.106	0.2348
2.212	-0.5434	0.2363
2.28	-0.8764	0.2262
2.299	-0.6152	0.2232
2.266	-1.916	0.2223
2.254	-1.383	0.2236
2.31	-1.763	0.2174
2.194	1.316	0.2347
2.282	-2.173	0.2406
2.165	-1.691	0.2372
2.297	3.097	0.2262
2.435	0.9554	0.2219
2.511	3.199	0.2366
2.338	-2.378	0.2392
2.539	1.134	0.2369
2.574	1.085	0.2392
2.57	-1.256	0.2437
2.514	2.773	0.2478
2.486	2.271	0.2437
1.971	4.028	0.1972
1.997	2.18	0.2114
2.249	2.87	0.2034
2.179	-1.532	0.1895
1.994	4.238	0.1909
2.003	3.577	0.1813
2.021	-2.658	0.1879
2.401	-0.4507	0.2294
2.261	3.109	0.2317
2.357	2.578	0.2396
2.499	2.271	0.231
2.533	2.214	0.2271
2.501	2.441	0.2216
2.501	0.4654	0.227
2.137	-0.9826	0.1763
2.042	2.328	0.1781
2.241	0.663	0.2071
2.26	-1.194	0.1978
2.325	0.7758	0.1971
2.143	4.478	0.1756
2.147	2.363	0.1744
2.299	2.254	0.2083
2.24	0.2939	0.1913
2.247	2.25	0.1774
2.267	0.7744	0.1853
2.269	1.798	0.1866
2.095	-1.981	0.2062
2.002	0.3678	0.2105
2.234	0.7288	0.2027
2.206	-3.167	0.2058
2.204	0.9053	0.2049
2.19	2.55	0.2051
2.136	2.722	0.2099
2.021	2.013	0.2234
2.138	1.492	0.2094
2.013	-5.737	0.2107
2.037	-1.997	0.2077
2.149	3.185	0.2028
2.275	-0.4648	0.1977
2.205	2.599	0.2009
2.269	-3.657	0.2005
2.258	-0.4301	0.1981
2.244	2.055	0.1932
2.295	0.8375	0.1985
2.177	3.846	0.2126
2.28	2.72	0.1892
2.318	2.468	0.1926
2.286	-0.6007	0.1959
1.985	2.3	0.2132
2.079	3.029	0.2149
2.033	2.294	0.2105
1.981	2.865	0.2113
1.958	1.609	0.2151
2.154	1.022	0.2162
2.073	2.541	0.2183
2.242	0.7401	0.1993
2.282	1.267	0.2081
2.282	-0.6013	0.2132
2.24	-3.202	0.2045
2.217	-0.6994	0.215
1.972	2.082	0.2186
1.945	-0.2087	0.2115
2.033	0.6477	0.2209
2.055	0.6634	0.2203
2.117	-2.372	0.2103
1.941	-2.533	0.2002
2.164	1.137	0.184
1.99	-3.552	0.1908
1.943	0.804	0.1664
1.946	2.034	0.1531
2.006	-0.3542	0.1449
1.927	1.625	0.1378
2.221	-2.547	0.1751
2.152	-0.09101	0.1612
2.089	0.4844	0.1394
2.124	0.2271	0.1458
1.789	-2.356	0.147
2.203	-4.027	0.2003
2.219	-3.773	0.1901
2.258	0.4739	0.1941
2.217	-2.689	0.2006
2.199	-4.057	0.2
2.174	0.5542	0.1958
2.128	1.567	0.1899
2.134	-1.627	0.1596
1.94	-0.3508	0.1202
2.171	-2.01	0.182
2.122	0.05286	0.176
2.029	-1.652	0.1656
1.749	0.5825	0.1076
1.48	0.7893	0.082
2.083	-2.577	0.1798
1.934	-0.9066	0.1491
1.872	-0.7077	0.1321
1.991	1.938	0.146
1.908	1.108	0.1217
2.122	0.06276	0.1732
2.204	-1.044	0.1588
2.172	-1.172	0.194
2.165	1.787	0.1756
2.17	-0.6549	0.1934
2.205	-2.955	0.218
2.239	-5.466	0.1973
2.235	2.037	0.2011
2.164	-2.146	0.2027
2.271	-2.185	0.1939
2.264	-1.315	0.2036
2.319	-1.201	0.2153
2.318	2.787	0.2052
2.213	-2.362	0.2278
2.243	0.4384	0.2054
2.33	1.825	0.2111
2.431	2.611	0.2181
2.21	-3.701	0.2368
2.212	-1.165	0.2356
2.383	1.402	0.226
2.202	-2.549	0.2386
2.232	2.722	0.2352
2.34	-1.768	0.1628
2.276	-2.831	0.1503
2.257	1.516	0.2021
2.272	1.935	0.1751
2.363	-1.365	0.1788
2.385	-3.618	0.1954
2.369	-7.537	0.1904
2.216	2.924	0.236
2.276	0.4407	0.2325
2.311	1.881	0.2364
2.159	4.13	0.2351
2.197	-0.5831	0.2362
2.218	0.4611	0.2364
2.281	4.449	0.2421
2.443	-0.8392	0.2212
2.528	-0.406	0.2119
2.336	2.624	0.2271
2.405	1.963	0.2416
2.453	3.356	0.2459
2.645	-1.216	0.2352
2.541	-0.1498	0.1995
2.497	1.767	0.2609
2.623	3.599	0.258
2.521	3.303	0.2481
2.447	3.024	0.2693
2.365	0.1136	0.2574
2.434	-0.2671	0.274
2.33	2.772	0.273
2.318	0.6361	0.2476
2.429	2.558	0.2665
2.371	-1.353	0.2732
2.22	-1.188	0.2631
2.187	1.115	0.2589
2.369	1.644	0.2344
2.219	-1.102	0.2325
2.511	2.118	0.2458
2.602	0.01463	0.2409
2.412	1.565	0.2378
2.246	-1.869	0.2489
2.17	2.998	0.2532
2.248	-2.508	0.231
2.277	2.206	0.2392
2.276	2.245	0.2343
2.259	-0.7255	0.2191
2.188	-4.105	0.2305
2.238	2.293	0.2249
2.319	3.673	0.2199
2.201	-2.893	0.2208
2.113	-1.718	0.2342
2.106	0.2793	0.2387
2.362	1.701	0.2485
2.321	-0.07877	0.2405
2.238	1.069	0.238
2.07	1.699	0.2215
2.086	1.123	0.214
2.308	1.984	0.2374
2.168	3.245	0.2347
2.326	0.6246	0.2409
2.246	0.1247	0.2636
2.149	-1.511	0.2544
2.148	2.404	0.2403
2.159	-0.7311	0.2418
2.204	-0.7573	0.2215
2.15	1.376	0.2093
2.257	-0.3147	0.2357
2.199	2.035	0.2308
2.168	-1.77	0.2315
2.131	2.569	0.2063
2.152	-2.283	0.2185
2.155	-3.309	0.2102
2.124	1.992	0.23
2.235	1.275	0.1899
2.173	2.199	0.2007
2.257	2.034	0.2516
2.4	0.3092	0.2529
1.994	2.21	0.1065
2.239	0.2401	0.1652
1.551	-0.2484	-0.01388
1.807	1.504	0.03135
1.819	0.3939	0.1176
2.005	1.519	0.1645
2.099	-4.066	0.1797
2.364	2.034	0.2331
2.454	-1.459	0.2404
2.22	1.833	0.1934
2.187	1.556	0.1961
2.28	0.7334	0.2138
2.354	0.2907	0.2304
2.39	0.9148	0.24
2.305	-1.329	0.2314
2.227	-0.111	0.2528
2.318	3.078	0.268
1.478	0.01425	-0.03719
1.624	-0.887	0.03513
1.429	1.399	-0.0172
1.903	-1.563	0.06944
1.742	-1.196	0.04881
1.901	-2.413	0.1197
2.352	-1.538	0.1811
2.167	-3.71	0.1297
2.263	-1.167	0.1537
2.113	0.04473	0.1291
2.139	0.1484	0.153
2.264	-6.997	0.1779
2.354	-3.168	0.1923
2.235	1.827	0.1866
2.457	-0.4975	0.1863
2.538	-3.154	0.2075
2.253	0.7916	0.1571
2.246	2.518	0.1848
2.373	1.894	0.1848
2.514	-0.5919	0.2197
2.418	2.775	0.2128
2.411	3.265	0.2374
1.311	-0.04169	-0.0517
1.249	0.4233	-0.0144
1.211	1.676	-0.04406
1.247	1.315	-0.04104
1.13	0.4258	-0.01923
1.607	-1.819	0.1425
1.412	1.102	0.07975
1.739	-0.5384	0.1455
1.591	-1.441	0.1568
1.554	1.489	0.0883
0.9866	-0.1663	-0.002144
1.383	1.935	0.03157
0.9051	-0.3486	-0.01056
1.061	-0.3122	0.01593
1.269	0.07969	0.0516
1.428	1.407	0.07319
1.361	0.7565	0.0637
1.781	-0.09951	0.1099
