1.874	0.1952	0.06935
2.067	-0.6704	0.1896
2.105	-2.12	0.1384
2.402	0.6393	0.2364
2.128	-0.8865	0.1308
2.459	-1.314	0.1983
2.254	-0.0874	0.2045
2.573	0.09303	0.1425
2.463	1.36	0.1339
2.396	2.139	0.1433
1.803	-1.656	-0.01074
2.366	0.1765	0.1997
2.06	-2.828	0.131
2.241	-4.33	0.2078
2.315	-3.767	0.1731
2.183	0.9316	0.1783
1.969	-1.689	0.1143
2.2	2.233	0.1665
2.372	3.191	0.1426
2.399	0.375	0.1934
1.687	0.3329	-0.006901
2.258	-1.566	0.1557
2.288	1.212	0.1321
2.363	0.5711	0.1652
2.357	0.4194	0.1316
2.529	1.036	0.1501
2.549	3.769	0.1959
2.578	2.555	0.2196
2.35	2.852	0.1629
2.33	0.6638	0.1838
2.455	-4.256	0.1065
2.157	3.133	0.1498
2.354	-2.697	0.1718
2.376	-1.213	0.173
1.393	-0.2621	0.04258
2.217	-2.101	0.17
2.641	1.655	0.1828
2.504	-0.9464	0.1371
2.502	-1.325	0.2255
2.794	0.1977	0.2254
2.333	-3.738	0.1682
1.95	-1.245	0.07187
1.947	-1.123	0.125
2.162	-1.544	0.1444
2.025	-5.007	0.1214
2.221	3.533	0.1647
2.332	-1.897	0.202
2.254	3.378	0.1554
2.324	0.8299	0.1765
2.339	2.073	0.2225
2.405	2.1	0.2115
2.159	-4.363	0.1573
2.022	0.205	0.1507
2.48	0.3632	0.198
2.306	3.231	0.1841
2.107	-3.672	0.1717
2.003	-3.243	0.1296
2.221	3.256	0.1715
2.163	3.681	0.1351
2.45	2.249	0.1996
2.483	-0.1085	0.1927
1.949	-1.995	0.1095
1.994	3.987	0.01908
1.991	-2.131	0.0725
2.12	3.86	0.01421
2.256	2.828	0.2104
2.2	2.819	0.1866
2.062	-0.4144	0.1212
1.54	-0.287	0.01223
2.033	-2.527	0.1113
2.03	2.143	0.109
1.759	0.9591	-0.04482
2.386	1.945	0.1595
2.15	-1.527	0.1252
2.334	2.725	0.1804
2.303	2.875	0.1908
2.267	3.929	0.1414
2.251	1.149	0.1372
2.192	1.312	0.1259
2.33	1.074	0.1573
2.323	1.722	0.1534
2.308	0.7996	0.1721
2.249	2.244	0.1648
2.26	3.995	0.1537
2.395	3.123	0.1454
2.119	-3.049	0.1321
2.165	1.218	0.1335
2.397	1.724	0.1547
2.292	-2.235	0.156
2.916	-1.583	0.1581
2.864	-0.2491	0.1709
2.65	3.919	0.1447
2.422	-0.38	0.1488
2.24	-0.546	0.1349
2.433	-3.113	0.1964
2.53	3.62	0.2333
2.397	-0.06853	0.2056
2.218	2.131	0.1159
2.429	-5.046	0.2453
2.526	2.491	0.2329
2.336	3.298	0.2108
2.34	-5.206	0.2097
2.206	-4.158	0.2044
2.165	-0.6484	0.07931
2.42	-1.855	0.115
2.208	1.168	0.2125
2.321	2.657	0.1541
2.18	4.711	0.07274
2.36	-3.024	0.1119
2.485	3.389	0.1016
2.052	-2.236	0.1457
2.081	2.277	0.1342
2.704	-2.826	0.157
2.415	2.042	0.1469
2.483	2.588	0.1626
2.183	2.802	0.1433
2.458	0.979	0.178
2.315	0.652	0.1684
2.244	0.9355	0.1539
1.961	0.2989	0.1159
2.122	1.463	0.1075
1.402	-0.4206	0.01933
2.347	-4.857	0.1552
2.261	-2.956	0.1697
2.084	0.9729	0.1246
2.148	-1.319	0.1696
1.755	0.7561	0.1229
2.315	2.926	0.1956
2.145	-4.774	0.186
2.42	0.6306	0.193
2.323	3.896	0.2159
2.287	2.8	0.1862
2.475	2.811	0.1466
2.307	-5.761	0.2006
2.415	-4.156	0.186
2.54	3.276	0.1608
2.678	-0.6154	0.1586
2.472	3.18	0.1693
2.632	4.383	0.1169
2.517	-1.431	0.1741
2.526	3.003	0.1851
2.623	0.6166	0.187
2.592	0.2839	0.2149
2.547	3.132	0.2521
2.706	1.774	0.2336
2.875	-0.3416	0.2444
2.587	2.736	0.2075
2.437	-1.303	0.2296
2.699	2.387	0.2549
2.761	0.8914	0.2093
2.301	0.2765	0.1159
2.581	-0.1005	0.1593
2.512	1.76	0.216
2.512	3.174	0.1506
1.928	1.031	-0.01938
2.19	-3.429	0.1363
2.054	-2.284	0.1805
2.313	3.863	0.1502
2.407	2.354	0.1172
1.516	0.1421	-0.06031
1.305	-0.43	-0.03658
1.49	0.2583	0.05765
2.026	-5.112	0.1313
1.983	-2.341	0.117
2.041	-3.289	0.1271
1.975	-1.487	0.1227
2.1	-2.372	0.1347
2.024	-2.017	0.1233
2.079	-2.123	0.1276
2.246	-0.1545	0.1605
2.174	-4.581	0.1397
2.156	1.938	0.151
2.228	3.992	0.1597
2.194	2.183	0.1492
2.31	-3.032	0.1812
2.363	-0.9194	0.2015
2.283	-1.379	0.1762
2.248	0.7708	0.1694
2.26	-3.765	0.2038
2.226	0.6694	0.1668
2.321	2.817	0.1641
2.362	-2.447	0.1813
2.255	2.556	0.1516
2.3	-1.045	0.1611
2.23	1.982	0.1748
2.356	1.115	0.1934
2.394	-2.688	0.201
2.271	-3.341	0.2154
2.277	2.963	0.191
2.352	3.071	0.209
2.387	-0.8122	0.2309
2.428	3.18	0.2254
2.133	-2.895	0.1481
2.06	-4.28	0.1438
2.165	-4.9	0.1662
2.118	-4.937	0.1682
2.088	-2	0.1573
1.973	-0.6822	0.137
1.957	-1.927	0.1281
2.267	3.456	0.1927
2.242	3.186	0.1905
2.143	-0.1399	0.181
2.491	-1.372	0.1983
2.53	-2.671	0.1989
2.483	-0.04352	0.1969
2.181	1.637	0.1783
1.972	-2.922	0.1391
2.01	-1.472	0.1365
1.967	-0.3942	0.1359
2.031	-3.179	0.1308
2.072	-0.9533	0.1593
1.997	-0.5305	0.1388
1.981	-2.655	0.1256
2.127	2.552	0.1542
2.08	3.238	0.1528
2.101	3.205	0.1554
2.226	3.079	0.1689
2.321	-2.851	0.1872
2.338	-3.059	0.189
2.399	1.253	0.2049
2.048	3.109	0.1307
2.232	2.663	0.1639
2.356	-1.384	0.1765
2.325	-0.2877	0.1473
2.441	3.07	0.1815
2.011	-2.002	0.1548
1.96	-1.516	0.09259
2.456	-0.02168	0.1986
2.518	-0.9883	0.1912
2.247	3.393	0.179
2.357	0.4547	0.1821
2.049	-1.906	0.1552
2.096	4.076	0.08062
2.114	4.028	0.06769
2.049	4.002	0.08491
1.947	-0.8903	0.06681
2.009	-2.189	0.1214
2.017	4.599	-0.006223
2.097	2.964	0.07206
2.106	0.4591	0.1253
1.936	-1.792	0.05821
1.952	0.8222	-0.007581
1.858	-0.7635	-0.01647
1.845	-4	-0.003354
2.379	0.782	0.2015
2.299	1.629	0.2042
2.32	3.253	0.2102
2.327	0.1374	0.1959
2.239	3.494	0.2077
2.22	2.956	0.1952
2.126	-1.111	0.1701
2.221	-0.8856	0.1599
2.072	-1.193	0.113
2.27	-2.025	0.1612
1.967	0.4419	0.08954
1.7	0.063	0.04192
1.925	-0.03115	0.07086
1.899	-0.1632	0.05536
1.462	-0.3525	-0.003671
1.84	0.2073	0.0511
2.114	2.665	0.1531
2.08	-0.3223	0.1386
2.207	0.519	0.1593
2.017	-0.7475	0.1117
1.848	-0.4033	0.05296
2.008	1.137	0.1
1.678	0.5718	-0.02101
1.851	0.5198	0.03792
1.915	1.915	0.01215
1.795	-0.6361	-0.02754
2.104	-1.421	0.123
1.948	0.1194	0.1044
2.422	-0.8833	0.1828
2.239	-0.4655	0.1533
2.229	-0.8788	0.1409
2.331	0.9709	0.1397
2.238	1.426	0.1339
2.296	3.54	0.2023
2.379	2.336	0.2012
2.417	0.3918	0.1927
2.317	3.318	0.1965
2.284	1.318	0.1842
2.292	-1.338	0.1678
2.262	1.578	0.172
2.332	2.777	0.1524
2.307	2.751	0.1329
2.366	2.732	0.1801
2.29	3.347	0.1669
2.24	1.02	0.1527
2.244	3.522	0.1274
2.253	3.275	0.129
2.236	2.022	0.1448
2.225	1.214	0.1343
2.218	0.6578	0.1276
2.175	0.5657	0.1325
2.152	-1.181	0.1277
2.255	1.948	0.1429
2.132	-1.832	0.1404
2.275	0.7205	0.1498
2.272	-2.207	0.1452
2.342	2.444	0.1557
2.374	1.417	0.1665
2.382	1.283	0.1617
2.334	1.623	0.1712
2.297	3.174	0.1586
2.411	1.755	0.1884
2.364	2.794	0.1894
2.255	3.485	0.1819
2.303	-0.633	0.1684
2.309	3.473	0.1654
2.307	1.523	0.1618
2.283	0.9906	0.1725
2.214	-0.7968	0.169
2.241	2.617	0.1576
2.284	4.107	0.16
2.214	-0.2036	0.1599
2.24	2.45	0.1541
2.189	-3.606	0.1471
2.128	-3.327	0.1428
2.121	-3.097	0.1338
2.409	-0.2459	0.1579
2.342	2.735	0.1523
2.2	-0.4192	0.1391
2.454	1.382	0.1435
2.197	1.513	0.1389
2.275	3.741	0.1547
2.331	1.844	0.1612
2.133	-1.253	0.1358
2.255	0.209	0.1452
2.331	2.595	0.146
2.219	2.955	0.1299
2.289	1.932	0.1456
2.466	-0.2969	0.1502
2.455	3.457	0.154
2.447	-0.6982	0.1551
2.318	2.322	0.1533
2.31	-3.475	0.1484
2.542	-4.094	0.165
2.753	1.02	0.1608
2.697	2.767	0.1429
2.604	2.864	0.1551
3.029	-3.655	0.1667
2.6	-1.043	0.1556
2.586	-3.096	0.156
2.764	2.121	0.1516
2.415	4.709	0.1413
2.455	1.993	0.1322
2.757	3.703	0.1464
2.687	0.2742	0.153
2.579	3.809	0.1725
2.436	1.922	0.1797
2.137	0.01102	0.1255
2.251	2.247	0.1281
2.08	-1.106	0.1247
2.104	-2.195	0.1289
2.266	-1.445	0.1559
2.526	3.497	0.1717
2.492	-1.644	0.1929
2.399	0.8696	0.1354
2.481	1.812	0.1675
2.365	-3.358	0.1927
2.501	-3.156	0.2181
2.575	0.3086	0.2194
2.437	-4.082	0.2128
2.479	1.56	0.2244
2.452	3.425	0.2351
2.285	-1.536	0.1369
2.297	4.035	0.1268
2.443	2.539	0.2016
2.313	-0.9182	0.1813
2.232	-3.959	0.1502
2.366	-4.51	0.18
2.215	-4.201	0.1375
2.57	1.506	0.236
2.615	2.67	0.2237
2.406	-0.7883	0.2435
2.494	1.6	0.2399
2.496	-1.456	0.2403
2.524	-2.433	0.2369
2.543	-1.414	0.2295
2.422	-0.3715	0.2162
2.359	-2.097	0.1966
2.52	2.49	0.2232
2.463	2.763	0.224
2.424	3.334	0.2136
2.25	0.5374	0.2041
2.28	-0.2969	0.1871
2.415	0.1717	0.2126
2.299	-1.211	0.2091
2.251	-4.988	0.2084
2.282	-0.9283	0.2057
2.214	-1.593	0.2104
2.23	3.173	0.1024
2.379	0.532	0.1317
2.322	0.7662	0.1272
2.191	0.5232	0.09215
2.185	2.966	0.08567
2.161	3.029	0.08031
2.409	-3.335	0.1066
2.271	-1.407	0.1898
2.332	1.659	0.1555
2.211	0.6671	0.2103
2.207	-2.111	0.2066
2.231	-0.5871	0.1952
2.299	3.287	0.2081
2.303	3.414	0.1657
2.11	-1.988	0.0744
2.265	0.2837	0.07585
2.296	-0.4749	0.1196
2.192	-1.304	0.1145
2.239	3.694	0.1188
2.346	1.129	0.07661
2.467	1.011	0.1022
2.349	2.609	0.1443
2.322	1.485	0.08451
2.43	1.995	0.08838
2.419	2.352	0.1146
2.494	-0.1194	0.1155
2.105	-2.879	0.1316
2.11	-1.528	0.129
2.342	-0.5431	0.1448
2.069	0.4802	0.1373
2.052	-0.1667	0.1397
2.053	1.614	0.1459
2.067	1.241	0.1421
2.749	3.222	0.1651
2.822	1.575	0.1553
2.653	-5.255	0.1523
2.683	2.045	0.1509
2.634	2.627	0.1449
2.321	3.105	0.1487
2.205	-1.153	0.1513
2.507	-2.12	0.1499
2.541	-0.2169	0.1501
2.517	0.8362	0.1311
2.416	3.38	0.1505
2.316	3.099	0.1594
2.475	1.453	0.1285
2.488	3.025	0.1361
2.48	0.8445	0.1464
2.128	2.75	0.1288
2.153	3.412	0.1479
2.116	2.888	0.1371
2.162	3.354	0.1317
2.229	1.559	0.1362
2.421	2.492	0.1714
2.216	3.246	0.1597
2.456	1.671	0.1562
2.491	1.912	0.1729
2.46	-1.405	0.182
2.441	-3.106	0.1845
2.346	-1.868	0.1781
2.219	0.8758	0.1488
2.237	1.166	0.1392
2.22	1.198	0.1564
2.306	0.9637	0.1635
2.256	-1.195	0.1627
2.168	-2.253	0.1364
2.142	-0.3378	0.1481
2.126	-3.567	0.1427
2.02	-1.434	0.1206
1.886	0.513	0.08544
1.86	0.6142	0.0675
1.671	0.07056	0.04021
2.273	0.9283	0.1487
2.079	1.25	0.1107
1.824	0.1595	0.0597
1.645	0.3514	0.05734
1.302	-0.4528	0.0269
2.352	-3.635	0.1721
2.322	-3.77	0.17
2.392	1.57	0.1389
2.362	-0.762	0.1596
2.306	-5.513	0.1697
2.393	1.613	0.1723
2.311	0.2366	0.1673
2.046	2.222	0.1109
1.726	0.3204	0.07751
2.182	1.059	0.1489
2.228	-0.4132	0.1507
2.292	2.006	0.1533
1.889	0.5689	0.1116
1.521	-0.01978	0.07359
2.351	-2.291	0.1754
2.166	0.1616	0.149
1.977	0.2979	0.1468
2.074	2.041	0.1727
1.999	1.986	0.1635
2.135	0.9464	0.1823
2.117	-3.358	0.1957
2.392	-3.07	0.1941
2.277	1.771	0.1843
2.181	0.7521	0.189
2.217	-1.665	0.1948
2.165	-4.355	0.1749
2.406	0.7675	0.1731
2.421	1.147	0.1863
2.363	-4.012	0.1348
2.399	0.5081	0.1639
2.408	-0.8114	0.1924
2.323	3.724	0.2064
2.237	-3.488	0.1974
2.394	-0.6944	0.2055
2.395	2.117	0.2134
2.362	2.678	0.2153
2.25	-0.9417	0.2049
2.295	-1.305	0.1735
2.268	3.7	0.2179
2.23	2.992	0.2092
2.267	3.992	0.1992
2.228	1.448	0.1794
2.158	-1.778	0.2099
2.379	2.69	0.1526
2.247	3.331	0.1593
2.357	0.2402	0.1624
2.508	-3.217	0.1523
2.377	-3.84	0.1664
2.422	3.812	0.1653
2.438	3.279	0.1558
2.297	1.221	0.1959
2.333	2.746	0.183
2.483	0.2636	0.1738
2.538	1.61	0.1833
2.631	2.498	0.1773
2.624	1.891	0.156
2.568	-2.135	0.1487
2.586	0.4024	0.1512
2.708	3.704	0.1669
2.729	4.08	0.1753
2.605	1.222	0.1358
2.524	1.644	0.1262
2.564	2.917	0.1803
2.536	-1.863	0.1608
2.543	3.205	0.1373
2.513	3.884	0.1465
2.588	0.4248	0.1272
2.51	2.589	0.173
2.532	0.2304	0.1611
2.6	2.734	0.1762
2.511	2.535	0.1772
2.513	2.966	0.1836
2.579	-2.569	0.19
2.498	2.536	0.2042
2.5	-0.8492	0.1912
2.57	2.411	0.1801
2.37	-2.47	0.1979
2.484	-4.404	0.2029
2.644	1.382	0.207
2.555	-2.595	0.1783
2.583	1.65	0.2205
2.543	-6.814	0.1703
2.626	-0.7591	0.1881
2.672	1.934	0.2246
2.546	1.781	0.2387
2.504	-2.79	0.2412
2.572	2.854	0.2411
2.433	-3.874	0.2478
2.404	-4.584	0.2464
2.496	2.631	0.2176
2.471	2.605	0.2191
3.052	0.3947	0.2366
3.049	1.991	0.2368
2.821	-0.6652	0.2374
2.527	2.405	0.2259
2.511	2.509	0.2331
2.545	1.645	0.2225
2.52	-0.724	0.2189
2.53	-1.004	0.2262
2.591	-1.078	0.1671
2.421	-2.169	0.1908
2.414	2.221	0.2118
2.445	-0.8268	0.2285
2.875	0.9401	0.2506
2.503	1.536	0.2444
2.724	3.302	0.238
2.553	-1.549	0.2408
2.5	-3.677	0.2446
2.46	-1.611	0.2508
2.627	2.761	0.2561
2.437	-1.831	0.2503
2.528	2.632	0.2202
2.415	2.058	0.1799
2.566	1.211	0.2065
2.7	1.727	0.2307
2.828	-1.179	0.2261
2.168	1.949	0.1095
2.35	0.8189	0.1387
1.821	-0.8624	0.05009
2.195	1.751	0.08943
2.417	-2.52	0.1549
2.234	-2.885	0.1609
2.319	1.165	0.1794
2.647	-1.696	0.2112
2.587	1.605	0.2196
2.682	1.425	0.1801
2.467	1.238	0.1975
2.508	0.4429	0.1943
2.549	1.895	0.2178
2.457	-3.164	0.1662
2.567	1.531	0.1957
2.561	-0.2532	0.1791
2.573	3.497	0.1444
1.794	-0.6171	-0.01256
2.099	0.4164	0.06007
1.991	1.801	-0.003821
2.142	0.859	0.1065
2.141	0.3053	0.07825
2.168	-5.273	0.1309
2.231	-1.417	0.1498
1.942	-1.22	0.1412
2.199	-2.336	0.182
2.146	1.359	0.1454
2.059	0.05841	0.1946
2.197	-5.452	0.2184
2.32	-2.282	0.1892
2.391	1.483	0.1441
2.296	1.632	0.1309
2.341	1.738	0.144
2.27	1.289	0.1366
2.384	2.657	0.1193
2.437	2.875	0.1175
2.444	-0.7342	0.1324
2.534	3.083	0.1143
2.553	4.014	0.1243
1.726	-0.616	-0.04467
1.546	0.1191	-0.05212
1.661	0.003558	-0.04698
1.761	1.282	-0.04787
1.67	0.8469	-0.01978
1.331	-0.4869	-0.03115
1.386	-0.354	-0.04907
1.374	-0.4992	0.008968
1.255	-0.5353	-0.01176
1.288	-0.409	0.009727
1.466	-0.009009	-0.02367
1.726	0.09902	0.0624
1.389	-0.2556	-0.05648
1.365	-0.2552	-0.005473
1.352	-0.2183	0.04362
1.739	1.699	0.1205
1.555	0.9649	0.1008
1.851	0.4725	0.1514
2.016	1.391	0.08139
2.064	-0.6449	0.1708
2.065	-1.791	0.1278
2.376	2.336	0.2006
2.161	0.3616	0.1348
2.359	-0.4127	0.1808
2.168	2.213	0.2066
2.57	1.781	0.1468
2.478	1.81	0.1445
2.063	3.288	0.132
1.778	-1.545	-0.02559
2.126	3.714	0.2074
2.165	-2.655	0.1373
2.247	-4.226	0.2166
2.22	-4.157	0.1662
2.333	0.9464	0.1687
1.969	-1.945	0.112
2.047	0.7022	0.1411
2.239	3.369	0.1633
2.432	0.5995	0.1684
1.453	-0.1105	0.00161
2.334	-0.674	0.1437
2.376	0.2057	0.1479
2.279	0.5426	0.1406
2.128	0.2161	0.145
2.202	0.1503	0.1481
2.213	3.071	0.1837
2.61	0.3225	0.2018
2.302	1.835	0.1897
2.475	-1.306	0.1913
2.351	-3.01	0.1263
2.348	2.293	0.1611
2.431	-1.222	0.1798
2.347	1.074	0.1464
1.139	0.06144	0.0423
2.129	-1.153	0.188
2.636	2.03	0.1671
2.738	-2.815	0.1693
2.356	-2.538	0.2269
2.337	3.622	0.2105
2.195	-3.391	0.1811
2.031	-1.396	0.07148
2.09	-1.73	0.1182
2.229	-2.706	0.1431
2.121	-4.944	0.1262
2.097	3.424	0.1732
2.163	2.3	0.2193
2.243	3.81	0.1706
2.41	3.461	0.1755
2.332	-2.357	0.205
2.379	2.102	0.1955
2.156	-5.594	0.1392
2.076	0.7716	0.1223
2.467	-1.071	0.1848
2.492	1.312	0.1701
2.193	-3.862	0.1522
2.065	-1.891	0.1327
2.004	3.439	0.1745
2.063	4.074	0.1468
2.161	0.2751	0.1925
2.29	-0.3735	0.1741
2.037	-3.587	0.1306
2.008	-0.7055	0.03507
1.903	-1.025	0.07761
2.048	2.395	0.02212
2.337	2.299	0.1969
2.314	2.35	0.1746
2.253	-0.05852	0.1257
1.587	-0.09873	0.004048
2.126	-1.09	0.1085
1.96	1.93	0.1027
1.582	1.177	-0.02513
2.424	-1.713	0.1501
2.375	-2.378	0.1433
2.414	1.5	0.166
2.387	3.392	0.1594
2.383	3.982	0.1397
2.229	0.8759	0.1356
2.186	3.038	0.1375
2.307	2.243	0.1404
2.232	0.5934	0.1391
2.375	-0.4688	0.1496
2.377	3.298	0.1394
2.155	0.3352	0.1331
2.104	-2.003	0.1476
2.227	2.203	0.1374
2.072	2.724	0.129
2.002	-1.988	0.1401
2.104	1.847	0.1547
2.133	-0.6218	0.1513
2.161	-0.001505	0.1655
2.205	2.259	0.15
2.146	-1.656	0.1376
2.161	0.8351	0.141
2.146	-2.596	0.1951
2.431	3.401	0.1974
2.223	-0.7237	0.1798
2.133	-0.8431	0.1303
2.504	3.943	0.1954
2.39	0.2045	0.1878
2.407	-0.6455	0.2008
2.2	-3.122	0.209
2.315	0.9871	0.2081
2.209	-3.93	0.123
2.126	-0.8361	0.1286
2.219	2.676	0.2144
2.411	1.777	0.1943
2.415	4.59	0.1029
2.475	-1.293	0.1281
2.562	3.921	0.1228
2.217	0.6528	0.152
2.12	2.734	0.1513
2.352	1.883	0.1568
2.496	-2.524	0.1536
2.505	2.051	0.168
2.367	2.235	0.166
2.402	0.6519	0.1747
2.503	-2.849	0.186
2.537	0.6518	0.1723
2.191	-0.5275	0.1221
2.044	-0.2005	0.1168
1.428	0.212	0.02849
2.361	-3.928	0.1524
2.296	-2.244	0.1667
1.991	-0.6408	0.1046
2.139	-0.2531	0.1317
1.628	1.594	0.07922
2.22	3.738	0.172
2.122	-4.667	0.1926
2.47	0.5204	0.1769
2.201	2.834	0.2002
2.225	2.864	0.2
2.42	2.698	0.1667
2.302	-5.445	0.2137
2.296	-1.697	0.1999
2.531	2.866	0.1726
2.896	-0.4522	0.1387
2.786	-0.8751	0.1466
2.752	6.168	0.123
2.231	-0.06956	0.1939
2.464	2.481	0.2033
2.134	2.962	0.2024
2.392	-2.823	0.2108
2.42	2.504	0.2069
2.352	-0.249	0.2266
2.56	1.204	0.2259
2.406	2.323	0.1895
2.335	-4.51	0.2246
2.536	2.4	0.2149
2.335	2.661	0.2086
2.12	0.004908	0.1077
2.255	1.98	0.1762
2.291	1.411	0.1968
2.444	1.759	0.1345
2.069	1.508	-0.01886
2.19	-3.566	0.1534
2.008	-1.514	0.1734
2.461	2.619	0.1772
2.629	1.115	0.1286
1.243	0.1479	-0.02902
0.9964	-0.3587	0.003605
1.238	0.3241	0.05439
2.069	-5.091	0.1222
2.102	-4.035	0.1205
2.063	-3.474	0.1253
2.141	-2.189	0.1225
2.203	-3.333	0.1398
2.155	-2.262	0.1267
2.174	-2.592	0.1313
2.25	-1.337	0.1532
2.183	-5.361	0.14
2.162	3.617	0.1575
2.147	3.317	0.1731
2.239	2.516	0.1568
2.086	-2.567	0.1934
2.149	3.719	0.2148
2.1	-3.139	0.1948
2.135	-2.695	0.1935
2.191	0.04049	0.2198
2.193	-2.033	0.1884
2.387	1.862	0.1596
2.393	-3.675	0.1726
2.311	2.864	0.1545
2.331	3.42	0.1703
2.277	0.2479	0.185
2.434	3.623	0.1834
2.293	-2.173	0.1888
2.291	-5.135	0.2099
2.369	2.366	0.1879
2.435	2.383	0.1943
2.363	0.2892	0.203
2.457	1.498	0.1987
2.101	-4.506	0.1319
2.088	-3.86	0.1241
2.231	-3.804	0.1528
2.183	-4.721	0.15
2.118	-1.69	0.1319
2.078	-0.5211	0.118
2.1	-2.021	0.1184
2.486	3.318	0.1814
2.482	1.912	0.1795
2.286	1.363	0.1701
2.412	-0.13	0.1819
2.467	-2.015	0.1824
2.52	-0.1793	0.1848
2.358	2.741	0.1628
2.154	-2.268	0.1231
2.084	-0.9809	0.1133
2.074	-1.328	0.1166
2.12	-3.114	0.1342
2.115	-1.005	0.1351
2.062	-1.029	0.1154
2.005	-1.564	0.124
2.086	3.291	0.1604
1.949	3.898	0.1538
2.006	3.447	0.1586
2.044	3.198	0.1764
2.07	-0.4474	0.1918
2.064	2.887	0.1843
2.157	2.973	0.2042
1.966	3.61	0.1292
2.013	3.202	0.1669
2.101	1.249	0.1734
2.161	3.392	0.1587
2.169	2.475	0.1789
2.307	1.506	0.1322
1.979	-3.571	0.1127
2.321	-0.05247	0.1821
2.435	-1.84	0.1749
2.338	-0.3577	0.1517
2.213	1.09	0.1599
2.158	1.631	0.1249
2.111	3.017	0.1069
2.232	3.97	0.1113
2.006	0.5967	0.1012
1.975	-3.062	0.09486
2.041	-1.012	0.08868
2.018	1.159	0.01026
2.296	3.268	0.1069
1.969	-3.378	0.1122
1.936	-3.226	0.04082
1.862	-3.499	-0.01039
1.759	-0.2618	-0.007612
1.83	-2.028	-0.01683
2.313	2.241	0.1857
2.254	1.785	0.1902
2.427	3.004	0.1885
2.402	0.4479	0.1796
2.334	3.114	0.1952
2.221	2.671	0.1838
2.117	-2.182	0.1559
2.319	1.54	0.1472
2.14	-2.133	0.1149
2.32	-3.117	0.1477
2.21	-0.4458	0.1003
1.84	0.7363	0.044
2.06	-0.3415	0.0763
1.94	1.027	0.06
1.46	-0.3196	0.002101
1.878	-0.04844	0.05837
2.147	2.132	0.1417
2.012	-0.8891	0.1293
2.276	-0.9356	0.1463
2.034	0.6214	0.1051
1.783	-2.377	0.0507
1.889	3.056	0.09352
1.555	0.6493	-0.002381
1.761	-0.6823	0.04005
1.767	1.955	0.02593
1.661	0.9892	-0.03553
2.314	-1.967	0.1353
2.235	-0.3621	0.1174
2.42	-2.002	0.1572
2.347	-0.1926	0.1474
2.375	-1.337	0.1469
2.42	-1.512	0.1463
2.416	0.6858	0.1493
2.389	3.065	0.1771
2.444	1.573	0.1689
2.382	2.154	0.1761
2.362	1.073	0.18
2.39	0.7841	0.1614
2.417	-1.232	0.1532
2.36	1.136	0.1487
2.448	1.401	0.146
2.405	2.65	0.1407
2.447	1.439	0.1535
2.385	2.794	0.1464
2.323	1.761	0.1405
2.319	2.451	0.1342
2.293	2.261	0.1436
2.268	1.119	0.1394
2.29	2.399	0.1354
2.222	-2.724	0.1327
2.192	0.4751	0.133
2.117	-2.359	0.1356
2.237	1.355	0.138
2.235	-2.965	0.1352
2.326	2.049	0.1443
2.261	-2.836	0.1406
2.235	2.782	0.1392
2.279	-3.987	0.1386
2.239	-1.007	0.1405
2.425	3.115	0.1568
2.396	-0.0719	0.149
2.408	2.167	0.1703
2.423	1.887	0.1687
2.419	3.281	0.1632
2.352	-1.249	0.1374
2.351	0.9626	0.1361
2.361	3.142	0.143
2.382	0.709	0.1434
2.357	1.461	0.1536
2.296	3.374	0.1364
2.216	1.31	0.1377
2.279	-0.1583	0.1445
2.177	-1.557	0.1353
2.087	-1.817	0.1307
2.242	-0.4259	0.137
2.197	1.965	0.1366
2.162	-1.522	0.1481
2.223	2.866	0.1429
2.203	-2.616	0.141
2.143	2.2	0.1401
2.17	3.246	0.1373
2.059	4.076	0.1348
2.07	3.651	0.1442
2.06	0.1989	0.1282
2.066	3.493	0.129
2.059	2.661	0.1316
2.109	4.311	0.1378
2.053	4.061	0.1418
2.078	-0.187	0.1455
2.176	-2.608	0.151
2.009	-3.106	0.1476
2.033	1.929	0.1452
2.094	1.095	0.1528
2.15	0.07882	0.163
2.245	1.546	0.1575
2.138	-1.865	0.1511
2.126	-2.303	0.1601
2.13	-5.302	0.1575
2.089	-2.114	0.1413
2.107	-3.683	0.1465
2.126	3.437	0.1394
2.076	4.388	0.1313
2.183	3.332	0.147
2.179	3.367	0.1478
2.196	1.409	0.1472
2.18	3.933	0.1699
2.173	2.654	0.1663
2.135	0.663	0.1336
2.167	4.097	0.1405
2.086	-0.602	0.128
2.146	-2.954	0.1317
2.171	-2.385	0.1547
2.156	-1.208	0.1705
2.171	-0.3161	0.1908
2.189	3.028	0.1463
2.151	-0.9282	0.167
2.172	-5.477	0.1863
2.218	-1.369	0.206
2.315	1.497	0.1989
2.218	-2.828	0.2024
2.389	3.491	0.2015
2.455	-1.796	0.1977
2.122	-1.829	0.132
2.067	3.473	0.1268
2.211	3.417	0.1792
2.159	-0.05734	0.1596
2.151	-5.266	0.1504
2.257	-1.709	0.1802
2.224	0.6618	0.1555
2.422	-0.554	0.1869
2.328	1.498	0.1895
2.364	-3.954	0.1982
2.408	0.5443	0.1916
2.502	-3.69	0.1894
2.701	-3.959	0.1973
2.634	2.219	0.1933
2.286	-2.179	0.1952
2.294	-5.61	0.1981
2.294	2.597	0.1905
2.361	-2.179	0.1947
2.553	1.574	0.1997
2.366	2.873	0.2034
2.334	-3.157	0.2035
2.344	2.075	0.2051
2.355	3.26	0.2018
2.25	-3.791	0.2057
2.162	-2.232	0.2082
2.199	-2.748	0.2069
2.07	3.445	0.1217
2.069	-0.9936	0.1301
2.269	2.215	0.1603
2.167	-3.231	0.1272
2.133	3.884	0.1194
2.223	3.644	0.1142
2.241	-3.112	0.1268
2.347	-0.06106	0.2096
2.357	3.013	0.1931
2.192	-1.157	0.2062
2.265	3.324	0.2135
2.326	3.082	0.2141
2.337	4.282	0.2145
2.469	-1.2	0.1935
2.282	-0.2215	0.1123
2.372	1.315	0.1059
2.313	2.666	0.1604
2.376	1.264	0.1482
2.463	3.449	0.1411
2.519	1.505	0.1049
2.478	1.799	0.1226
2.489	1.353	0.1522
2.516	1.82	0.1092
2.558	2.263	0.1137
2.455	-0.2379	0.1318
2.546	0.5542	0.1331
2.168	-4.369	0.1432
2.115	-2.84	0.1412
2.216	-3.122	0.1484
2.194	-3.794	0.1432
2.165	-1.447	0.1505
2.236	1.278	0.1544
2.205	2.19	0.1566
2.25	2.138	0.1605
2.307	2.241	0.1547
2.159	-4.56	0.1511
2.221	-0.188	0.1526
2.346	1.608	0.151
2.398	-0.1698	0.1578
2.428	2.921	0.1599
2.368	0.7471	0.1558
2.446	0.6471	0.1544
2.458	2.015	0.144
2.504	2.756	0.1573
2.464	3.128	0.1704
2.524	3.379	0.1421
2.536	3.519	0.146
2.508	0.6473	0.1535
2.121	2.955	0.1454
2.345	3.617	0.1655
2.203	2.768	0.1581
2.226	3.24	0.1507
2.365	1.524	0.1559
2.485	2.401	0.1838
2.45	2.372	0.175
2.419	1.167	0.1598
2.478	1.27	0.1736
2.47	1.327	0.1907
2.403	-2.224	0.1881
2.491	-2.632	0.193
2.49	-0.9259	0.1707
2.48	0.6991	0.1604
2.484	1.213	0.1759
2.536	0.7392	0.1842
2.522	-2.776	0.1783
2.494	-1.3	0.1555
2.376	0.1196	0.155
2.429	-2.071	0.1561
2.341	-0.4727	0.1351
2.148	0.8199	0.09583
1.936	0.9702	0.07742
1.767	0.6327	0.04641
2.301	-0.8935	0.1539
2.077	-0.7216	0.115
1.636	0.8794	0.07043
1.591	1.079	0.06803
1.205	-0.05666	0.03798
2.341	-4.78	0.1696
2.347	-5.447	0.1749
2.39	-0.269	0.1475
2.352	-2.128	0.1586
2.312	-4.723	0.1627
2.382	1.364	0.1585
2.306	1.489	0.1552
2.008	-0.07629	0.1119
1.663	1.109	0.06956
2.249	0.4664	0.1498
2.202	1.499	0.1387
2.193	-0.5979	0.1287
1.779	1.159	0.07634
1.289	0.3627	0.05558
2.264	-1.757	0.1418
2.103	-0.3986	0.1106
1.955	0.4337	0.1047
2.008	2.008	0.1428
1.894	1.165	0.125
2.065	-1.178	0.1658
2.114	-2.556	0.1837
2.387	-1.123	0.1603
2.217	2.048	0.1543
2.063	-0.4893	0.1789
2.06	-2.512	0.1881
2.109	-4.495	0.1892
2.434	-0.5664	0.1605
2.457	-1.643	0.1629
2.408	-2.925	0.1423
2.476	1.41	0.161
2.474	1.523	0.1868
2.213	4.015	0.1867
2.081	-4.353	0.1934
2.412	0.7876	0.1794
2.402	1.738	0.1959
2.361	3.357	0.2066
2.108	-4.612	0.1982
2.204	-0.8077	0.1934
2.203	2.418	0.2097
2.155	-0.924	0.203
2.203	4.042	0.2047
2.26	-2.47	0.1973
2.193	-3.785	0.2007
2.264	0.6015	0.1741
2.249	2.121	0.1817
2.371	2.492	0.1892
2.612	-3.822	0.1721
2.499	-2.823	0.2021
2.344	4.084	0.1897
2.338	3.439	0.1783
2.183	3.116	0.2073
2.301	2.882	0.2017
2.439	-1.148	0.1859
2.449	3.159	0.1857
2.689	1.547	0.1653
2.72	2.393	0.1507
2.792	-4.274	0.15
2.532	0.3818	0.1592
2.8	2.627	0.1494
2.92	4.054	0.1502
2.881	2.753	0.1317
2.801	-0.1096	0.1382
2.802	3.483	0.1531
2.93	-0.3569	0.1356
2.799	2.764	0.129
2.721	5.276	0.1422
2.635	0.6128	0.1283
2.632	-0.09485	0.175
2.548	3.651	0.1726
2.453	3.722	0.1771
2.584	0.5152	0.1743
2.372	3.446	0.1987
2.291	-2.182	0.2165
2.357	0.8572	0.2252
2.239	3.334	0.2014
2.299	-0.4057	0.1883
2.166	-0.1335	0.2087
2.202	-3.554	0.2091
2.265	2.054	0.2074
2.224	-5.063	0.208
2.383	3.55	0.2195
2.151	-3.641	0.1955
2.165	1.861	0.2053
2.423	3.032	0.2063
2.463	1.203	0.2102
2.423	-3.925	0.2164
2.587	1.907	0.2036
2.447	3.367	0.2004
2.324	-4.281	0.2031
2.209	1.919	0.218
2.259	2.216	0.2269
2.434	-0.8931	0.2193
2.422	2.684	0.2179
2.495	0.863	0.2285
2.338	3.623	0.229
2.459	3.287	0.2285
2.343	-2.827	0.207
2.36	1.423	0.2147
2.341	1.786	0.2164
2.44	3.685	0.1661
2.445	3.197	0.1957
2.351	2.45	0.2226
2.331	-1.074	0.2281
2.569	-1.093	0.2192
2.416	0.9087	0.2233
2.444	2.126	0.2145
2.418	1.857	0.2183
2.408	-0.9513	0.219
2.394	2	0.2181
2.452	2.85	0.2108
2.334	-2.743	0.2118
2.255	0.5665	0.2173
2.267	2.626	0.1863
2.26	1.792	0.204
2.369	2.36	0.2199
2.399	3.329	0.2104
2.222	0.6187	0.122
2.296	-3.222	0.1644
2.038	0.6527	0.03976
2.098	0.9753	0.07587
2.125	-3.418	0.1473
2.079	-2.307	0.1747
2.109	2.213	0.1975
2.401	-0.1336	0.2051
2.343	-1.551	0.2036
2.376	0.4095	0.1956
2.242	1.182	0.204
2.231	1.014	0.1874
2.373	-1.71	0.1901
2.331	-3.073	0.1496
2.345	1.15	0.1686
2.395	-1.622	0.1594
2.501	-0.4363	0.1396
1.903	0.7757	-0.009059
2.109	-0.771	0.04918
2.054	2.654	-0.008873
2.265	-0.895	0.1024
2.158	-1.612	0.07106
2.109	-3.602	0.1405
2.155	-2.994	0.1714
2.124	-1.508	0.1383
2.287	1.786	0.1855
2.299	1.176	0.1504
2.055	-1.279	0.1735
2.196	-5.495	0.2099
2.378	-2.641	0.2075
2.617	4.871	0.1847
2.347	2.053	0.1517
2.32	-1.837	0.1403
2.368	0.6278	0.1601
2.622	2.696	0.1555
2.784	5.159	0.1432
2.511	4.358	0.123
2.711	2.36	0.1181
2.605	4.37	0.1226
1.687	-0.005166	-0.03405
1.223	-0.1461	-0.02246
1.332	0.3975	-0.03076
1.794	2.07	-0.03058
1.581	0.8475	-0.018
1.062	-0.4666	-0.005135
1.176	-0.3401	-0.01468
1.346	-0.133	0.001282
1.003	-0.4161	0.02179
0.9041	-0.2624	0.02683
1.108	0.005127	-0.004578
1.718	0.1622	0.05101
1.025	-0.2289	-0.01749
0.9032	-0.2409	0.01264
0.9943	-0.07132	0.04244
1.701	2.257	0.1127
1.307	0.6506	0.07737
1.78	0.3526	0.1223
