1.529	0.9803	0.08011
1.87	-1.934	0.149
1.885	-0.8494	0.1272
2.067	0.6831	0.1531
1.872	-3.776	0.09298
1.82	1.643	0.1525
1.946	1.977	0.188
1.992	1.47	0.1164
2.047	0.698	0.09687
1.9	1.222	0.1411
1.167	-0.3447	-0.05959
2.115	1.292	0.1379
1.929	-2.821	0.09196
2.033	-3.691	0.1579
2.015	-3.983	0.1196
2.034	0.2284	0.1416
1.847	-1.995	0.0376
1.621	1.597	0.1291
2.088	2.381	0.1082
1.737	-0.8167	0.1275
1.244	0.6281	-0.04849
1.611	1.284	0.07286
1.751	0.8521	0.1428
1.862	-0.1742	0.1089
1.962	-0.4505	0.11
2.14	-6.887	0.08709
1.936	1.945	0.1332
1.923	2.68	0.2139
1.882	3.027	0.1316
2.083	1.651	0.1191
2.079	-4.106	0.1151
1.879	0.9073	0.089
1.937	0.9236	0.1031
2.006	0.9803	0.1421
1.297	0.002875	-0.02313
1.904	-4.732	0.1636
1.889	1.731	0.1952
1.94	-0.262	0.1039
2.013	4.043	0.1746
2.255	4.108	0.1718
2.097	-2.568	0.1076
1.547	-0.06977	-0.03619
1.927	-0.7436	0.1178
1.967	-1.105	0.1162
1.939	-4.693	0.1165
2.027	3.614	0.1067
2.101	0.9562	0.1528
2.04	3.896	0.1166
2.053	3.438	0.1218
2.024	1.135	0.148
2.06	-1.608	0.1369
1.928	-3.852	0.1409
1.999	0.4426	0.1297
1.926	-0.3186	0.1634
1.923	2.503	0.1772
2.04	-3.348	0.1557
1.914	-3.748	0.06092
2.026	3.565	0.09047
1.985	3.402	0.06125
2.163	1.214	0.1379
1.796	0.7631	0.1619
1.788	-2.139	0.03282
1.853	4.054	-0.0321
1.346	0.4315	0.02201
1.778	4.474	-0.04863
1.754	2.802	0.1027
1.666	2.39	0.1304
1.625	-0.6267	0.1357
1.25	0.2903	-0.0175
1.529	-1.511	0.09929
1.471	2.261	0.0808
1.153	1.557	-0.08524
1.74	2.005	0.1419
1.746	-1.899	0.1582
1.715	2.784	0.09462
1.645	3.691	0.08164
1.658	3.044	0.1178
1.741	0.74	0.1055
1.726	1.352	0.1106
1.804	-0.6878	0.08749
1.78	1.611	0.08507
1.811	0.7675	0.09713
1.933	3.287	0.108
1.845	1.674	0.1181
1.831	0.7821	0.1019
1.933	-5.149	0.08563
1.877	1.863	0.1147
1.857	-1.503	0.105
1.95	2.833	0.1011
1.948	-1.092	0.1278
1.953	-5.809	0.106
1.989	2.36	0.1143
1.874	1.436	0.1302
1.998	-0.4432	0.1034
1.985	1.223	0.1295
2.04	2.549	0.1625
1.787	-1.632	0.1465
1.884	0.1184	0.1297
2.042	-3.898	0.1642
1.949	2.073	0.168
1.923	-0.2715	0.1895
1.914	-3.299	0.2252
1.979	-1.538	0.1767
1.976	0.2562	0.1348
2.034	-4.023	0.1448
2.026	2.496	0.15
1.988	2.409	0.1186
2.006	4.422	0.1078
1.985	-2.82	0.09651
2.026	3.336	0.087
1.89	-2.685	0.08852
1.844	-1.978	0.07085
1.998	1.732	0.08797
1.952	-1.334	0.078
2.048	1.775	0.09785
1.806	2.531	0.09252
2.064	0.694	0.1025
2.003	-0.2961	0.122
1.868	0.3494	0.1448
1.572	-0.1887	0.1003
1.664	0.4237	0.03793
1.207	-0.02969	-0.033
1.993	-3.992	0.1048
1.964	-2.002	0.09543
1.766	-0.8313	0.07647
1.852	0.6684	0.1551
1.609	1.195	0.07471
2.014	1.494	0.1605
1.875	-6.127	0.1531
2.07	-0.6467	0.1413
2.024	2.863	0.1512
1.972	-1.664	0.1804
2.026	0.1602	0.149
2.024	-0.3076	0.1449
1.902	-1.217	0.2079
1.993	2.715	0.2107
1.98	2.104	0.1662
1.922	1.715	0.149
1.976	4.854	0.09126
1.875	0.4507	0.1837
1.936	2.616	0.1693
1.868	1.747	0.208
1.926	3.826	0.1828
2.036	0.7457	0.1599
2.187	-0.2017	0.1676
2.181	-0.1134	0.1863
2.065	1.521	0.1618
2.119	0.8591	0.18
2.069	1.451	0.181
2.283	2.444	0.1574
1.69	0.4663	0.05535
2.227	0.919	0.1194
2.229	0.3159	0.1567
2.024	2.665	0.1031
1.373	1.704	-0.06104
2.016	-3.94	0.05321
1.879	-2.912	0.1151
2.012	1.103	0.09959
1.958	2.285	0.07051
1.12	0.4543	-0.08864
1.089	-0.09219	-0.09617
1.254	0.4764	-0.04962
1.909	-4.301	0.1261
1.929	-1.876	0.1176
1.903	-2.939	0.1207
1.924	-1.806	0.1025
1.944	-2.452	0.1066
1.933	-2.546	0.1148
1.951	-3.231	0.1211
1.996	-0.9566	0.1212
1.992	-5.49	0.1182
1.963	2.338	0.09628
2.034	4.328	0.1135
1.976	1.869	0.1078
2.08	0.3219	0.1217
2.121	1.471	0.1457
2.085	0.2025	0.1272
2.074	0.4417	0.129
2.069	-1.839	0.1578
2.061	1.197	0.1268
2.025	-0.1251	0.1193
2.036	-1.949	0.1197
1.999	1.465	0.1167
2.046	3.369	0.1188
2.051	1.982	0.1249
2.055	2.619	0.1261
2.029	-1.021	0.1272
2.01	-2.964	0.1528
2.046	2.501	0.1281
2.053	3.485	0.1367
2.059	0.5415	0.1495
2.065	3.007	0.1501
1.885	-0.7013	0.1342
1.933	-3.123	0.1347
2.009	-3.988	0.1445
2.049	-4.148	0.1521
1.995	-1.531	0.1455
1.949	-0.9341	0.1181
1.924	-1.924	0.09442
2.022	2.863	0.1499
2.014	3.39	0.1706
2.058	0.4858	0.157
1.862	0.558	0.1665
1.866	-0.4564	0.1855
1.93	1.587	0.1843
1.966	2.07	0.1676
1.814	-2.712	0.07332
1.856	-1.356	0.09211
1.941	-0.664	0.09482
1.92	-3.33	0.07653
2.037	-1.072	0.1402
1.935	-0.6241	0.1003
1.877	-2.955	0.04768
1.953	3.662	0.08378
1.931	3.67	0.06155
1.943	3.366	0.07163
2.029	3.256	0.09813
2.076	-0.6146	0.1181
2.08	-1.157	0.116
2.144	2.942	0.1371
1.899	3.095	0.04237
2.028	2.999	0.08008
2.087	-0.5971	0.109
2.065	0.4978	0.09303
2.15	1.68	0.133
1.817	-1.772	0.08847
1.828	-1.141	0.03194
1.81	1.006	0.1564
1.856	0.1759	0.182
1.878	2.143	0.1477
1.702	0.5992	0.1586
1.807	-1.755	0.08254
1.924	4.189	0.0255
1.937	3.861	0.01746
1.894	4.637	0.02613
1.802	-0.08405	0.009702
1.792	-2.076	0.03638
1.876	3.94	-0.06727
1.939	2.835	0.03319
1.51	-0.04903	0.08481
1.737	0.1515	-0.01727
1.479	0.9032	-0.07549
1.204	-1.674	-0.06466
1.29	-2.114	-0.07178
1.798	1.341	0.1225
1.777	1.991	0.1244
1.735	2.715	0.1071
1.713	0.712	0.1261
1.764	3.571	0.1181
1.748	4.702	0.1284
1.575	-0.335	0.1294
1.692	-0.596	0.1496
1.597	-0.5278	0.1151
1.657	0.07449	0.1399
1.597	0.1305	0.1052
1.382	0.6281	0.03539
1.547	1.15	0.07197
1.478	1.962	0.03939
1.159	0.1317	-0.04148
1.399	0.7848	0.02813
1.547	2.206	0.1182
1.516	-0.7032	0.107
1.604	0.1507	0.1287
1.491	-0.2383	0.08982
1.361	0.1313	0.02413
1.43	2.178	0.06278
1.155	0.7677	-0.06278
1.309	1.508	0.005468
1.247	0.7631	-0.02956
1.153	0.3748	-0.07878
1.725	1.081	0.1496
1.596	0.4057	0.1247
1.74	1.431	0.128
1.759	-2.137	0.1567
1.779	-2.143	0.1637
1.743	1.153	0.1512
1.783	-0.3088	0.1595
1.669	3.137	0.08156
1.706	3.16	0.1012
1.805	1.425	0.125
1.713	2.004	0.09036
1.632	-0.2563	0.07126
1.64	-1.134	0.07954
1.61	1.771	0.07064
1.694	0.5764	0.1266
1.716	2.809	0.1423
1.69	1.826	0.109
1.644	3.308	0.09271
1.612	1.985	0.08519
1.68	2.529	0.1328
1.736	4.019	0.129
1.624	1.184	0.0835
1.633	1.738	0.1139
1.662	1.512	0.1239
1.785	0.6054	0.109
1.78	0.806	0.1009
1.795	1.788	0.09111
1.901	-2.091	0.08886
1.675	0.5523	0.07915
1.727	1.484	0.08347
1.796	2.247	0.08718
1.851	-2.909	0.09861
1.829	-1.458	0.09607
1.734	3.587	0.1013
1.708	2.178	0.08485
1.835	1.146	0.1332
1.926	1.904	0.1252
1.972	2.531	0.12
1.857	1.004	0.09686
1.884	0.537	0.1067
1.751	-1.401	0.08887
1.889	2.91	0.1005
1.98	-0.3676	0.1212
1.892	2.442	0.1147
1.857	3.355	0.1118
1.937	1.247	0.1268
1.865	-1.198	0.1276
1.86	1.596	0.1269
1.922	-3.327	0.08367
1.923	-4.208	0.08267
1.851	-0.5927	0.1073
1.793	2.135	0.09481
1.878	2.039	0.09348
1.867	0.003406	0.09118
1.94	2.31	0.08828
1.833	2.767	0.114
1.837	2.866	0.112
1.879	0.4661	0.122
1.833	4.829	0.1194
1.853	3.325	0.1096
1.915	1.609	0.1068
1.922	2.848	0.1048
1.907	-2.653	0.0917
1.997	1.493	0.09149
1.857	-1.051	0.1037
1.926	3.764	0.09631
1.949	-0.9694	0.1083
1.955	-0.07709	0.1074
2.002	0.1336	0.09121
1.965	-0.3742	0.1204
1.95	-3.734	0.1124
1.942	-4.916	0.1212
1.918	1.493	0.1358
1.932	1.867	0.1297
1.929	4.293	0.1335
1.877	1.77	0.1395
1.989	4.612	0.1142
1.979	2.88	0.1245
1.951	1.633	0.1209
1.975	2.889	0.1192
1.878	3.581	0.1293
1.954	0.4027	0.1042
1.979	4.756	0.1055
1.912	-1.874	0.1122
1.972	-1.361	0.1106
2.011	-1.372	0.1172
1.989	3.03	0.1169
1.974	1.233	0.1268
1.994	3.232	0.1064
1.997	2.859	0.1154
2.007	-1.424	0.1302
1.998	-3.548	0.1454
1.985	0.2058	0.1499
2.007	-3.963	0.1378
2.039	1.726	0.1508
2.065	2.103	0.1585
1.836	0.2484	0.1307
1.882	1.214	0.141
1.872	3.373	0.1444
1.81	-1.178	0.1338
1.781	-2.511	0.1234
1.747	-5.02	0.1384
1.801	-5.566	0.1203
1.996	2.182	0.1658
1.929	0.7218	0.1563
2.064	-0.06072	0.1587
2.041	1.177	0.1642
2.01	-4.082	0.1688
1.988	-1.114	0.1813
1.948	-2.519	0.1881
1.847	-0.3689	0.1688
1.844	-0.6744	0.1648
1.879	2.931	0.1602
1.919	1.886	0.178
1.921	4.313	0.2128
1.944	-2.823	0.1953
1.928	3.709	0.1595
1.908	3.188	0.227
1.925	-0.8685	0.2174
1.944	-2.556	0.2089
1.933	0.5629	0.2051
1.963	0.9155	0.184
1.966	4.168	0.1434
1.952	0.8589	0.1425
1.899	1.41	0.1234
1.88	-1.206	0.1357
2.031	0.9598	0.1481
2.056	0.519	0.1376
2.079	-4.368	0.1381
1.989	2.492	0.149
1.951	2.849	0.1257
1.982	2.576	0.1698
2.005	-0.648	0.1581
2.033	-0.9988	0.139
2.073	2.166	0.1371
2.053	3.227	0.1141
2.008	0.8263	0.1252
2.054	1.032	0.1178
1.961	0.7433	0.124
2.012	0.231	0.1139
2.037	3.534	0.1032
2.03	1.201	0.09969
2.04	0.1619	0.09318
2.036	1.824	0.1103
1.994	1.008	0.09358
2.016	2.118	0.09081
2.022	0.9195	0.09412
2.051	0.6179	0.09092
1.91	-3.083	0.07972
1.855	0.9283	0.0773
2.001	1.922	0.08869
1.939	-1.06	0.08783
1.889	-1.029	0.08074
1.851	-0.5267	0.08409
1.821	3.14	0.07571
2.006	1.153	0.09584
2.088	0.3566	0.08635
2.016	0.01737	0.1209
2.029	-1.826	0.1121
2.027	0.6166	0.1037
1.903	1.208	0.08353
1.902	3.007	0.08502
1.948	-2.017	0.08607
1.974	-2.943	0.08236
2.005	3.063	0.08772
1.977	2.761	0.08344
1.97	2.507	0.0962
1.995	2.949	0.07713
2.032	1.794	0.0885
2.052	0.616	0.09719
1.788	1.449	0.07805
1.827	3.389	0.08568
1.79	2.656	0.07081
1.775	3.201	0.09142
1.781	0.1644	0.1135
2.045	0.6783	0.1089
1.912	1.704	0.1071
2.046	0.684	0.1
2.065	0.8642	0.107
2.081	-2.345	0.1139
2.048	-3	0.1041
1.966	-0.773	0.1243
1.822	1.077	0.1181
1.788	0.5439	0.1452
1.864	-0.1917	0.11
1.984	-0.7488	0.1336
1.825	-3.853	0.1324
1.772	-0.9912	0.1539
1.708	-0.06373	0.1072
1.726	-3.73	0.1327
1.661	-1.691	0.1304
1.543	0.7389	0.08748
1.467	0.8836	0.04403
1.359	0.5543	0.02688
1.793	-0.1448	0.07601
1.593	-0.1339	0.0642
1.413	0.2788	0.00667
1.425	0.2428	0.001029
1.204	-0.1515	-0.04454
2.024	-3.096	0.0959
1.979	-4.799	0.08831
2.018	0.8508	0.0901
2.018	-0.6177	0.09195
1.99	-4.46	0.1064
2.004	0.3287	0.1263
1.964	0.5218	0.1114
1.744	0.7518	0.04265
1.513	0.4037	0.02636
1.888	-0.02078	0.07069
1.908	1.192	0.08405
1.908	1.068	0.1188
1.628	0.6742	0.07648
1.401	0.2406	0.01067
1.982	-1.842	0.1595
1.804	-0.2243	0.1321
1.725	0.5341	0.1287
1.841	0.9057	0.1467
1.796	0.7107	0.1269
1.912	0.4217	0.1554
1.91	-4.415	0.1571
2.042	-1.477	0.1653
1.984	0.7057	0.1617
1.914	-1.602	0.1581
1.898	-2.326	0.1577
1.855	-7.203	0.1523
2.014	1.693	0.1303
2.046	-0.9734	0.1467
1.989	-3.956	0.1017
2.031	1.696	0.1229
2.091	0.3276	0.131
2.011	2.721	0.1555
1.884	-3.635	0.1539
2.067	-1.049	0.1591
2.078	-0.3016	0.1505
2.093	0.1581	0.1425
1.99	-2.72	0.1558
1.945	1.04	0.178
2.046	1.134	0.1486
1.976	-0.06192	0.1599
1.957	3.768	0.1846
1.991	2.314	0.1403
1.951	-5.04	0.1559
1.994	2.044	0.1611
1.973	1.458	0.1417
2.029	0.2646	0.1346
1.972	-4.893	0.1393
2.003	-4.682	0.1185
1.961	2.085	0.2009
1.99	2.103	0.1954
1.927	2.5	0.2015
1.933	2.281	0.1994
1.909	3.356	0.2085
1.882	3.335	0.2053
1.914	2.972	0.2056
2.009	1.454	0.1667
1.957	-3.664	0.1372
2.02	-0.4607	0.1905
1.995	0.9949	0.1994
1.952	4.03	0.1908
1.951	-0.5902	0.1208
1.922	2.973	0.09831
1.897	2.115	0.1729
1.966	-0.2433	0.1543
1.983	3.675	0.1214
1.97	1.489	0.1266
1.989	3.8	0.1026
1.91	2.183	0.153
1.956	2.704	0.1409
1.872	-1.193	0.182
1.883	1.842	0.167
1.906	1.859	0.1747
1.906	0.1903	0.1866
1.97	1.299	0.1799
1.877	-1.717	0.2092
1.862	2.583	0.1971
1.901	-1.867	0.2123
1.886	-1.429	0.2215
1.892	1.558	0.2212
1.892	-1.108	0.1908
1.962	1.091	0.1761
1.851	0.2313	0.1953
1.884	2.535	0.2031
1.936	2.811	0.1939
2.021	-3.537	0.1665
2.034	-4.066	0.171
1.981	-0.3618	0.1695
2.047	-1.893	0.1579
2.058	-1.78	0.1549
2.161	3.083	0.1517
2.134	2.843	0.1611
2.242	-0.4727	0.173
2.233	2.063	0.1822
2.182	-0.08276	0.1757
2.085	2.314	0.1728
2.083	2.429	0.1795
2.158	1.704	0.1707
2.029	2.229	0.173
2.156	3.736	0.1804
1.993	1.134	0.1358
2.021	1.989	0.1633
2.033	1.196	0.1751
2.048	1.739	0.1747
2.127	1.193	0.1884
2.03	0.625	0.1808
2.161	0.616	0.1898
2.113	-2.421	0.1856
2.068	-2.49	0.1774
2.015	-2.427	0.1721
2.045	1.465	0.1702
2.022	-0.8818	0.1624
2.176	0.6417	0.1531
2.158	1.223	0.1434
2.202	-0.2791	0.1519
2.223	0.3839	0.1647
2.292	4.102	0.1646
1.99	0.9097	0.05073
2.129	2.029	0.1154
1.259	0.2199	-0.006789
1.57	1.816	0.01125
1.899	-0.6988	0.08643
2.114	1.271	0.09143
2.204	-0.8517	0.1198
2.303	1.577	0.1572
2.249	1.397	0.1619
2.295	1.097	0.1493
2.228	1.298	0.1427
2.159	0.4142	0.1369
2.185	0.8055	0.1613
2.083	-1.318	0.1105
2.132	0.5284	0.1394
2.057	1.629	0.1337
2.008	2.594	0.1076
1.249	1.195	-0.05177
1.51	0.2043	0.008009
1.459	2.196	-0.06788
1.862	-0.8051	0.01722
1.796	-1.327	-0.007508
1.99	-3.106	0.05186
2.045	1.544	0.08066
1.727	-1.831	0.04647
1.945	-3.687	0.1182
1.896	-0.482	0.06998
1.868	-1.343	0.1421
1.969	-6.713	0.1548
2.028	0.9076	0.1321
1.984	0.7564	0.09719
1.986	-2.814	0.07726
1.997	1.203	0.09225
2.003	2.082	0.07297
1.972	-0.0335	0.07462
1.935	3.61	0.077
1.998	1.405	0.08226
1.937	1.622	0.07402
1.978	3.048	0.08431
1.212	0.87	-0.07415
1.094	0.4627	-0.08723
1.128	1.028	-0.08348
1.26	2.604	-0.07583
1.223	1.093	-0.08677
1.095	-0.0966	-0.0765
1.085	0.0347	-0.09154
1.154	-0.01213	-0.02974
1.099	-0.1957	-0.07431
1.164	-0.09191	-0.07225
1.157	0.3073	-0.09774
1.399	0.6436	-0.06636
1.091	0.01853	-0.09412
1.144	0.0517	-0.07984
1.231	0.08134	-0.0417
1.533	0.2256	0.02469
1.391	0.9952	0.01264
1.687	0.2658	0.08876
1.71	0.9748	0.06852
1.818	-3.242	0.1114
1.882	-1.679	0.1016
2.031	-0.1513	0.1531
2.014	-1.499	0.1133
1.91	0.6796	0.1121
2.037	2.24	0.123
2.224	1.805	0.1686
2.204	0.2479	0.07878
1.979	2.56	0.09722
1.156	-1.438	-0.07661
2.099	1.612	0.1868
1.924	-2.818	0.08828
1.967	-4.098	0.1429
2.01	-5.201	0.1122
2.048	0.1917	0.1404
1.862	-5.009	0.05698
1.818	2.012	0.09899
2.088	2.192	0.08502
1.977	2.3	0.1288
1.334	0.7253	-0.01515
1.811	-2.031	0.07586
2.068	1.078	0.1584
2.01	0.6521	0.09514
1.948	0.04647	0.0959
2.088	0.1321	0.09513
2.017	1.745	0.1071
2.1	1.914	0.1577
2.023	2.745	0.1224
2.315	-0.605	0.1099
1.97	-3.083	0.08503
2.076	1.62	0.1063
2.086	-3.491	0.1246
2.089	-0.7912	0.1092
1.134	0.2032	0.004967
2.043	-2.439	0.1051
2.14	2.187	0.2355
2.003	-0.7409	0.132
2.136	0.9305	0.1749
2.279	4.797	0.1741
2.075	1.277	0.1119
1.523	-2.869	-0.03532
1.898	-2.39	0.1082
1.984	-0.9058	0.09965
1.905	-5.117	0.09501
1.933	2.657	0.123
2.046	2.896	0.1743
1.981	3.259	0.1192
2.04	3.88	0.1265
2.007	-2.197	0.1396
2.063	4.07	0.1389
1.963	-4.063	0.1307
1.95	0.3957	0.1465
1.976	1.413	0.1387
2.063	1.008	0.1474
2.027	-2.631	0.1477
1.885	-3.407	0.07968
1.954	2.993	0.1251
1.941	2.978	0.0739
2.126	2.157	0.1754
1.931	-1.172	0.1145
1.855	-1.784	0.03453
1.737	-1.164	-0.04326
1.535	-1.069	0.02184
1.461	1.112	-0.06404
1.852	0.8506	0.08808
1.898	2.759	0.1075
1.928	0.09735	0.1397
1.386	0.09622	-0.007845
1.797	-2.206	0.1098
1.724	1.373	0.07622
1.13	0.7812	-0.05718
2.032	0.7584	0.1468
2.014	-2.197	0.1611
1.816	0.15	0.06929
1.881	3.475	0.08128
1.965	2.427	0.1145
1.979	-0.2064	0.1141
2.012	1.425	0.1292
1.938	0.1475	0.09658
2.079	1.527	0.1096
1.872	1.667	0.08285
1.972	3.093	0.09408
1.895	0.7983	0.08367
1.963	-4.789	0.1031
2.033	1.874	0.1074
1.875	1.464	0.08309
1.886	-1.6	0.07963
1.978	2.317	0.09998
1.999	-1.972	0.112
2.026	-1.987	0.1306
2.008	2.001	0.09152
2.005	-1.853	0.08084
1.968	1.497	0.08921
1.99	-2.66	0.1281
2.065	2.044	0.1429
2.012	-1.504	0.1136
1.992	-0.8074	0.07562
2.047	1.056	0.1504
2.063	2.658	0.1405
2.078	0.5169	0.1569
2.007	-1.994	0.1606
2.099	-1.442	0.1416
1.96	-2.824	0.06888
1.989	-1.302	0.09543
2.175	2.339	0.1237
2.096	4.365	0.1069
1.986	4.475	0.06288
2.132	-2.022	0.07225
2.095	6.456	0.07169
2.067	-0.846	0.1028
1.975	1.035	0.09922
2.045	2.93	0.09964
2.106	-1.855	0.07403
2.284	1.011	0.08415
2.063	1.527	0.125
2.19	-2.258	0.0898
2.229	-1.357	0.1316
2.096	-1.8	0.1643
1.676	0.2337	0.1139
1.617	0.5974	0.08493
1.318	0.393	0.006269
2.099	-4.553	0.08912
1.986	-0.9288	0.1023
1.775	-0.5659	0.07569
1.961	-0.7568	0.106
1.567	1.476	0.06177
2.166	2.965	0.1181
1.93	-6.457	0.1125
2.24	-0.866	0.1172
2.254	2.991	0.117
2.005	3.454	0.1065
2.07	2.394	0.1147
1.846	-2.327	0.09974
1.95	0.385	0.1617
2.076	2.273	0.1679
2.172	1.605	0.1875
2.308	3.31	0.206
2.193	3.074	0.151
2.126	0.2938	0.1925
2.228	2.309	0.1733
2.028	-1.07	0.1863
2.123	0.6104	0.1662
2.046	1.837	0.1558
2.234	-0.1708	0.1909
2.168	-0.4956	0.1664
2.242	1.577	0.1601
2.156	1.187	0.1716
2.088	2.55	0.1552
2.302	1.015	0.1788
1.577	-0.8192	0.02776
2.098	1.118	0.08274
2.266	0.7948	0.1449
2.152	3.591	0.1459
1.284	1.662	-0.06336
1.968	-4.924	0.07689
1.743	-2.945	0.09925
1.955	1.134	0.08782
2.072	-0.9921	0.1128
0.8906	0.3341	-0.06507
0.951	-0.119	-0.04783
1.14	0.3296	-0.01369
1.889	-4.207	0.1115
1.9	-3.386	0.09816
1.881	-2.69	0.09835
1.91	-2.285	0.09385
1.95	-2.471	0.09483
1.92	-2.506	0.0937
1.939	-2.328	0.09394
2.005	-1.815	0.1058
1.956	-5.512	0.09556
1.91	2.777	0.09901
1.95	3.404	0.122
1.961	2.228	0.1031
2.003	-0.1513	0.1574
2.098	2.022	0.1847
1.989	-1.124	0.1538
1.976	-1.805	0.144
1.984	-0.9491	0.1555
1.969	-1.185	0.13
2.049	1.347	0.1172
2.06	-1.319	0.1245
2.009	1.914	0.1082
2.008	3.028	0.1204
1.978	-0.3184	0.1233
2.065	0.6632	0.1313
2.051	-0.5517	0.1312
1.979	-4.313	0.1373
2.01	1.766	0.1266
2.047	2.63	0.1369
2.024	-0.6907	0.1485
2.049	1.279	0.1457
1.902	-3.421	0.1132
1.927	-3.68	0.13
2.017	-5.05	0.1435
2.027	-4.548	0.1599
1.977	-2.165	0.1529
1.914	-0.763	0.125
1.903	-2.154	0.101
2.06	2.653	0.1402
2.07	2.304	0.1502
2.059	-0.3212	0.1533
1.934	0.6634	0.129
1.982	-1.323	0.1417
2.037	0.2919	0.1512
2.063	1.856	0.1472
1.934	-2.534	0.08896
1.902	-1.752	0.1005
1.908	-1.975	0.1128
1.905	-3.756	0.08285
1.998	-0.6443	0.1514
1.911	-1.535	0.1154
1.873	-3.436	0.06278
1.889	3.845	0.09918
1.891	4.405	0.08504
1.885	3.386	0.09434
1.934	3.168	0.1273
2.021	0.136	0.1617
2.052	-0.006957	0.1601
2.11	2.149	0.189
1.886	3.118	0.05791
1.956	4.245	0.1139
2.051	0.5627	0.1388
2.002	1.219	0.08116
2.126	2.527	0.144
2.021	1.567	0.1034
1.841	-3.189	0.05116
1.918	0.2878	0.1141
2.009	-1.358	0.1407
2.013	-0.7462	0.1268
1.949	1.502	0.1157
1.886	1.37	0.08182
1.855	3.286	0.01022
1.91	4.403	-0.0008643
1.837	0.6837	0.03051
1.777	-2.639	-0.003847
1.782	-0.1731	0.03222
1.632	0.1448	-0.06708
1.918	2.706	0.001618
1.721	-1.56	0.06901
1.603	-1.822	-0.01778
1.423	-3.056	-0.07039
1.271	-0.7156	-0.0611
1.237	-2.081	-0.07928
1.872	2.436	0.09105
1.879	1.439	0.09527
1.916	3.196	0.09977
1.939	0.4057	0.1149
1.897	3.515	0.1011
1.895	3.483	0.09811
1.872	2.933	0.09412
1.996	-3.193	0.1556
1.878	-0.9003	0.125
1.932	-0.1899	0.1403
1.765	-0.3667	0.09574
1.708	0.797	0.02786
1.774	-1.364	0.07345
1.686	-0.03119	0.05823
1.382	0.633	-0.01374
1.556	-0.9965	0.05508
1.84	1.95	0.09885
1.802	0.5036	0.08374
1.875	0.3858	0.1189
1.734	0.2267	0.0944
1.495	-1.267	0.04217
1.683	2.688	0.05696
1.224	2.782	-0.03015
1.468	0.7431	0.02192
1.432	1.981	-0.02017
1.13	0.1368	-0.08144
1.985	-1.126	0.1497
1.781	-0.2273	0.1141
2.004	-0.09645	0.1353
2.027	-2.109	0.1629
2.041	-3.013	0.1674
2.056	1.089	0.1535
2.049	-1.236	0.1707
1.857	3.367	0.07585
1.952	1.64	0.1034
1.87	2.277	0.08966
1.823	0.5966	0.07138
1.811	2.015	0.06092
1.801	0.5493	0.06518
1.834	1.04	0.07005
2.007	-2.158	0.1274
2.034	0.8655	0.1413
1.971	1.944	0.1148
1.923	3.312	0.09598
1.88	2.205	0.09066
2.003	2.165	0.1289
2.052	2.741	0.1462
1.895	0.5525	0.09546
1.927	1.122	0.1131
2.002	0.4003	0.1244
2.028	-1.689	0.1185
2.012	0.07991	0.1202
2.048	-0.1173	0.1131
2.036	-3.237	0.1106
1.841	0.08295	0.08831
1.986	-1.39	0.1029
2.071	1.808	0.106
2.023	-2.49	0.1015
2.088	1.442	0.1061
1.818	2.744	0.07445
1.811	0.6355	0.07463
1.876	1.932	0.09909
1.927	2.036	0.108
1.991	2.777	0.1125
1.975	0.2291	0.09166
1.988	2.053	0.09125
1.873	1.263	0.08551
1.936	2.267	0.09191
2.008	0.1854	0.1137
1.946	3.083	0.0903
1.936	2.41	0.08565
1.986	0.5655	0.1119
1.936	0.3483	0.1005
1.882	-1.089	0.09427
2.054	1.562	0.1069
2.024	-2.357	0.1056
1.998	1.021	0.1021
2.091	-1.408	0.1074
2.079	2.015	0.107
2.026	1.9	0.09164
2.039	2.472	0.1009
1.871	3.336	0.07885
1.913	2.774	0.08744
1.876	-0.419	0.09129
1.868	2.724	0.08114
1.883	1.116	0.077
1.908	3.968	0.08737
1.908	2.971	0.08917
1.947	-4.165	0.08229
2.035	2.12	0.09259
1.91	-4.425	0.08695
1.917	2.981	0.08381
1.95	1.633	0.1044
2.016	0.8623	0.1185
2.057	3.351	0.1074
1.983	-1.692	0.1064
1.992	-2.794	0.1186
2.009	-4.378	0.1267
1.986	1.883	0.1054
1.999	-0.8949	0.1174
1.994	3.254	0.09206
1.98	3.967	0.08692
1.983	3.65	0.09483
2.007	2.775	0.09959
2.018	2.112	0.08678
2.016	2.298	0.09795
2.013	-0.1548	0.09322
1.918	0.1129	0.08443
1.956	4.64	0.08648
1.888	-0.873	0.08964
1.933	-1.199	0.09119
1.982	-2.539	0.1047
1.997	-0.2067	0.103
1.997	-1.32	0.1175
1.983	2.822	0.08905
1.988	-0.8609	0.1079
2.006	-4.804	0.1248
2.019	-0.8012	0.1373
2.039	2.97	0.13
2.025	-2.571	0.1374
2.055	4.143	0.1433
2.045	1.073	0.1515
1.998	-1.834	0.07775
1.979	3.405	0.08602
2.023	1.421	0.1063
2.009	2.111	0.0883
2.005	-1.286	0.08399
2	1.133	0.1194
1.985	-2.853	0.08645
2.056	2.975	0.1406
2.05	-0.3488	0.1244
2.029	-3.344	0.1571
2.037	-1.811	0.1518
2.049	-9.615	0.1471
2.077	-1.173	0.1434
2.083	-2.274	0.1469
2.052	-3.648	0.143
2.067	-2.401	0.1422
2.042	1.803	0.1294
2.073	-3.979	0.1479
2.088	0.31	0.1608
2.068	-0.9966	0.1543
2.084	-0.3764	0.1385
2.061	2.621	0.1644
2.046	0.9858	0.1613
2.02	-3.345	0.1536
2.01	-0.2627	0.1367
2.062	2.218	0.1331
1.97	2.699	0.0819
1.981	1.857	0.0989
1.992	1.902	0.08529
1.971	-4.103	0.0717
1.936	3.933	0.07871
1.896	4.266	0.07817
1.989	-3.025	0.08986
2.11	1.798	0.1304
2.048	3.291	0.1133
2.086	2	0.1215
2.136	1.915	0.1311
2.167	0.917	0.1236
2.269	4.147	0.1208
2.191	3.452	0.106
1.952	-0.0913	0.06736
1.932	3.192	0.07269
2.007	1.436	0.08313
2.038	-0.106	0.07788
2.15	3.546	0.07614
2.044	1.387	0.06803
2.039	3.302	0.07627
2.206	1.369	0.08706
2.109	-0.1794	0.06211
2.138	1.139	0.06666
2.146	1.036	0.07403
2.197	0.2245	0.07297
2.012	-2.809	0.1029
2.003	0.03815	0.1074
2.087	0.6675	0.1012
2.003	-1.711	0.1071
1.965	-1.213	0.1018
2.045	0.06675	0.1032
1.962	1.871	0.09858
2.037	1.862	0.1166
2.089	-1.208	0.1011
2.023	-3.718	0.1189
2.019	-0.5128	0.1077
2.012	2.901	0.09478
2.121	2.624	0.09335
2.166	1.471	0.09336
2.093	-4.26	0.09484
2.064	-0.9571	0.08589
2.052	3.321	0.08156
2.192	3.925	0.07511
2.237	2.543	0.1005
2.115	3.802	0.07146
2.191	1.498	0.07314
2.245	0.01591	0.07966
1.998	1.739	0.1142
2.03	3.507	0.1087
1.993	2.242	0.1051
2.036	2.929	0.128
2.076	2.925	0.145
2.251	-0.7092	0.1092
2.131	0.9837	0.1191
2.191	0.4683	0.08513
2.305	2.174	0.0901
2.283	0.3741	0.111
2.161	0.1255	0.1048
2.163	-3.651	0.1363
2.098	0.5547	0.1456
2.078	-0.4114	0.1677
2.108	1.684	0.1301
2.174	0.427	0.1524
2.063	-3.099	0.1531
2.05	-2.054	0.1675
1.826	-0.1697	0.1342
1.93	-2.111	0.1498
1.922	-0.9542	0.1339
1.751	1.13	0.08565
1.555	1.079	0.06716
1.647	0.9547	0.03153
1.858	0.07105	0.1089
1.615	0.5335	0.09925
1.48	1.16	0.05164
1.483	1.53	0.04124
1.118	0.08803	-0.002136
2.107	-4.662	0.09
1.993	-2.332	0.1085
2.144	0.5028	0.0807
2.128	-1.556	0.0835
2.064	-2.802	0.09744
2.104	0.6349	0.1053
1.997	1.076	0.1015
1.72	0.1638	0.07269
1.517	1.531	0.04366
1.838	0.6808	0.09516
1.895	0.9516	0.08739
1.976	-0.547	0.09743
1.633	0.9005	0.06231
1.306	0.4722	0.02481
2.075	-1.051	0.1169
1.887	0.8298	0.09681
1.831	0.1538	0.09312
1.849	0.2877	0.1067
1.79	0.2214	0.09298
1.932	-1.737	0.115
1.849	-3.49	0.1121
2.186	-1.098	0.1206
2.052	2.205	0.1136
1.984	-2.591	0.1164
2.073	-0.7139	0.1151
1.955	-6.143	0.1064
2.159	1.892	0.1048
2.184	-0.3421	0.1155
2.12	-3.735	0.08175
2.198	2.583	0.09971
2.291	0.2486	0.1156
2.212	3.692	0.117
2.093	-3.474	0.1074
2.246	0.6567	0.1234
2.308	1.984	0.1235
2.348	4.135	0.1209
2.106	-2.122	0.1052
2.043	0.2107	0.1075
2.27	0.5903	0.1179
2.121	2.456	0.1122
2.038	2.007	0.1138
1.898	0.4647	0.1018
1.784	-4.605	0.1073
2.059	5.251	0.1066
1.973	1.324	0.1021
1.986	1.382	0.1065
2.014	-4.622	0.1304
1.987	-3.494	0.1072
2.027	4.551	0.1282
2.069	2.994	0.1201
1.992	0.5738	0.1276
1.961	3.518	0.1276
2.005	0.3012	0.1752
1.982	1.385	0.2018
2.092	3.038	0.2256
2.11	1.797	0.158
2.072	-3.609	0.1541
2.102	1.015	0.1447
2.139	1.806	0.2019
2.208	3.999	0.2328
2.2	-2.234	0.1655
2.107	1.321	0.1445
2.284	3.059	0.2284
2.269	3.26	0.2103
2.278	3.54	0.1779
2.282	3.874	0.179
2.223	3.351	0.1607
2.276	2.243	0.185
2.253	3.074	0.173
2.163	1.561	0.2185
2.235	2.397	0.2025
2.178	1.744	0.1836
2.12	0.345	0.1806
2.16	1.724	0.1772
1.977	1.943	0.1793
2.063	2.021	0.2099
1.972	-1.523	0.1496
2.023	1.065	0.171
2.078	2.698	0.1721
2.094	0.4307	0.1827
2.133	0.673	0.1723
2.075	-1.686	0.1974
2.07	0.6453	0.1811
2.106	1.824	0.154
2.118	-4.771	0.1582
2.111	-4.447	0.1656
2.09	0.3973	0.1447
2.066	1.686	0.1513
2.019	-4.546	0.1548
2.16	1.6	0.193
2.137	2.44	0.1871
2.278	0.3872	0.1873
2.232	0.8839	0.1795
2.213	-1.482	0.1841
2.082	3.135	0.1666
2.05	3.48	0.1524
2.271	2.053	0.1573
2.199	5.431	0.1674
2.226	1.003	0.1681
2.209	2.708	0.1657
2.222	2.633	0.1699
2.159	0.7278	0.1739
2.125	0.4326	0.1736
2.13	0.3048	0.1533
2.019	0.8353	0.1449
2.187	0.9381	0.1694
2.135	1.829	0.1692
2.106	-3.431	0.168
2.016	-0.2937	0.1495
2.055	2.829	0.1558
2.013	-3.965	0.1534
2.2	1.764	0.1989
2.222	2.011	0.1439
2.219	1.64	0.181
2.264	0.3526	0.1949
2.306	2.823	0.1813
1.834	-1.922	0.01997
2.158	2.521	0.08548
1.237	-0.6856	-0.03389
1.47	1.473	-0.01264
1.811	-0.7283	0.05256
1.939	-0.8802	0.08133
2.098	1.453	0.1013
2.315	1.975	0.1604
2.302	2.508	0.1608
2.294	1.858	0.1307
2.231	-0.5318	0.1277
2.219	1.128	0.1276
2.277	1.107	0.1507
2.17	0.6355	0.1289
2.228	-1.633	0.1429
2.192	1.416	0.1568
2.179	3.182	0.1573
1.141	-0.8872	-0.06868
1.471	0.3231	-0.0109
1.412	3.603	-0.06347
1.792	-0.002045	0.02236
1.697	-1.499	-0.003372
1.896	-3.488	0.06162
2.015	0.8656	0.09685
1.71	-2.59	0.05688
1.761	-6.577	0.09002
1.821	0.2144	0.07191
1.786	-2.268	0.1078
1.751	-9.063	0.1049
1.887	-0.4458	0.1016
2.008	3.898	0.0996
2.057	-3.455	0.09934
2.111	1.437	0.1144
1.96	0.681	0.08586
2.055	1.945	0.0936
2.029	3.699	0.1168
2.123	-0.8381	0.1318
2.116	2.782	0.1308
2.151	4.103	0.1448
1.057	1.013	-0.08285
0.9326	0.3282	-0.05876
0.9789	1.649	-0.07208
1.12	2.349	-0.06748
1.129	1.111	-0.06397
1.081	-0.132	-0.03767
0.9764	-0.2452	-0.05136
1.352	0.197	-0.01662
1.006	-0.1788	-0.03402
0.9485	-0.1298	-0.02557
0.9301	0.143	-0.04938
1.321	1.111	-0.02795
0.8481	0.006563	-0.05721
0.8751	-0.1187	-0.03763
1.035	0.03955	-0.009141
1.479	0.6648	0.043
1.337	0.8567	0.03035
1.662	-1.301	0.07795
