1.66	0.6085	0.08236
2.045	-1.011	0.165
2.131	-2.817	0.1818
2.103	1.174	0.2348
2.404	1.221	0.2178
2.029	-0.2594	0.2429
2.226	1.025	0.2262
2.159	1.659	0.1714
2.241	-0.4564	0.1605
2.403	3.34	0.2189
1.435	-1.274	0.003189
2.212	0.1504	0.2232
2.106	-3.412	0.1673
2.071	-4.311	0.2216
2.178	-4.139	0.2299
2.199	-0.2537	0.2245
2.06	-1.709	0.1347
1.687	1.881	0.1764
2.305	1.264	0.1918
1.918	0.8795	0.2641
1.364	-0.1366	0.03399
2.028	-2.158	0.2373
2.06	1.307	0.2436
2.321	1.45	0.2219
2.172	0.283	0.206
2.131	0.1443	0.2211
2.165	2.96	0.2073
2.382	1.771	0.2392
2.399	-2.676	0.1935
2.347	2.83	0.2124
2.444	-3.778	0.1883
2.18	2.969	0.2407
1.916	-3.628	0.1723
2.138	0.2148	0.1775
1.239	-0.4996	-0.02422
2.198	-3.49	0.2449
2.139	1.477	0.2251
2.321	0.4088	0.1979
2.219	0.03258	0.2519
2.309	0.5937	0.2565
2.363	0.4065	0.2443
1.733	-0.9895	0.07652
2.121	-2.415	0.1655
2.132	-1.931	0.1966
2.134	-5.33	0.1822
2.187	3.637	0.184
2.152	-0.6843	0.2135
2.142	3.011	0.1789
2.129	2.703	0.2028
2.051	-0.9674	0.234
2.15	2.309	0.2311
2.191	-2.502	0.1916
2.142	-0.592	0.1829
2.136	-0.04149	0.2424
2.008	2.099	0.2177
2.095	-3.779	0.2118
2.108	-3.821	0.1577
2.226	1.524	0.1896
2.226	3.026	0.1551
2.25	2.049	0.2464
1.989	-0.3604	0.2157
2.005	-2.113	0.1411
2.129	3.844	0.04731
1.481	-1.102	0.08117
2.024	1.964	0.06742
1.884	2.302	0.2558
1.753	2.213	0.2225
1.792	0.8558	0.1808
1.352	-0.3678	0.06142
1.721	-1.887	0.1692
1.575	1.813	0.1349
1.343	0.5781	-0.03093
2.039	1.772	0.2569
1.897	-1.783	0.1879
2.019	2.697	0.2549
1.953	3.061	0.266
2.015	1.977	0.2462
2.219	-1.228	0.2209
2.147	2.174	0.233
2.237	1.077	0.2265
2.285	2.552	0.2212
2.221	1.838	0.2403
2.222	3.167	0.2183
2.168	1.012	0.2009
2.388	1.882	0.2196
2.533	1.612	0.2103
2.096	1.243	0.1946
2.067	-1.386	0.2293
2.087	2.262	0.2287
2.296	-0.05313	0.2262
2.243	-4.04	0.2384
2.207	-0.984	0.195
2.329	2.73	0.197
2.145	0.4753	0.1898
2.115	1.288	0.2283
2.219	2.948	0.2263
2.371	1.186	0.2043
2.467	2.015	0.1881
2.17	-4.079	0.2319
2.481	2.307	0.2068
2.619	1.857	0.2124
2.309	-4.263	0.2444
2.48	-3.471	0.2165
2.426	1.321	0.1702
2.493	-4.396	0.2228
2.376	0.6968	0.2227
2.335	2.118	0.1796
2.35	4.531	0.1376
2.286	-3.302	0.1476
2.299	2.92	0.1529
2.443	0.007218	0.2249
2.451	1.059	0.2401
2.189	2.409	0.2254
2.13	-1.92	0.2035
2.159	1.305	0.2057
2.186	2.182	0.2636
2.205	0.5941	0.1918
2.102	0.5724	0.2408
2.016	0.528	0.2253
1.634	0.437	0.1073
1.69	0.5986	0.08424
1.221	-0.4867	0.01594
2.248	-4.26	0.1666
2.05	-2.341	0.1561
1.795	-0.3108	0.09344
1.842	0.274	0.152
1.572	0.3513	0.04972
2.11	1.296	0.2177
2.264	-5.437	0.2225
2.28	-0.9251	0.2238
2.211	4.179	0.2312
2.193	0.6611	0.2321
2.303	2.816	0.2362
2.41	-3.642	0.2164
2.167	-1.255	0.2427
2.24	3.919	0.2424
2.217	0.96	0.1847
2.187	0.6176	0.1901
2.21	4.869	0.1672
2.274	-2.022	0.2449
2.267	1.473	0.2164
2.261	0.3624	0.2549
2.253	0.9795	0.2494
2.082	1.626	0.2648
2.189	2.637	0.2387
2.147	2.594	0.246
2.297	-2.808	0.2284
2.286	1.874	0.2458
2.11	3.14	0.2659
2.362	1.396	0.2659
2.043	0.2172	0.1714
2.417	2.335	0.2241
2.409	0.8162	0.254
2.193	2.465	0.218
1.58	0.75	0.02869
2.271	-2.954	0.1986
2.213	-2.861	0.1655
2.384	1.999	0.2096
2.208	-3.804	0.2282
1.226	0.07381	-0.02978
1.147	-0.4756	-0.05088
1.23	-0.1836	-0.006439
2.135	-4.9	0.1718
2.128	-4.103	0.1697
2.127	-3.517	0.1783
2.1	-2.022	0.1659
2.113	-3.06	0.178
2.11	-3.243	0.1763
2.129	-3.552	0.1901
2.157	-0.5723	0.2177
2.162	-5.563	0.2091
2.139	1.521	0.1718
2.158	3.356	0.181
2.135	1.996	0.1759
2.202	-0.1552	0.2066
2.189	-0.3629	0.2181
2.174	-1.377	0.2005
2.138	-1.041	0.1925
2.111	-1.886	0.2146
2.113	1.96	0.189
2.156	0.02705	0.2032
2.162	-0.6874	0.2202
2.142	1.202	0.1861
2.131	3.445	0.1869
2.092	2.727	0.1946
2.131	2.049	0.2184
2.167	-2.177	0.2381
2.044	-4.213	0.2301
2.08	3.214	0.2072
2.085	3.366	0.2206
2.077	0.07774	0.236
2.126	3.331	0.2297
2.142	-3.077	0.1843
2.153	-4.005	0.1754
2.245	-4.95	0.2087
2.203	-5.147	0.2087
2.181	-3.163	0.1896
2.138	-0.9452	0.1694
2.107	-2.512	0.1638
2.165	3.1	0.2352
2.098	2.87	0.23
2.159	-0.4452	0.2237
2.076	-0.2374	0.2443
2.064	-0.7341	0.2358
2.093	-0.03296	0.2355
2.026	0.8291	0.2155
1.984	-2.643	0.172
1.996	-1.278	0.1671
2.109	-1.345	0.1686
2.108	-3.807	0.162
2.135	-1.272	0.1964
2.068	-0.7602	0.1717
2.094	-2.51	0.15
2.15	2.515	0.1705
2.159	3.354	0.1671
2.154	2.798	0.1698
2.209	2.545	0.187
2.223	0.2482	0.2143
2.237	0.322	0.2203
2.21	1.718	0.2327
2.152	3.271	0.1472
2.241	1.278	0.1826
2.258	1.187	0.2074
2.273	-0.9302	0.1757
2.301	2.53	0.2323
1.952	-1.888	0.1921
2.051	-0.9014	0.1099
2.008	-0.447	0.2311
2.035	0.1223	0.2204
1.949	1.891	0.2057
1.789	0.4407	0.1976
1.937	-2.224	0.1903
2.191	3.606	0.1053
2.214	2.677	0.1048
2.164	3.943	0.104
2.038	-0.3115	0.09311
1.933	-2.078	0.1621
2.169	3.934	0.04062
2.237	1.17	0.1205
1.571	1.268	0.131
1.956	-1.227	0.09708
1.686	0.9238	0.03306
1.43	-2.47	-0.002628
1.491	-2.594	0.03411
1.973	0.518	0.2473
1.903	0.7617	0.2343
1.897	3.085	0.2721
1.86	1.419	0.2503
1.844	3.322	0.248
1.839	3.117	0.2162
1.639	-0.9363	0.1839
1.884	-3.181	0.2332
1.792	-0.106	0.175
1.839	-2.913	0.2273
1.723	0.5815	0.1251
1.498	-0.01	0.07089
1.673	-0.03254	0.1255
1.632	0.0029	0.1196
1.268	-0.437	0.03913
1.542	-0.07802	0.105
1.639	2.147	0.1834
1.578	-1.658	0.1475
1.761	0.6206	0.2098
1.622	-1.34	0.1577
1.477	-1.021	0.09675
1.497	1.779	0.106
1.316	0.1929	0.001448
1.442	0.3885	0.06272
1.422	1.646	0.01881
1.393	-1.805	-0.01533
1.821	-1.349	0.1786
1.724	0.5259	0.127
1.971	-1.37	0.264
1.961	-0.2124	0.2358
2.001	0.03433	0.2326
2.057	1.231	0.2493
2.049	0.6731	0.2324
1.916	3.709	0.2699
1.949	2.593	0.275
2.017	1.342	0.2516
1.96	2.193	0.2612
1.959	0.8377	0.2599
2.024	-0.3011	0.2477
1.973	2.052	0.253
2.03	2.332	0.2564
2.051	2.617	0.246
2	2.982	0.266
1.985	2.429	0.2557
1.999	2.181	0.2439
2.048	2.214	0.2355
2.072	2.737	0.2419
2.044	-0.7207	0.2285
2.033	1.883	0.2344
2.077	0.2042	0.2261
2.261	2.073	0.2169
2.273	1.926	0.2261
2.3	-0.5223	0.216
2.462	1.364	0.2153
2.109	0.5671	0.228
2.183	0.9344	0.2207
2.27	1.416	0.2234
2.313	-1.469	0.2277
2.316	-2.332	0.2238
2.092	2.97	0.2467
2.124	1.956	0.2378
2.087	0.9613	0.2497
2.182	2.747	0.2445
2.205	2.977	0.2333
2.241	-0.1712	0.2297
2.265	1.504	0.2199
2.182	1.62	0.2325
2.23	1.184	0.2311
2.215	1.313	0.2196
2.211	2.514	0.2058
2.206	3.534	0.2131
2.232	0.5982	0.2044
2.179	1.471	0.1927
2.133	-0.3462	0.1897
2.511	1.584	0.2152
2.51	1.067	0.2155
2.352	-1.514	0.2223
2.279	1.426	0.2194
2.455	-3.439	0.2144
2.265	2.158	0.2163
2.26	1.81	0.2138
2.147	1.842	0.2139
2.214	1.042	0.224
2.12	-1.551	0.1869
2.104	2.697	0.1998
2.059	2.667	0.2174
2.099	3.628	0.1997
2.082	2.594	0.2259
2.069	-2.425	0.2211
2.074	3.49	0.2224
2.119	-1.663	0.2284
2.058	3.206	0.2298
2.143	-0.1269	0.2276
2.141	-0.8568	0.2346
2.136	1.199	0.2311
2.249	0.09481	0.2148
2.205	-3.95	0.2301
2.272	-4.294	0.2362
2.351	0.2786	0.2253
2.334	-1.297	0.2328
2.354	3.173	0.2106
2.413	3.362	0.2055
2.203	4.011	0.1977
2.28	3.312	0.2078
2.234	1.922	0.198
2.113	3.901	0.202
2.214	1.955	0.2009
2.123	-0.3526	0.1854
2.147	3.214	0.1885
2.121	-0.8978	0.1833
2.147	-2.083	0.1901
2.167	-2.507	0.2174
2.115	3.111	0.2072
2.113	2.309	0.2156
2.166	0.6132	0.1883
2.131	1.314	0.2133
2.15	-1.151	0.2365
2.168	-3.521	0.2329
2.225	-1.164	0.2197
2.167	-3.023	0.2402
2.183	1.95	0.2327
2.141	2.243	0.2289
2.352	0.2093	0.1921
2.448	-0.1611	0.2033
2.24	2.657	0.2045
2.318	-0.3993	0.198
2.359	-1.353	0.1894
2.415	-5.267	0.2012
2.414	0.05013	0.1861
2.387	0.7646	0.2121
2.353	2.116	0.2074
2.111	1.34	0.2349
2.252	1.969	0.2214
2.316	-2.343	0.2172
2.25	-1.391	0.2316
2.426	-2.096	0.2188
2.496	-2.064	0.2118
2.503	0.8591	0.2081
2.442	-0.2977	0.2084
2.591	0.6575	0.2093
2.428	2.295	0.2263
2.578	0.6255	0.2171
2.457	3.404	0.2036
2.362	0.9236	0.2454
2.467	-0.3078	0.23
2.419	-4.026	0.2289
2.241	-0.4362	0.2338
2.305	0.5061	0.2239
2.543	2.127	0.2036
2.409	4.887	0.2223
2.36	3.387	0.179
2.456	0.9012	0.1849
2.542	1.58	0.2019
2.459	1.706	0.1857
2.502	-4.585	0.2118
2.426	3.188	0.2055
2.359	-1.145	0.1832
2.285	2.007	0.2216
2.443	-1.706	0.2174
2.41	0.06889	0.2107
2.333	3.124	0.2233
2.351	1.287	0.1915
2.389	1.418	0.1535
2.419	1.099	0.159
2.346	1.075	0.1673
2.336	-0.8746	0.1587
2.308	3.043	0.1603
2.382	2.553	0.1406
2.357	2.046	0.1645
2.322	1.267	0.1842
2.316	0.5723	0.1316
2.325	1.927	0.1336
2.267	2.309	0.1447
2.229	0.792	0.1544
2.519	-1.925	0.2195
2.433	-2.228	0.2285
2.154	0.4176	0.2195
2.53	-3.335	0.2132
2.514	-0.5812	0.2277
2.447	1.804	0.233
2.437	1.89	0.2454
2.233	-1.089	0.2353
2.144	-0.5254	0.2275
2.323	-3.541	0.2344
2.335	1.917	0.2292
2.306	1.234	0.2153
2.091	2.242	0.2241
2.054	3.373	0.2269
2.135	-1.102	0.2243
2.17	1.108	0.2127
2.271	2.092	0.1889
2.117	2.391	0.2035
2.061	2.631	0.23
2.21	1.804	0.1783
2.179	1.926	0.178
2.236	0.2015	0.1813
2.289	0.9769	0.2402
2.247	2.491	0.2599
2.28	2.937	0.2556
2.149	3.474	0.2484
2.11	2.452	0.2518
2.097	0.4155	0.2289
2.187	2.164	0.245
2.24	-0.429	0.1754
2.192	0.2036	0.2039
2.13	0.7305	0.2171
2.083	-0.5101	0.1949
1.955	-0.5007	0.2146
2.127	1.022	0.2597
2.071	1.176	0.2413
2.179	1.569	0.2611
2.093	0.4251	0.2405
1.876	-2.083	0.1962
1.947	-0.5192	0.204
1.722	-1.061	0.1409
1.786	-3.096	0.1637
1.759	-1.003	0.137
1.657	0.7256	0.08428
1.518	0.4175	0.05233
1.463	0.09223	0.04664
1.803	-0.9467	0.134
1.61	0.3424	0.08938
1.426	0.1107	0.03816
1.388	-0.1878	0.02381
1.175	-0.5796	-0.02511
2.16	-1.388	0.1721
2.003	-1.87	0.1598
2.255	2.546	0.1571
2.222	1.495	0.1668
2.209	-4.922	0.1659
2.229	-0.8253	0.1793
2.115	0.5288	0.158
1.74	0.2303	0.08399
1.469	-0.185	0.03523
1.875	0.5763	0.132
1.982	0.1391	0.1322
1.996	-0.0003759	0.1387
1.608	-0.02345	0.0572
1.328	-0.3763	0.0008474
2.047	-1.906	0.171
1.818	0.2716	0.1169
1.715	0.2533	0.09919
1.936	0.8941	0.1446
1.851	0.8755	0.1152
2.04	-0.96	0.1859
2.237	-4.552	0.1929
2.152	-0.7349	0.2083
2.023	0.8973	0.1924
2.09	-1.842	0.2134
2.137	-2.019	0.2272
2.222	-5.457	0.2378
2.284	1.206	0.1967
2.225	-0.6006	0.2075
2.272	-3.856	0.1603
2.312	1.383	0.1985
2.317	0.1776	0.2253
2.14	3.077	0.2291
2.16	-2.748	0.2291
2.203	1.157	0.2295
2.255	1.173	0.2369
2.302	1.122	0.2353
2.205	-0.9052	0.2277
2.196	-0.3612	0.2431
2.284	3.219	0.2281
2.217	2.503	0.2222
2.177	3.311	0.2264
2.361	0.9907	0.2202
2.322	-4.764	0.1987
2.249	2.21	0.2527
2.302	3.254	0.2372
2.365	1.083	0.2241
2.342	-2.194	0.216
2.414	1.831	0.2107
2.205	3.483	0.2418
2.233	3.103	0.2587
2.184	1.424	0.2354
2.17	2.788	0.236
2.176	-0.5777	0.238
2.157	2.552	0.2378
2.165	1.947	0.2219
2.284	2.26	0.2082
2.307	-2.71	0.1902
2.267	2.808	0.2456
2.2	2.407	0.2091
2.134	2.215	0.2018
2.206	1.148	0.1691
2.242	1.962	0.1823
2.179	1.681	0.2127
2.16	3.587	0.1796
2.178	3.302	0.1595
2.172	1.38	0.1618
2.165	2.565	0.162
2.24	1.15	0.2015
2.189	1.654	0.1814
2.174	0.879	0.2347
2.219	1.109	0.2276
2.246	1.196	0.232
2.283	1.183	0.2477
2.277	1.61	0.2392
2.19	-0.2214	0.2501
2.171	1.584	0.2438
2.199	-2.038	0.244
2.264	-1.605	0.2547
2.31	2.242	0.2554
2.288	-1.746	0.2488
2.226	2.304	0.2505
2.266	0.8237	0.2514
2.29	0.7648	0.2547
2.246	0.9556	0.2477
2.146	-3.625	0.2551
2.163	-3.517	0.2619
2.155	1.933	0.2448
2.106	-5.003	0.2484
2.063	-4.235	0.2494
2.196	3.016	0.2304
2.159	2.937	0.2222
2.236	1.624	0.2549
2.241	1.208	0.2553
2.159	2.531	0.2387
2.101	2.403	0.2262
2.101	2.181	0.2361
2.36	1.937	0.2406
2.3	-0.6317	0.2313
2.285	1.023	0.2459
2.213	0.6177	0.1949
2.303	1.384	0.2102
2.292	1.834	0.2317
2.235	-2.52	0.2494
2.145	2.379	0.2551
2.06	1.446	0.2525
2.217	0.9846	0.2562
2.217	1.431	0.2602
2.189	-0.03465	0.2663
2.044	-0.2718	0.2615
2.096	2.945	0.27
2.047	-3.207	0.2598
2.228	2.697	0.2448
2.362	1.214	0.2454
2.301	1.526	0.2619
2.261	1.626	0.2566
2.349	1.39	0.2626
2.291	1.514	0.1714
2.369	2.177	0.2041
1.616	1.177	0.08274
1.81	1.637	0.1446
2.219	0.7962	0.2208
2.356	0.7349	0.2158
2.449	-1.652	0.2336
2.406	0.5322	0.2616
2.358	1.115	0.2554
2.416	1.801	0.2543
2.456	2.234	0.2467
2.421	-1.584	0.2546
2.376	1.833	0.247
2.343	1.917	0.2517
2.341	0.9741	0.2501
2.252	-0.1058	0.222
2.178	2.607	0.1915
1.556	0.4972	0.0161
1.89	0.4204	0.1107
1.636	0.4634	0.02116
2.185	-0.4825	0.1365
2.103	-0.7894	0.1141
2.26	-4.292	0.1804
2.276	-2.55	0.2297
1.948	-0.3142	0.1327
2.339	-4.081	0.2057
2.23	0.5026	0.1812
2.027	-0.3779	0.1628
2.361	-5.638	0.2103
2.45	1.818	0.217
2.373	0.9114	0.2044
2.256	2.009	0.2344
2.232	-1.245	0.2469
2.306	0.3898	0.2123
2.281	2.25	0.2159
2.278	1.581	0.2002
2.196	-0.3507	0.2254
2.206	1.58	0.1941
2.188	2.454	0.1922
1.401	0.2662	-0.01262
1.241	-0.01507	-0.025
1.275	0.3188	-0.02276
1.378	2.058	-0.01045
1.363	1.054	0.001108
1.178	-0.5228	-0.005956
1.191	-0.3999	-0.01902
1.219	-0.5431	0.03681
1.135	-0.5823	-0.03707
1.158	-0.5272	-0.05511
1.216	-0.07482	-0.03597
1.463	1.254	0.03156
1.176	-0.2953	-0.04358
1.176	-0.3461	-0.04752
1.198	-0.4427	-0.02877
1.605	-0.5847	0.07955
1.373	0.08323	0.02562
1.764	-0.3671	0.1011
1.703	1.563	0.05538
1.949	-2.813	0.1901
1.954	-2.443	0.1864
1.867	-0.742	0.2294
2.332	-0.431	0.21
2.029	1.696	0.2058
2.067	1.643	0.1989
2.004	1.239	0.3235
2.245	2.127	0.1914
2.246	3.523	0.1948
1.289	-1.87	-0.03364
1.848	3.853	0.2398
1.904	-2.412	0.1619
1.758	-4.038	0.252
2.065	-4.633	0.2249
1.911	1.916	0.198
1.827	-2.925	0.1159
1.761	1.06	0.1627
1.99	2.007	0.1826
2.196	-1.01	0.2391
1.324	0.5874	0.03654
2.094	-1.062	0.2161
2.118	0.3008	0.2362
2.02	-0.7372	0.1748
1.851	0.04663	0.2
2.084	1.969	0.2017
2.055	1.968	0.2123
2.059	2.733	0.2279
2.058	1.747	0.1953
2.372	-0.6817	0.2004
2.246	-2.338	0.1605
2.184	2.97	0.2274
2.058	-3.236	0.166
2.06	-1.256	0.1855
0.8945	-0.0873	0.009241
2.121	-4.03	0.2682
2.045	2.031	0.2691
2.266	-0.5172	0.3036
1.66	-0.4849	0.2635
1.846	-0.1015	0.2659
2.108	-3.471	0.2342
1.765	-0.4323	0.02334
1.985	-1.974	0.1737
2.021	-0.6801	0.2006
1.998	-4.606	0.1946
1.743	2.787	0.1638
1.76	0.9979	0.2456
1.767	3.365	0.1813
1.891	3.658	0.2315
1.822	-2.41	0.2423
2.021	2.986	0.2456
1.971	-4.604	0.1909
1.944	-0.1381	0.179
2.031	0.9887	0.1988
2.012	2.279	0.2007
1.93	-3.889	0.1935
1.849	-3.444	0.1498
1.816	0.3339	0.1727
1.879	3.306	0.1504
1.906	2.59	0.2508
1.985	-0.03113	0.2002
1.858	-1.648	0.1232
1.752	-1.568	0.02607
1.578	-1.677	0.08374
1.585	1.992	0.0197
2.052	2.108	0.2429
2.079	2.687	0.23
2.016	-0.3551	0.1361
1.462	0.3803	0.05647
1.975	-1.837	0.1419
1.813	1.691	0.144
1.235	0.2134	-0.005326
2.161	1.486	0.2403
2.034	-3.306	0.1509
2.074	2.207	0.2207
2.073	3.168	0.2415
2.042	2.803	0.2389
2.171	-1.512	0.2104
2.129	1.721	0.233
2.179	1.573	0.1971
2.34	-0.6173	0.1933
2.121	2.053	0.198
1.903	3.612	0.1733
1.893	2.061	0.1683
2.053	-3.942	0.1953
2.347	-1.131	0.2013
1.887	1.185	0.1804
1.859	-1.89	0.1762
1.907	2.471	0.2071
2.108	-0.9154	0.235
2.094	-2.831	0.2183
1.875	2.676	0.2119
2.226	-1.16	0.1908
1.882	1.01	0.1996
1.919	-2.156	0.2317
2.005	2.742	0.2233
2.074	2.424	0.198
2.33	2.029	0.1653
1.821	-2.207	0.2169
1.932	1.806	0.1994
2.067	2.34	0.2017
1.981	-2.968	0.2163
2.197	3	0.1958
2.187	-2.311	0.1378
2.298	-0.4984	0.178
2.229	-0.4325	0.2146
2.144	1.751	0.1943
2.168	5.764	0.1126
2.151	-1.981	0.1477
2.214	3.072	0.1605
2.221	-0.2353	0.2089
2.276	1.649	0.2232
2.214	-0.4263	0.1954
2.175	1.281	0.2038
2.198	2.023	0.2109
2.124	1.461	0.2359
2.224	-0.7287	0.2051
2.152	-1.108	0.2214
2.084	0.6578	0.1924
1.67	-1.024	0.08789
1.484	0.1493	0.09364
1.189	0.1895	0.03594
2.141	-1.81	0.1896
1.965	-0.231	0.1842
1.574	-1.106	0.1124
1.937	-0.9256	0.1725
1.514	1.551	0.06845
2.122	2.082	0.2254
2.027	-4.405	0.2469
2.313	1.05	0.2064
2.152	3.236	0.2307
2.106	2.282	0.2303
2.262	2.203	0.302
2.056	-4.077	0.253
2.019	0.397	0.2557
2.48	3.828	0.2929
2.166	2.553	0.298
2.031	2.709	0.2707
2.246	3.811	0.3383
1.813	-0.002592	0.2584
1.838	2.25	0.2771
1.935	1.474	0.2534
1.952	2.139	0.2552
1.707	0.8231	0.247
1.92	0.1342	0.2785
1.839	1.23	0.2882
1.782	0.1856	0.2842
1.654	0.6124	0.2656
1.756	1.512	0.2707
1.975	0.6601	0.25
1.739	-0.5563	0.09125
1.903	-0.1631	0.1599
1.927	0.1612	0.2342
2.154	2.518	0.3154
1.494	0.8927	-0.02742
2.143	-0.07043	0.17
1.925	-3.51	0.1699
2.268	1.733	0.2302
2.386	-1.024	0.2817
0.8761	0.3652	-0.03208
0.7215	-0.1339	-0.01703
1.101	0.5823	-0.007865
1.975	-5.243	0.1829
2.005	-4.092	0.1812
1.964	-3.428	0.1895
1.96	-2.385	0.1658
1.957	-1.557	0.1788
2.005	-2.334	0.1782
2.05	-2.371	0.1917
2.07	-1.885	0.2185
2.059	-5.61	0.2053
1.792	2.422	0.1536
1.738	3.498	0.17
1.832	2.229	0.1677
1.776	-3.133	0.2
1.813	4.702	0.2418
1.734	-3.281	0.2018
1.729	-2.584	0.206
1.739	-1.96	0.2507
1.747	-1.601	0.2153
1.973	-0.6649	0.2199
2.045	-0.6175	0.2373
1.896	1.388	0.1923
1.82	3.607	0.2098
1.796	-0.1091	0.2265
1.983	3.649	0.2422
2.042	-0.8911	0.2439
1.793	-5.283	0.2473
1.867	2.427	0.2354
1.932	3.035	0.2398
1.855	-0.8722	0.2365
1.939	1.295	0.2374
1.96	-3.24	0.187
1.969	-3.517	0.1815
1.95	-4.966	0.1971
1.946	-4.471	0.198
1.969	-2.913	0.1894
1.955	-0.8974	0.1715
1.907	-2.393	0.1618
1.935	3.493	0.1978
1.962	2.723	0.199
1.929	0.6657	0.2014
2.042	1.023	0.1999
2.025	-0.1966	0.2006
2.007	-0.5007	0.2023
1.958	2.07	0.1967
1.903	-3.197	0.1607
1.884	-0.7239	0.1583
1.899	-1.959	0.1653
1.868	-3.812	0.1529
1.94	-0.5439	0.1864
1.898	-0.6196	0.1664
1.84	-3.135	0.136
1.779	2.833	0.1502
1.815	2.359	0.1468
1.795	2.414	0.1486
1.777	2.295	0.1681
1.816	-3.973	0.2061
1.85	-3.672	0.2166
1.88	2.576	0.2488
1.837	2.387	0.1255
1.851	2.154	0.1733
1.878	-2.151	0.2113
1.924	1.106	0.1729
1.939	2.68	0.2304
1.981	2.116	0.1767
1.819	-2.988	0.1075
2.019	0.8659	0.2069
2.01	-0.7402	0.1996
1.975	-1.021	0.1885
1.926	0.5845	0.1864
1.862	1.639	0.1588
1.834	2.175	0.08975
1.884	4.609	0.09311
1.813	-0.8115	0.09425
1.779	-2.874	0.07769
1.802	0.6291	0.1163
1.691	-0.5075	0.00463
1.896	4.128	0.09782
1.686	-2.122	0.1269
1.658	-1.663	0.05427
1.515	-2.766	-0.007572
1.389	0.1179	-0.01198
1.367	-1.523	-0.0225
2.032	2.524	0.2223
2.004	2.338	0.2289
2.133	3.729	0.2516
2.17	1.869	0.2389
2.085	3.566	0.2457
1.987	3.147	0.2266
1.923	2.126	0.1987
2.172	-0.1471	0.1955
2.005	-0.3988	0.1349
2.146	-2.321	0.1974
1.861	0.8258	0.0871
1.7	1.256	0.05061
1.918	2.223	0.08577
1.823	-0.06822	0.09063
1.288	0.2269	0.05032
1.707	-1.013	0.09071
1.977	2.095	0.1936
1.81	-0.2118	0.1654
2.074	1.351	0.1987
1.897	0.1577	0.1455
1.59	-0.5423	0.08195
1.656	3.922	0.1203
1.262	0.2146	0.01941
1.561	0.8197	0.06889
1.516	2.83	0.04783
1.256	-0.6753	-0.03945
2.017	-1.606	0.1386
1.802	1.135	0.09258
2.183	2.115	0.2436
2.183	-1.923	0.2029
2.161	0.2437	0.2026
2.125	1.816	0.2363
2.136	0.6275	0.2107
2.085	2.498	0.241
2.145	2.32	0.2499
2.047	2.617	0.2135
2.055	1.137	0.2309
2.072	1.753	0.2295
2.092	-1.247	0.2185
2.068	2.34	0.2287
2.094	2.908	0.2471
2.069	3.206	0.2411
2.125	3.076	0.2505
2.062	2.16	0.2415
2.058	1.95	0.2282
2.039	2.38	0.2339
2.082	2.809	0.2418
2.128	1.573	0.2139
2.067	1.971	0.2264
2.143	0.6049	0.2236
2.282	-2.475	0.2101
2.251	-1.826	0.2224
2.291	1.741	0.2017
2.343	-2.668	0.1994
2.155	0.509	0.2079
2.187	-1.08	0.2038
2.249	2.528	0.1945
2.111	0.7973	0.1878
2.208	0.9202	0.1872
2.118	2.593	0.2099
2.144	1.944	0.2107
2.077	2.511	0.2035
2.059	2.437	0.1957
1.906	3.917	0.1897
2.043	-0.1227	0.1853
1.969	1.691	0.1722
2.158	2.039	0.1994
1.976	-0.443	0.1837
1.888	1.447	0.185
1.893	2.543	0.1692
1.897	3.252	0.1659
1.919	-0.08719	0.1831
1.932	0.4337	0.1782
1.939	-0.3899	0.1802
2.349	-0.09825	0.1952
2.345	-0.8873	0.2022
2.066	0.8773	0.1843
2.24	1.26	0.1898
2.278	-0.2576	0.199
2.086	2.148	0.1998
2.298	1.188	0.2014
1.857	1.595	0.1687
1.944	2.065	0.1728
1.942	-1.818	0.1852
1.883	3.11	0.1732
1.83	3.048	0.1713
1.82	4.181	0.1841
1.835	2.847	0.1863
1.98	-1.697	0.1928
1.977	2.445	0.2024
1.951	-1.251	0.184
1.875	2.12	0.1872
1.871	1.625	0.2089
1.969	1.12	0.2202
2.036	2.345	0.206
1.954	-1.231	0.2272
1.943	-2.599	0.2285
2.056	-4.34	0.2286
2.197	2.144	0.2125
2.185	-0.002834	0.2098
2.183	3.819	0.2107
2.257	3.969	0.1893
1.892	3.191	0.2083
2.055	3.028	0.2285
2.11	1.974	0.2094
1.963	3.052	0.2137
2.148	2.557	0.2042
1.875	1.31	0.1894
1.831	4.193	0.1886
1.943	-1.364	0.1913
1.979	-2.846	0.2001
2.01	-2.012	0.217
1.859	1.992	0.2158
1.922	1.255	0.2235
1.834	2.374	0.1981
1.895	0.4276	0.2188
1.998	-4.852	0.232
2.002	-1.211	0.2362
2.044	2.624	0.2231
2.017	-1.561	0.2429
2.034	2.902	0.2388
1.916	-1.741	0.2251
2.281	-1.432	0.1756
2.298	4.018	0.1782
2.152	2.351	0.2048
2.23	-0.5735	0.19
2.279	-4.547	0.1742
2.103	2.549	0.1915
2.209	-2.739	0.1725
1.919	-1.464	0.2029
1.983	-3.41	0.2078
1.76	-3.313	0.2207
1.828	0.2982	0.2093
1.877	-6.257	0.204
1.988	-0.2344	0.2238
2.032	-0.5156	0.2087
1.98	-1.441	0.2008
2.031	1.402	0.1958
1.917	-4.136	0.205
2.008	2.185	0.2011
2.081	1.556	0.2102
2.124	2.378	0.1967
2.096	3.804	0.1945
2.028	2.937	0.2233
2.072	2.733	0.2057
2.072	-3.185	0.1977
2.012	-0.692	0.2035
2.102	-1.279	0.1952
2.347	4.071	0.1665
2.26	2.518	0.1878
2.098	1.254	0.1715
2.218	-4.801	0.1528
2.351	3.439	0.1531
2.276	3.725	0.1405
2.314	-2.252	0.166
2.16	2.999	0.2012
2.091	1.59	0.1931
2.131	-0.1624	0.1991
2.225	2.757	0.2059
2.246	2.407	0.2111
2.311	3.419	0.2205
2.233	3.259	0.1942
2.176	0.7835	0.122
2.218	2.318	0.1265
2.104	0.7818	0.1658
2.127	1.072	0.1499
2.194	2.494	0.141
2.206	3.576	0.1269
2.203	2.974	0.1569
2.262	1.528	0.1583
2.163	0.4467	0.1226
2.214	2.03	0.1428
2.205	2.485	0.169
2.245	2.658	0.1778
2.34	0.7965	0.2077
2.299	0.964	0.2178
2.201	2.095	0.2014
2.335	0.2876	0.2022
2.318	-1.758	0.2133
2.214	1.129	0.2188
2.234	2.506	0.2242
2.113	-0.2049	0.2035
2.119	0.3815	0.1971
2.172	-5.088	0.2026
2.178	-0.6415	0.1955
2.188	1.712	0.1911
2.162	2.427	0.2123
2.143	2.718	0.22
2.19	-0.6612	0.2
2.215	-2.078	0.1962
2.172	1.875	0.1853
2.141	2.038	0.2079
2.142	2.917	0.225
2.171	1.732	0.1885
2.21	3.157	0.1936
2.249	0.1334	0.1998
2.217	2.216	0.2314
2.176	2.737	0.2309
2.187	3.02	0.2343
2.117	3.154	0.2401
2.109	0.9582	0.2385
2.168	1.079	0.2223
2.156	2.233	0.2288
2.236	-0.4376	0.2049
2.236	0.225	0.2092
2.198	0.5217	0.2102
2.144	-2.594	0.1947
2.105	-1.402	0.1986
2.116	0.6793	0.2272
2.121	-0.7703	0.2168
2.133	1.308	0.2292
2.113	0.5397	0.2109
2.011	-3.355	0.1732
2.068	-1.795	0.1717
1.805	-0.138	0.1276
1.946	-2.22	0.1391
1.928	-1.343	0.1104
1.741	1.399	0.06407
1.558	0.5901	0.04603
1.594	1.187	0.03841
1.83	-0.2825	0.1326
1.566	-0.6396	0.08367
1.358	0.4111	0.05022
1.213	0.3823	0.04923
0.8425	-0.1997	0.01728
2.161	-0.04463	0.1983
2.04	-2.455	0.1722
2.204	0.8331	0.1914
2.194	-2.637	0.2011
2.101	-2.141	0.198
2.077	-0.1231	0.1927
1.959	0.4175	0.1852
1.62	-0.5812	0.1044
1.301	0.5661	0.054
1.774	-0.488	0.1443
1.811	-0.8445	0.1534
1.846	-1.251	0.1582
1.482	0.8144	0.07795
1.15	0.2629	0.02503
2.091	-1.295	0.1851
1.754	-0.2504	0.1373
1.795	-0.05711	0.1256
1.906	-0.0603	0.1714
1.843	0.8083	0.1348
1.977	-1.017	0.2064
1.996	-4.189	0.2164
2.216	-3.534	0.2105
2.063	1.866	0.2057
2.039	-1.826	0.2287
2.054	-3.08	0.2383
2.104	-5.866	0.2638
2.148	0.6128	0.1898
2.215	0.7742	0.2005
2.149	-2.944	0.1724
2.217	-0.1296	0.1789
2.366	-0.7159	0.2059
2.131	2.613	0.2332
2.071	-3.151	0.2352
2.259	-1.258	0.2262
2.316	0.01125	0.2309
2.354	2.329	0.2282
2.109	0.3443	0.2227
2.183	-0.5025	0.2584
2.237	0.8815	0.2234
2.136	2.775	0.2056
2.067	3.081	0.2045
2.066	-4.1	0.2586
2.033	-6.067	0.2215
2.248	2.173	0.2941
2.156	3.14	0.2786
2.183	1.704	0.2797
2.226	-2.58	0.3066
2.196	-0.3461	0.2736
2.342	4.354	0.2629
2.357	3.865	0.2899
2.006	1.944	0.2186
2.121	3.324	0.2376
2.301	1.976	0.2745
2.132	3.441	0.2706
2.279	2.496	0.2813
2.25	2.051	0.313
2.213	-3.34	0.3161
2.38	3.058	0.3132
2.304	2.315	0.3014
2.123	2.761	0.2769
2.194	-1.418	0.3206
2.275	2.516	0.3253
2.013	2.422	0.2601
2.118	3.267	0.2836
2.123	3.226	0.3144
2.011	2.986	0.2977
2.085	2.587	0.3303
1.939	2.479	0.2722
1.927	2.837	0.2947
1.918	1.633	0.2604
1.922	1.838	0.2575
1.831	1.123	0.2678
1.8	-3.514	0.2628
1.742	0.6935	0.2732
1.962	0.6101	0.2565
1.929	1.199	0.2648
1.95	-1.127	0.2304
1.961	-0.8678	0.2403
2.041	1.542	0.2435
1.916	2.006	0.2555
1.794	0.8057	0.2595
1.895	-0.4328	0.2561
1.994	-2.608	0.2541
2.033	2.581	0.2482
1.756	-4.22	0.2484
1.658	-2.402	0.2527
1.923	-1.886	0.2405
1.748	2.541	0.2319
1.775	-3.247	0.2336
1.862	4.105	0.2613
1.825	2.293	0.264
1.911	0.9916	0.2812
1.817	0.5949	0.2837
1.876	0.5514	0.2844
1.807	2.648	0.2716
1.795	3.173	0.274
1.773	1.413	0.2582
1.663	-4.721	0.2722
1.741	-0.893	0.2658
1.984	1.259	0.3082
1.76	1.887	0.2889
1.679	0.5052	0.2777
1.608	-1.895	0.2652
1.811	0.3291	0.2816
1.781	1.031	0.271
1.765	-0.0003961	0.2762
1.704	-0.6807	0.2665
1.601	-5.301	0.2582
1.785	0.1016	0.2615
1.702	1.338	0.2578
1.784	-3.455	0.2498
1.931	2.719	0.2667
2.018	1.131	0.2276
1.967	1.714	0.2576
1.961	0.4499	0.2727
1.952	1.436	0.2597
1.893	-1.9	0.1168
2.062	1.691	0.1704
1.43	0.2259	0.01854
1.646	1.86	0.06799
1.853	-0.61	0.1337
1.907	-4.557	0.1615
1.946	1.572	0.1821
1.958	1.949	0.2189
1.926	1.941	0.2424
1.992	2.482	0.1965
1.909	-1.653	0.1984
2.061	1.762	0.2413
1.889	0.9675	0.2641
2.187	1.174	0.2721
2.017	1.271	0.2722
2.009	1.727	0.3019
2.048	1.391	0.3266
1.297	0.05349	-0.02768
1.674	-0.1324	0.03794
1.583	2.896	-0.0279
2.113	-3.66	0.09314
1.888	-1.313	0.05556
1.938	-2.956	0.1359
2.091	-4.822	0.214
1.872	-2.824	0.1127
1.967	-4.226	0.2088
2.117	1.659	0.1622
1.95	-3.01	0.1794
1.989	-7.33	0.2254
2.083	-0.9748	0.2473
2.323	2.888	0.2627
2.304	1.481	0.2353
2.252	-4.636	0.2594
2.29	0.2145	0.2033
2.42	2.53	0.251
2.36	3.646	0.2979
2.297	3.202	0.3092
2.355	3.351	0.3289
2.252	3.098	0.336
1.141	0.7099	-0.04635
0.9038	0.2653	-0.01119
1.027	1.361	-0.02951
1.224	2.655	-0.0365
1.178	1.049	-0.04067
0.8025	-0.1929	0.02476
0.8031	0.04104	0.005768
1.244	0.1813	0.04232
0.6961	-0.2909	0.00491
0.7322	-0.1853	-0.01627
0.9354	0.3217	-0.03523
1.397	2.079	-0.004712
0.7649	0.002046	-0.02552
0.7881	-0.06573	-0.02671
0.897	0.003689	-0.007043
1.567	1.653	0.06855
1.281	0.9638	0.03162
1.736	0.6663	0.1065
