1.781	2.084	0.1357
1.813	1.125	0.1879
1.853	-2.068	0.1614
2.122	3.324	0.2477
2.058	-2.901	0.2037
1.834	-1.326	0.2246
1.936	0.3141	0.2356
2.296	2.887	0.1923
1.932	1.921	0.1241
1.903	4.083	0.1397
1.38	-1.391	-0.08928
2.073	-1.383	0.2725
1.985	-2.781	0.1817
2.006	-2.268	0.2328
2.017	-4.256	0.2094
1.942	-2.319	0.1841
1.86	-1.991	0.1347
1.8	0.4601	0.1473
2.061	0.08862	0.1656
1.877	-0.1434	0.227
1.533	0.4161	0.04625
1.983	0.8011	0.232
1.785	1.391	0.1931
2.047	-0.18	0.1833
1.876	-0.3669	0.1298
2.176	-1.304	0.1625
1.996	0.7127	0.1728
2.206	3.575	0.2634
2.034	3.54	0.2179
1.907	2.277	0.1814
1.953	-4.645	0.1179
1.923	2.411	0.1812
1.937	-2.649	0.164
1.939	0.9774	0.1916
1.247	-0.5013	0.06468
1.895	-2.853	0.2246
1.917	2.425	0.2249
2.151	-2.619	0.1736
2.124	-2.259	0.2947
2.385	1.884	0.2952
2.043	-4.239	0.1787
1.507	-1.686	0.06788
1.936	-2.957	0.1592
2.054	-1.528	0.1963
1.886	-5.573	0.1632
1.941	1.949	0.2175
2.056	-1.537	0.2623
1.974	3.681	0.1876
2.094	3.098	0.2006
2.065	-1.039	0.2323
2.059	0.4125	0.2407
1.875	-1.035	0.1696
1.887	-1.079	0.1596
1.887	-0.3745	0.2191
1.916	2.952	0.1841
1.903	-3.869	0.1741
1.909	-2.613	0.1737
1.949	2.147	0.2298
1.949	2.638	0.1778
2.202	1.875	0.2655
1.849	0.3114	0.2019
1.83	-2.577	0.1067
1.901	3.809	0.004675
1.652	0.3085	0.03286
1.849	3.037	-0.03455
1.842	0.8075	0.2321
1.867	2.763	0.2028
1.782	-0.4876	0.1574
1.569	0.1993	0.1288
1.803	0.5272	0.16
1.813	2.241	0.1179
1.372	0.8631	-0.07642
1.815	0.7449	0.2125
1.791	-2.232	0.1753
1.844	3.022	0.2407
1.894	2.441	0.2437
1.86	3.612	0.2151
2.104	-2.285	0.2104
1.87	1.804	0.2008
2.047	-0.2582	0.2106
2.183	-0.7543	0.2051
1.905	-0.3113	0.2246
1.922	4.189	0.1806
1.865	3.824	0.1691
2.238	3.087	0.1761
2.073	0.1674	0.1899
1.826	1.897	0.1477
1.879	-3.032	0.1519
1.997	3.174	0.1802
1.935	-0.553	0.1471
2.016	-4.243	0.1683
1.898	2.719	0.1425
1.968	2.594	0.1569
1.832	-1.819	0.1489
1.925	1.841	0.1955
2.07	2.432	0.2414
2.042	0.1765	0.2101
1.915	2.688	0.1408
2.327	-4.169	0.2697
2.231	1.952	0.2408
2.104	2.334	0.242
1.976	-4.739	0.2576
1.916	-4.574	0.2282
1.936	-2.712	0.1121
1.894	-2.858	0.1398
1.884	-1.095	0.217
2.011	2.364	0.1987
1.953	3.85	0.104
1.931	-3.563	0.1264
1.958	3.275	0.1072
1.992	-2.2	0.1581
1.959	-0.513	0.1973
2.001	3.453	0.1601
1.997	-0.1706	0.1303
1.923	1.667	0.1409
1.856	3.054	0.1957
1.91	2.214	0.1377
2.005	-0.04644	0.1837
2	0.2307	0.1863
1.839	-0.8811	0.1426
1.719	1.364	0.1062
1.338	-0.5551	0.09182
1.917	-4.479	0.1571
1.851	-3.034	0.1561
1.718	0.3058	0.118
1.803	0.7007	0.1811
1.637	0.2405	0.1245
1.846	1.343	0.2112
1.838	-4.666	0.2033
1.979	-1.994	0.1983
1.838	3.843	0.2175
1.917	2.713	0.233
2.013	2.755	0.2098
2.052	-6.226	0.222
1.966	-1.541	0.2666
1.958	3.258	0.2465
2.079	0.4796	0.1818
2.091	0.9846	0.1917
2.276	4.217	0.1662
2.103	-1.192	0.2144
2.246	1.36	0.2202
2.102	-1.041	0.2636
2.231	-1.203	0.2852
2.26	0.7392	0.2786
2.415	0.4601	0.2745
2.483	1.838	0.2922
2.471	-0.2675	0.2611
2.128	-0.3177	0.2962
2.282	2.113	0.2961
2.486	3.106	0.249
1.6	1.212	0.06574
2.273	-1.348	0.1798
2.373	2.083	0.2578
2.274	2.911	0.2103
1.315	0.5604	-0.04609
2.106	-1.736	0.1338
1.91	-2.474	0.1777
2.218	2.467	0.1786
2.121	2.561	0.1699
1.157	-0.05717	-0.03302
1.113	-0.6214	0.01937
1.223	-0.2756	0.07198
1.881	-5.206	0.1608
1.92	-3.759	0.1596
1.86	-3.303	0.1594
1.978	-1.648	0.1667
2.023	-2.396	0.1868
1.997	-2.357	0.1716
1.996	-3.119	0.1752
2.065	-0.1258	0.2041
1.952	-6.08	0.1862
1.954	2.542	0.197
1.955	3.068	0.2083
1.997	-0.2791	0.1916
1.984	-0.684	0.2427
2.074	-1.471	0.2706
1.966	-0.5097	0.2346
1.95	0.1186	0.217
2.016	-3.869	0.2462
1.951	3.013	0.1966
2.1	0.5213	0.1974
2.108	-1.311	0.2158
2.064	1.788	0.1891
2.031	3.093	0.1864
1.981	2.616	0.1827
2.095	2.886	0.2148
2.036	-3.574	0.22
2.031	-3.714	0.2172
2.042	1.625	0.1971
2.054	3.442	0.2229
2.11	1.422	0.2457
2.084	2.907	0.2427
1.86	-2.116	0.1637
1.891	-3.599	0.1602
1.917	-4.064	0.1778
1.919	-4.68	0.1746
1.893	-3.019	0.1655
1.909	-1.72	0.156
1.937	-2.502	0.1605
1.944	3.088	0.2023
1.942	3.399	0.1932
1.932	-1.167	0.182
1.851	0.1526	0.2275
1.885	-3.006	0.2158
1.921	-1.033	0.2077
1.907	1.924	0.1799
1.823	-2.716	0.1439
1.829	-1.747	0.145
1.888	-0.9964	0.1543
1.943	-2.598	0.1781
1.892	-1.415	0.1646
1.858	-0.6601	0.1474
1.88	-2.128	0.1607
1.927	2.875	0.2022
1.903	3.089	0.2118
1.913	3.362	0.2113
1.942	2.645	0.227
1.988	-1.295	0.2577
2.008	-2.35	0.2619
2.138	1.007	0.2764
1.898	2.905	0.1738
1.965	1.528	0.2184
2.024	-2.593	0.22
2.011	-1.935	0.1548
2.145	1.986	0.2285
1.816	-2.154	0.1447
1.851	-1.412	0.1068
1.829	0.6896	0.2135
1.91	-0.1013	0.1952
1.887	2.597	0.1643
1.845	0.1484	0.1756
1.825	-3.177	0.1279
1.921	3.749	0.07336
1.937	3.474	0.0579
1.908	4.102	0.1019
1.843	-0.418	0.06431
1.811	-2.459	0.09541
1.923	4.476	-0.03862
1.962	2.12	0.06401
1.793	0.5582	0.1005
1.812	-1.21	0.003348
1.605	0.3136	-0.08214
1.435	-2.283	-0.09827
1.475	-3.145	-0.08359
1.809	1.191	0.2274
1.807	1.925	0.2191
1.887	3.133	0.2352
1.882	0.8194	0.2175
1.875	3.735	0.2231
1.818	2.75	0.2042
1.814	-0.7132	0.1808
1.803	-0.8638	0.1911
1.788	-2.106	0.1583
1.85	-0.009203	0.1899
1.777	2.029	0.1468
1.697	-0.3069	0.144
1.772	1.572	0.1384
1.769	0.9901	0.1355
1.47	0.06297	0.09636
1.753	0.5725	0.1225
1.843	2.388	0.1712
1.802	-1.71	0.14
1.855	-0.4024	0.1943
1.813	-0.6976	0.1455
1.678	0.6325	0.0852
1.78	0.734	0.0803
1.344	0.3437	-0.01964
1.624	0.6594	0.03341
1.585	1.561	-0.0379
1.379	1.317	-0.1073
1.778	-1.174	0.1628
1.785	1.512	0.149
1.856	1.012	0.2144
1.787	-3.051	0.2023
1.779	-0.4472	0.1954
1.792	1.381	0.2004
1.795	2.015	0.1886
1.89	2.894	0.2425
1.885	2.813	0.2344
1.817	-0.4613	0.2349
1.831	1.501	0.2402
1.909	0.4476	0.2455
1.924	-1.687	0.2381
1.93	1.158	0.2387
1.831	2.833	0.2151
1.803	2.339	0.204
1.859	2.408	0.2279
1.884	3.176	0.232
1.938	1.918	0.2306
1.85	3.046	0.2053
1.799	3.187	0.1979
2.002	-1.119	0.221
1.961	1.345	0.2149
1.964	-0.08825	0.2034
2.025	-1.555	0.2076
1.984	1.715	0.1986
2.145	1.24	0.2122
2.083	1.205	0.2032
2.021	2.577	0.2263
2.127	-1.685	0.2194
2.144	3.046	0.2056
2.084	-3.125	0.1925
2.149	1.251	0.1938
1.867	3.073	0.2358
1.936	2.209	0.2325
1.83	2.711	0.2344
1.883	2.774	0.2256
1.929	3.264	0.2054
1.959	2.132	0.1941
1.979	1.956	0.183
1.953	1.556	0.2185
1.926	2.946	0.197
1.926	2.571	0.1807
1.895	0.04687	0.177
1.931	3.33	0.1779
1.895	-1.757	0.1753
1.861	2.858	0.1673
1.848	0.6444	0.1652
2.088	0.8585	0.1953
2.074	0.5522	0.2007
2.109	-1.77	0.1802
2.172	2.896	0.1905
2.175	1.394	0.1867
2.203	1.906	0.1799
2.108	1.627	0.1853
1.863	3.811	0.1615
1.948	3.302	0.1713
1.846	-1.25	0.1578
1.85	3.388	0.1598
1.863	-0.2361	0.1392
1.828	3.659	0.1335
1.896	3.363	0.1542
1.954	-2.301	0.1684
2.149	1.884	0.1767
1.955	-3.497	0.1578
1.913	3.746	0.1658
1.932	-0.552	0.1577
2.042	-1.084	0.1819
2.084	2.741	0.1812
1.911	-0.6921	0.1355
1.972	-4.026	0.1617
1.989	-5.174	0.1556
1.922	0.3375	0.1504
1.933	-0.6449	0.1468
1.93	0.8633	0.1445
1.923	4.882	0.1412
1.85	3.453	0.126
1.89	3.199	0.1352
1.946	1.094	0.1508
1.946	4.176	0.1585
2.012	2.676	0.1646
1.806	0.4352	0.1388
1.817	3.475	0.1275
1.839	-1.734	0.1522
1.859	-2.031	0.1613
1.885	0.1271	0.1879
1.921	3.981	0.156
1.953	2.604	0.1683
1.851	2.754	0.1317
1.897	3.036	0.1703
1.917	-0.2886	0.2123
1.958	-3.854	0.2171
1.991	0.6875	0.1989
1.975	-3.34	0.2324
2.036	0.8633	0.2429
2.11	1.678	0.2513
1.949	-1.57	0.1455
1.914	3.298	0.1364
2.018	3.078	0.2017
1.983	-1.034	0.185
1.957	-2.817	0.1698
2.089	-4.663	0.2115
1.985	1.067	0.1731
2.205	1.161	0.2348
2.058	2.417	0.2137
2.155	2.589	0.2565
2.255	0.6122	0.2565
2.347	2.912	0.259
2.398	-1.502	0.2702
2.304	1.37	0.2594
2.124	0.7746	0.2329
2.095	-1.617	0.2255
2.114	1.773	0.2227
2.194	2.867	0.2447
2.092	1.953	0.251
1.976	-0.818	0.2329
1.953	3.021	0.2242
2.033	-0.3602	0.2643
2.001	-1.878	0.2501
1.955	-5.068	0.2409
1.954	-0.5065	0.2456
1.92	-1.792	0.2318
1.889	3.494	0.1252
1.892	2.826	0.1401
2.077	0.9932	0.1528
1.95	1.78	0.1315
1.885	3.222	0.1189
1.894	2.48	0.1165
1.919	-4.413	0.131
1.92	-2.276	0.2165
2.013	2.145	0.2099
1.901	-1.049	0.2262
1.893	-2.951	0.2221
1.885	-0.7388	0.2048
1.888	4.038	0.2075
1.91	3.418	0.1931
1.925	-0.6206	0.1039
1.925	0.6348	0.1114
2.05	-1.381	0.16
1.997	0.4352	0.1366
1.926	3.16	0.1441
1.968	0.5348	0.1043
1.958	0.5928	0.1089
1.91	1.71	0.1655
1.965	1.647	0.09868
1.977	0.8457	0.1058
1.948	2.504	0.1209
1.933	-0.6736	0.1125
2.038	-2.598	0.19
1.985	-0.5852	0.1982
2.097	0.8255	0.157
2.029	-3.958	0.1809
1.987	-0.1685	0.1827
1.954	1.536	0.1722
1.921	1.125	0.192
2.01	1.241	0.1661
2.079	3.171	0.1585
1.972	-4.693	0.1484
1.972	1.085	0.1512
1.98	1.072	0.1501
2.01	-0.2127	0.1553
1.953	1.389	0.1559
2.065	-4.84	0.1476
2.026	-3.056	0.1398
1.976	2.811	0.1325
1.939	2.228	0.1333
1.943	2.588	0.1556
1.948	1.677	0.1172
1.93	2.644	0.1147
1.932	0.403	0.1318
1.881	1.625	0.2027
1.901	3.49	0.1913
1.853	2.792	0.2004
1.811	3.603	0.1975
1.808	1.533	0.1949
1.939	-0.09041	0.168
1.964	2.516	0.182
1.93	2.136	0.1349
1.919	1.666	0.139
1.928	-2.145	0.1662
1.908	-0.8044	0.1624
2.038	0.7647	0.1715
1.864	1.551	0.19
1.804	0.5165	0.1855
1.947	2.085	0.1925
2.037	-0.3024	0.188
2.103	-2.067	0.178
1.836	-0.5122	0.1792
1.981	-1.075	0.1578
2.007	-0.2809	0.1649
1.834	-0.2758	0.1516
1.793	1.127	0.135
1.794	-1.111	0.1222
1.684	-1.311	0.1385
1.844	0.346	0.1362
1.828	-0.6938	0.1241
1.548	-0.01072	0.08607
1.419	-0.05698	0.07951
1.186	-0.6472	0.06463
1.883	-2.771	0.152
1.84	-2.72	0.149
1.933	0.5133	0.1343
1.912	-1.945	0.1445
1.9	-4.844	0.1652
1.919	-0.273	0.186
1.871	0.4385	0.162
1.67	1.174	0.1086
1.47	0.08063	0.08663
1.793	-2.169	0.139
1.812	0.94	0.1355
1.837	-1.241	0.1443
1.603	0.1789	0.1086
1.351	-0.304	0.08408
1.916	-1.468	0.1877
1.802	-1.884	0.1453
1.735	-0.7313	0.1522
1.784	2.551	0.1813
1.785	2.396	0.1702
1.784	1.524	0.1951
1.822	-1.67	0.1959
1.945	0.521	0.2096
1.846	1.266	0.1998
1.796	0.3865	0.2063
1.815	-2.028	0.2148
1.853	-3.856	0.2107
1.938	1.243	0.189
1.98	-1.342	0.2012
1.923	-4.155	0.1389
1.935	1.347	0.1874
1.956	-0.9979	0.1927
1.837	2.669	0.2154
1.838	-1.093	0.2208
1.937	1.228	0.2156
1.919	1.861	0.2137
1.906	3.182	0.212
1.859	0.9043	0.221
1.935	-0.04256	0.2388
1.868	1.929	0.2163
1.879	3.622	0.2203
1.915	3.892	0.231
1.959	1.671	0.2078
1.929	-2.09	0.2017
1.967	1.363	0.2153
1.937	2.513	0.208
2.056	-1.091	0.2128
2.119	-3.88	0.1998
2.172	-4.24	0.2065
1.973	3.913	0.2477
1.971	2.629	0.2413
1.954	0.5356	0.2467
1.959	2.636	0.2491
1.953	1.218	0.2522
1.939	3.498	0.2616
1.902	2.683	0.2291
2.046	2.585	0.1977
2.142	-3.535	0.1802
1.979	0.8932	0.2116
1.955	4.657	0.1876
1.912	3.965	0.1956
2.246	1.41	0.1702
2.163	0.2112	0.1605
1.984	3.022	0.2025
2.192	3.37	0.1829
2.298	1.959	0.1798
2.236	2.252	0.1953
2.281	5.034	0.179
2.166	1.75	0.1969
2.252	3.601	0.1868
1.966	0.6147	0.2075
2.044	3.498	0.2013
2.162	0.6493	0.2179
2.186	1.154	0.2763
2.156	2.084	0.2824
1.993	-1.155	0.2661
1.971	2.834	0.2477
1.973	-2.222	0.262
2.014	-3.178	0.2673
2.152	1.779	0.2737
2.179	-1.612	0.2663
2.174	0.3505	0.2834
2.048	-2.835	0.2417
2.236	2.515	0.2695
2.334	-1.135	0.2782
2.133	-4.662	0.28
2.118	-4.077	0.2856
2.317	-0.3284	0.2769
2.376	1.788	0.2731
2.203	-4.098	0.2637
2.259	2.134	0.2735
2.239	1.569	0.2716
2.532	1.854	0.2802
2.443	1.209	0.2984
2.458	-1.423	0.282
2.314	0.5629	0.2677
2.299	1.051	0.2559
2.417	2.571	0.2957
2.427	-1.569	0.2916
2.182	-0.852	0.2953
2.333	-0.8109	0.1991
2.269	2.212	0.2417
2.117	3.21	0.284
2.096	0.8673	0.2949
2.392	-1.119	0.297
2.213	0.275	0.263
2.343	2.397	0.3048
2.208	-1.951	0.3006
2.143	-3.551	0.2913
2.173	-1.804	0.2761
2.253	2.438	0.2908
2.161	-4.62	0.2711
2.284	2.153	0.2736
2.154	2.975	0.2183
2.284	1.153	0.264
2.391	1.586	0.2742
2.549	2.352	0.2729
2.044	0.7706	0.07919
2.128	2.967	0.1551
1.331	-1.399	-0.04227
1.675	0.7447	0.01475
1.826	0.5301	0.142
2.05	-3.387	0.1547
2.107	-0.3697	0.2109
2.538	1.185	0.2728
2.397	-2.935	0.2868
2.373	-2.389	0.2159
2.231	1.504	0.2409
2.238	-2.105	0.2165
2.394	2.242	0.2715
2.156	-1.81	0.1911
2.454	2.101	0.2284
2.398	-1.804	0.2313
2.328	1.943	0.1958
1.305	-0.5495	-0.06999
1.424	0.1879	0.006203
1.37	2.575	-0.02594
1.818	-0.4522	0.08811
1.696	-0.5136	0.04115
1.945	-1.895	0.1136
2.03	-1.865	0.1661
1.726	-1.88	0.1311
2.135	-1.234	0.175
1.979	-0.965	0.1423
1.856	-0.1898	0.1884
2.061	-4.877	0.2136
2.199	-2.804	0.2131
2.185	0.716	0.1801
2.141	1.135	0.1611
2.081	1.745	0.1799
2.201	1.896	0.1558
2.193	2.512	0.1596
2.128	3.834	0.1638
2.125	-0.436	0.1903
2.148	2.092	0.1551
2.169	3.768	0.1993
1.289	-0.4609	-0.07618
1.217	0.006876	-0.02235
1.211	0.7268	-0.06422
1.238	2.409	-0.05344
1.226	0.6447	-0.0168
1.258	-0.5302	0.06493
1.216	-0.4271	0.02136
1.37	-0.3593	0.1106
1.128	-0.7117	0.0489
1.133	-0.6466	0.0369
1.143	-0.2922	0.01227
1.377	0.1617	0.07477
1.127	-0.5558	-0.002545
1.124	-0.53	0.02558
1.187	-0.5311	0.05774
1.609	-0.8101	0.1251
1.412	0.109	0.1084
1.761	0.7517	0.1533
1.393	0.3396	0.09237
1.989	-1.656	0.1915
1.652	-2.661	0.1591
1.83	1.791	0.2111
1.997	1.959	0.2085
1.865	0.5174	0.2328
2.258	1.319	0.2236
2.135	0.5017	0.1964
2.017	2.29	0.1335
2.109	-1.001	0.1468
1.142	-2.306	-0.05096
1.882	1.369	0.281
2.066	-1.791	0.1912
1.692	-4.225	0.2666
1.929	-3.961	0.1975
1.74	0.3779	0.1757
2.029	-2.219	0.1596
1.795	1.988	0.173
1.963	2.617	0.1839
1.895	1.367	0.2119
1.269	0.9283	0.05687
1.963	0.3723	0.2302
1.931	-0.1704	0.2088
1.814	-0.6447	0.1823
1.79	-0.1671	0.1554
1.869	-2.934	0.186
1.961	1.152	0.1765
2.286	1.412	0.2349
1.849	2.245	0.2021
2.281	3.213	0.2222
2.101	-2.575	0.1109
1.796	3.114	0.1999
2.058	-1.327	0.1535
2.118	1.319	0.1956
0.9592	0.1768	0.09014
1.989	-2.936	0.2157
2.027	2.37	0.221
2.588	-3.144	0.181
1.991	-3.56	0.2813
2.019	-0.09808	0.287
1.957	-3.321	0.223
1.554	-3.182	0.01926
1.793	-2.507	0.1546
2.05	-1.585	0.1956
1.752	-5.166	0.1548
2.066	2.275	0.2412
1.799	1.634	0.2845
2.134	2.709	0.2204
2.13	1.826	0.2097
1.77	-3.41	0.2189
2.037	2.226	0.2144
1.617	-4.924	0.1666
1.689	-0.5278	0.1575
1.918	1.409	0.2091
1.91	2.205	0.1891
1.709	-4.07	0.1679
2.037	-2.751	0.1964
2.052	1.994	0.256
2.127	4.098	0.217
1.913	2.669	0.2734
1.85	0.0131	0.2194
1.758	-1.631	0.1268
1.927	-1.765	0.04033
1.617	-1.097	0.086
1.434	1.389	-0.006393
1.893	2.48	0.2346
1.916	2.937	0.2074
1.738	0.6672	0.1406
0.9974	0.281	0.06908
1.729	-2.345	0.1266
1.794	0.9279	0.1268
1.1	-0.08606	0.01178
1.882	-0.9121	0.2127
1.842	-3.503	0.1614
1.929	2.513	0.2375
1.903	2.574	0.235
1.909	2.438	0.2274
1.965	2.091	0.2169
1.954	2.649	0.215
2.031	1.99	0.2084
1.966	-1.05	0.2054
2	2.634	0.2114
1.83	3.834	0.1805
1.658	1.54	0.1677
1.767	-2.279	0.1949
1.996	2.629	0.1882
1.681	1.666	0.1544
1.629	-0.9	0.1679
1.672	0.9395	0.1762
2.127	2.218	0.168
2.131	-4.403	0.1733
1.937	2.613	0.1391
1.965	-3.221	0.1293
1.835	-1.737	0.1481
1.903	-1.672	0.1936
1.92	2.808	0.2152
2.039	0.274	0.2001
1.916	0.5602	0.1415
2.217	0.04947	0.2283
2.346	1.816	0.2148
2.225	2.988	0.2186
1.925	-5.134	0.2132
1.971	-3.707	0.2058
1.704	-4.463	0.1093
2.142	-3.986	0.1466
2.165	-1.394	0.2364
1.893	-0.6229	0.1835
1.966	4.881	0.1221
2.16	-2.659	0.1689
2.059	3.663	0.1058
1.851	-0.5406	0.1955
1.966	-0.2316	0.2044
1.972	1.469	0.1612
1.904	2.09	0.1665
2.133	2.027	0.1623
1.885	1.279	0.2033
2.022	-2.295	0.1601
1.929	-0.3257	0.1885
1.871	-0.9194	0.1795
1.489	-1.122	0.1297
1.424	0.2493	0.1273
1.037	0.3206	0.08918
1.959	-4.779	0.1886
1.805	-1.094	0.1756
1.631	0.1866	0.1348
1.762	0.3525	0.1564
1.438	0.7369	0.1051
2.035	2.462	0.2016
2.039	-3.061	0.186
2.253	0.4596	0.2424
2.226	3.142	0.2395
2.302	2.886	0.2519
2.235	2.531	0.1808
2.203	-4.079	0.1778
2.011	-0.2009	0.2669
2.137	2.133	0.2469
2.391	-1.152	0.1811
2.194	3.295	0.2127
2.096	4.689	0.1663
1.869	-1.638	0.2676
2.01	0.9238	0.2996
1.727	1.936	0.257
1.906	1.715	0.2605
2.113	3.022	0.2826
1.998	-0.5361	0.2912
2.157	-1.316	0.3039
2.058	3.158	0.3196
2.065	2.438	0.2869
2.108	3.017	0.3048
2.039	-0.1157	0.2495
1.376	-0.3225	0.06127
1.662	1.773	0.1671
1.977	2.028	0.2686
1.996	0.3788	0.218
1.203	0.7765	-0.05034
1.942	-3.144	0.1343
2.019	-4.642	0.1934
2.206	2.083	0.163
2.02	1.523	0.2033
0.7972	0.3038	-0.001447
0.6391	-0.3304	0.04391
1.08	0.2875	0.06121
1.697	-4.777	0.1547
1.775	-3.64	0.1562
1.678	-3.203	0.1552
1.928	-2.735	0.1656
2.077	-2.966	0.1928
1.914	-2.47	0.1695
1.873	-2.171	0.1735
2.001	-1.838	0.1991
1.844	-5.345	0.1749
2.169	3.726	0.2219
2.117	2.524	0.2278
2.191	3.887	0.2125
1.937	-1.552	0.2587
1.862	2.612	0.2833
1.89	-2.56	0.2551
1.877	-2.139	0.2472
1.723	-1.957	0.2814
1.87	-0.6733	0.2266
2.165	-0.8165	0.2086
2.115	-2.596	0.2132
2.177	2.267	0.2078
2.145	2.914	0.2099
1.873	-0.1683	0.213
2.102	3.32	0.2132
2.043	0.7933	0.2175
1.72	-4.083	0.2425
1.925	0.8571	0.205
1.913	2.38	0.2079
1.815	1.34	0.2106
1.855	3.294	0.2076
1.634	-2.712	0.1621
1.664	-3.012	0.1553
1.649	-4.22	0.1691
1.663	-3.834	0.1673
1.636	-2.844	0.1602
1.776	-0.7203	0.1545
1.91	-2.556	0.1635
1.87	3.774	0.1866
1.88	2.364	0.1847
1.739	-0.5116	0.1735
1.872	1.171	0.2239
1.885	-0.5626	0.2181
1.916	-1.17	0.2042
1.818	0.6383	0.1814
1.746	-1.79	0.1469
1.774	-1.112	0.1492
1.852	-1.76	0.1612
2.016	-3.17	0.1918
1.659	-0.2938	0.163
1.786	-0.8121	0.1575
2.036	-2.917	0.1941
2.156	3.317	0.2346
2.178	4.023	0.2437
2.16	3.797	0.2434
2.08	2.246	0.2511
1.941	-1.381	0.2689
1.947	-1.564	0.2687
1.899	2.01	0.2813
2.18	3.604	0.2036
2.088	3.176	0.2499
1.975	-0.4213	0.2447
2.053	2.607	0.2041
1.929	2.365	0.2455
1.859	1.888	0.1567
1.949	-3.109	0.1353
1.86	-0.3369	0.2294
1.876	-2.91	0.216
1.875	-1.378	0.1923
1.843	1.041	0.204
1.776	1.404	0.1605
2.155	2.66	0.115
2.109	4.089	0.07434
2.092	0.22	0.1206
1.906	-2.502	0.08407
1.737	0.817	0.1197
1.816	-0.9569	7.155e-05
1.984	4.128	0.06028
1.742	-1.815	0.1351
1.618	-1.525	0.05743
1.456	-3.274	-0.01477
1.266	-1.617	-0.02333
1.224	-1.929	-0.05005
1.872	2.898	0.2357
1.867	2.924	0.2303
1.911	4.022	0.23
1.905	-0.5462	0.212
1.919	4.174	0.2245
1.879	3.907	0.2204
1.857	1.898	0.1972
1.844	-2.622	0.189
1.733	0.5374	0.1305
1.861	1.494	0.1807
1.52	-0.1226	0.1122
1.363	0.2642	0.08059
1.481	-0.5079	0.09688
1.555	-1.395	0.08731
0.9489	0.2467	0.0599
1.464	-0.9447	0.09356
1.887	2.291	0.1774
1.82	-0.1198	0.1652
1.878	-0.2944	0.1729
1.747	0.8331	0.128
1.406	-1.609	0.09093
1.75	2.742	0.1117
1.195	1.098	0.04582
1.472	-1.182	0.08837
1.456	1.362	0.0342
1.121	0.6085	-0.02872
1.789	-0.6771	0.151
1.556	0.4662	0.1219
1.88	1.177	0.2141
1.858	-1.622	0.1956
1.875	0.1588	0.1976
1.907	2.217	0.2124
1.892	-0.7106	0.1958
1.913	3.421	0.2378
1.903	2.754	0.2258
1.882	2.68	0.2365
1.907	1.895	0.2419
1.927	1.094	0.2412
1.96	2.378	0.2375
1.924	2.396	0.2356
1.902	2.183	0.2247
1.924	3.255	0.2184
1.896	3.236	0.2254
1.899	2.696	0.233
1.914	1.254	0.2296
1.935	1.218	0.2204
1.939	3.414	0.2144
1.963	2.313	0.2227
1.927	2.092	0.2262
1.954	0.4928	0.2193
1.982	-1.422	0.2125
1.981	2.436	0.2115
1.971	1.609	0.2101
1.988	-2.468	0.2083
2.01	-0.1181	0.2207
1.997	-0.8081	0.2149
1.985	3.151	0.2041
1.91	-0.07144	0.19
1.894	-0.8873	0.1971
1.958	1.894	0.2227
1.998	0.3219	0.2214
1.902	2.924	0.226
1.951	2.996	0.2104
1.895	2.336	0.1913
1.988	2.421	0.1897
1.85	-0.0686	0.184
2.022	3.137	0.2093
1.991	2.868	0.1943
1.794	3.151	0.1788
1.741	3.076	0.1737
1.734	3.203	0.1761
1.699	-1.196	0.1708
1.652	-1.156	0.1675
1.63	1.044	0.1609
1.989	0.8088	0.2029
1.999	0.8106	0.1979
1.789	-3.178	0.1893
1.898	2.986	0.1993
1.954	0.3352	0.198
1.884	2.423	0.1899
1.962	2.506	0.1831
1.639	3.662	0.1671
1.699	1.303	0.1764
1.657	-1.899	0.1557
1.639	3.24	0.1581
1.648	2.676	0.1577
1.705	3.625	0.1535
1.666	3.479	0.1607
1.699	-1.431	0.1826
1.723	3.029	0.1788
1.693	-2.002	0.182
1.633	-2.62	0.1719
1.738	-0.3553	0.1626
1.777	2.985	0.1774
1.823	1.552	0.1744
1.892	-2.129	0.1515
1.831	-4.115	0.1694
2.09	-0.3498	0.1721
2.19	-3.099	0.1636
2.271	2.646	0.1819
2.132	1.733	0.1328
2.042	2.402	0.1299
1.894	2.79	0.1469
2.039	1.834	0.1393
1.973	2.755	0.1434
1.907	4.161	0.1612
1.952	3.481	0.1741
1.761	0.962	0.1473
1.816	3.148	0.1507
1.711	-1.268	0.1527
1.798	-2.608	0.1541
1.846	-2.848	0.1712
1.886	1.232	0.1682
1.91	-0.3976	0.177
1.887	0.928	0.144
1.869	-2.654	0.1699
1.907	-5.017	0.2021
2.005	-1.277	0.2122
2.029	2.885	0.1985
2.001	-3.091	0.2157
2.014	2.163	0.2113
1.855	2.153	0.2107
1.983	-1.171	0.1334
2.003	3.018	0.1373
2.053	1.994	0.194
2.007	-0.3662	0.1659
1.895	-0.8319	0.1687
1.886	-2.729	0.2078
1.848	-3.06	0.1595
2.064	2.994	0.2065
2.114	0.7674	0.1955
1.92	-4.299	0.2167
1.943	-2.341	0.2172
2.266	-1.392	0.2194
2.46	1.052	0.2416
2.513	-1.966	0.2268
2.077	0.3187	0.2231
1.987	-3.173	0.2029
2.126	2.208	0.2164
2.338	2.622	0.2276
2.389	0.4171	0.229
2.045	0.3874	0.2065
1.884	3.356	0.2026
1.972	2.142	0.2289
2.145	1.241	0.2235
1.997	-0.9973	0.2072
2.212	1.531	0.2211
2.101	-3.019	0.2125
1.94	2.986	0.1361
2.111	-2.661	0.1516
1.792	1.461	0.1591
1.743	-3.223	0.1291
1.828	3.393	0.1269
1.817	2.97	0.1096
2.147	-4.505	0.1313
1.915	2.701	0.1999
1.849	2.452	0.1905
2.149	-1.832	0.2323
2.025	-3.235	0.224
2.003	2.642	0.2107
2.226	0.6908	0.2299
2.026	2.222	0.1771
1.751	-2.364	0.1083
2.005	2.096	0.1097
1.79	2.485	0.1617
1.861	1.254	0.1565
2.101	2.985	0.1686
2.067	3.726	0.1108
2.057	2.966	0.1062
2.24	0.8049	0.2038
2.108	-0.1982	0.1293
2.051	1.775	0.1211
1.999	-1.022	0.1454
2.045	1.582	0.1192
2	1.767	0.1957
1.991	2.833	0.2029
1.908	1.162	0.185
1.98	1.575	0.1881
1.931	0.6218	0.1988
1.815	2.392	0.2005
1.847	2.573	0.2018
2.088	1.33	0.1707
1.892	1.481	0.1784
2.396	-3.013	0.1579
2.366	-2.478	0.1529
2.11	-4.073	0.1365
1.819	2.157	0.1944
1.815	1.887	0.1929
1.856	-2.002	0.184
1.898	-1.865	0.1635
2.026	1.427	0.1298
2.067	2.4	0.1606
1.884	2.757	0.1895
2.044	3.08	0.1236
2.089	1.847	0.1247
2.091	-2.264	0.1344
1.953	1.441	0.21
1.827	3.346	0.2015
1.893	3.44	0.2052
1.922	3.558	0.2096
1.915	1.446	0.2065
1.926	-0.3138	0.1875
1.827	2.101	0.1954
1.98	1.458	0.1442
2.157	1.448	0.1632
2.154	-1.805	0.1803
2.035	-1.003	0.1548
2.078	-2.634	0.177
1.892	0.3031	0.1951
1.903	0.6974	0.1928
1.847	0.1495	0.1977
1.9	0.9242	0.1841
1.948	-3.167	0.1667
1.857	-3.243	0.1707
1.687	-0.6787	0.1419
1.787	-1.939	0.1527
1.749	-0.06533	0.1388
1.516	-0.2743	0.1102
1.399	1.033	0.1018
1.333	0.7991	0.08794
1.727	0.461	0.1326
1.474	0.2346	0.1279
1.327	1.071	0.1011
1.234	1.37	0.1057
0.8335	-0.05071	0.08849
1.928	-4.649	0.1617
1.894	-3.2	0.1653
1.968	-0.8681	0.1496
1.919	-2.007	0.1576
1.889	-3.386	0.187
2.053	1.397	0.2073
1.893	0.7632	0.1879
1.542	0.1528	0.1314
1.364	1.695	0.1097
1.685	1.428	0.1477
1.744	0.5	0.1552
1.944	-1.135	0.1636
1.535	1.644	0.1142
1.168	0.4892	0.09077
2.009	0.9475	0.1715
1.81	-1.186	0.1453
1.669	0.05112	0.1365
1.76	3.12	0.1634
1.735	1.667	0.1637
1.815	0.2563	0.1734
2.063	-2.074	0.1907
2.156	-0.7647	0.2059
1.906	1.66	0.1801
1.839	-0.5991	0.1881
1.919	-2.239	0.2056
1.935	-4.599	0.1971
2.156	1.928	0.2249
2.199	-1.365	0.2313
2.049	-3.816	0.1811
2.243	1.896	0.233
2.285	1.226	0.2401
2.137	2.628	0.2283
2.017	-2.622	0.2246
2.211	-0.7364	0.2298
2.256	0.2045	0.244
2.312	2.368	0.2448
2.177	-1.035	0.2319
2.14	-0.4196	0.2453
2.405	3.3	0.2401
2.389	0.07888	0.231
2.371	2.741	0.2296
2.14	-4.956	0.181
2.156	-7.29	0.2093
2.082	0.8553	0.2144
2.104	0.1449	0.1724
2.289	-1.392	0.1588
2.589	-5.187	0.1615
2.36	1.826	0.1634
2.178	3.603	0.2598
2.111	2.816	0.2384
2.283	2.825	0.2376
2.229	0.08355	0.2608
2.101	2.198	0.2703
1.977	3.136	0.2437
2.113	-0.7766	0.2279
2.305	4.815	0.1899
2.647	-5.905	0.1906
2.16	-0.2641	0.2181
2.227	3.108	0.1959
2.208	2.137	0.1978
2.246	3.885	0.1731
2.272	0.4333	0.1803
2.136	-1.55	0.2117
2.208	1.337	0.1846
2.181	0.713	0.1845
2.209	3.471	0.2021
2.135	3.783	0.1791
2.144	3.661	0.2296
2.153	3.783	0.232
1.932	2.782	0.2168
2.061	4.584	0.2201
1.978	0.3194	0.2884
1.935	-0.2914	0.2967
1.983	2.166	0.3108
1.851	-1.504	0.2525
1.846	1.938	0.23
1.921	-3.699	0.2397
1.813	-1.029	0.2422
1.839	3.702	0.2452
1.853	-0.06026	0.2803
1.967	0.5506	0.2753
1.781	-2.602	0.2629
1.746	1.538	0.2615
1.924	1.666	0.2483
2.164	0.5095	0.2741
2.191	-0.8719	0.2904
2.282	2.287	0.2618
2.231	2.138	0.2587
1.838	-4.616	0.2405
1.902	2.654	0.2822
1.879	2.335	0.2874
2.15	2.661	0.2904
2.168	1.169	0.3044
2.181	-0.9279	0.3
1.921	2.978	0.2911
1.9	2.145	0.2951
2.107	3.169	0.3226
1.977	-1.896	0.3347
1.998	-2.45	0.2884
2.077	-1.974	0.282
2.011	0.7508	0.3273
1.97	1.289	0.3284
2.062	1.437	0.2886
2.145	1.924	0.3094
1.834	2.345	0.2899
2.218	1.61	0.3103
2.212	2.257	0.3068
2.219	-0.4337	0.3049
1.818	1.189	0.2887
2.12	2.605	0.3002
1.808	-4.183	0.2691
1.931	1.649	0.2823
1.994	2.418	0.2217
1.954	0.7763	0.2735
2.105	1.921	0.2787
2.006	1.235	0.2782
1.629	2.346	0.06429
1.973	2.359	0.166
1.198	-0.4422	-0.02047
1.313	2.61	0.02306
1.506	0.167	0.1395
1.627	-0.8316	0.1798
1.747	1.376	0.2097
1.964	1.779	0.2613
2.03	-0.3647	0.2879
1.949	2.492	0.2004
1.845	1.167	0.2234
2.012	0.671	0.2598
2.102	1.018	0.3035
1.998	-0.9416	0.2322
2.035	-1.891	0.28
1.984	2.025	0.2829
2.087	2.41	0.2257
1.119	0.0961	-0.0589
1.299	0.2281	0.00971
1.277	3.072	-0.03693
1.853	0.2931	0.05762
1.478	-0.7596	0.02233
1.607	-2.818	0.1152
1.938	-3.313	0.1854
1.99	-3.48	0.1284
2.188	-6.682	0.1878
2.041	-0.7461	0.1489
2.025	-4.306	0.2176
2.185	-7.251	0.2161
2.204	-1.924	0.1698
2.246	4.695	0.1769
2.016	2.241	0.1986
1.991	-1.403	0.2072
2.14	-1.115	0.1523
2.139	3.392	0.1909
2.212	4.464	0.1797
1.992	1.781	0.2064
2.057	4.836	0.1687
2.029	3.546	0.1877
1.026	0.465	-0.05111
0.8188	0.147	0.01613
0.9736	2.125	-0.009873
1.037	2.881	-0.03753
1.011	0.9771	-0.008777
0.6322	-0.3151	0.05011
0.6687	-0.2159	0.03345
0.9261	0.06999	0.07469
0.6308	-0.3386	0.06355
0.7283	-0.2916	0.06697
0.8423	0.03968	0.02481
1.309	0.8034	0.03814
0.6995	-0.1283	0.02562
0.7495	-0.2148	0.04642
0.9119	-0.03639	0.07229
1.498	0.2834	0.1044
1.221	0.577	0.09014
1.735	0.0632	0.1424
