1.937	0.3913	0.1229
2.014	-0.2009	0.2024
2.32	-2.64	0.1792
2.2	1.885	0.2252
2.289	-2.467	0.1952
2.118	-0.7675	0.2504
2.269	0.0585	0.2113
2.34	0.1581	0.2629
2.295	0.1095	0.1589
2.236	3.329	0.1766
1.553	-1.035	-0.1115
2.214	2.141	0.2271
2.179	-3.093	0.1834
2.131	-5.192	0.2114
2.21	-4.645	0.2245
2.163	-0.4293	0.2135
2.087	-1.841	0.1524
2.057	0.03901	0.1355
2.196	1.905	0.221
2.157	-1.066	0.2047
1.602	0.5066	-0.05145
2.235	-2.865	0.2122
2.269	1.791	0.1932
2.244	0.7463	0.2185
2.133	0.7089	0.1781
2.319	-0.5469	0.2014
2.362	3.131	0.221
2.342	3.187	0.2307
2.246	-3.69	0.2143
2.183	-0.002119	0.1989
2.36	-3.399	0.1702
2.252	3.547	0.1991
2.053	-4.572	0.1761
2.106	-0.07639	0.1878
1.293	-0.3732	0.03858
2.024	-3.163	0.2499
2.325	1.504	0.2668
2.257	-1.881	0.2429
2.319	0.7411	0.2505
2.518	1.282	0.2316
2.493	-2.062	0.2224
1.754	-1.076	0.008922
2.321	-1.658	0.1558
2.206	-1.817	0.2005
2.366	-4.649	0.1676
2.199	2.735	0.2056
2.187	0.2167	0.2159
2.16	4.523	0.2004
2.134	3.462	0.2167
2.123	-1.309	0.2168
2.227	2.285	0.2363
2.266	-2.279	0.1975
2.208	0.2368	0.1713
2.157	-1.28	0.2278
2.192	1.98	0.2047
2.158	-3.076	0.1935
2.129	-3.5	0.1744
2.21	2.99	0.2192
2.173	3.772	0.1919
2.233	-1.4	0.2593
2.134	-0.01071	0.234
2.072	-1.709	0.1099
2.126	3.969	0.008112
1.869	-0.5487	-0.004631
2.205	3.53	-0.01527
2.026	4.241	0.2516
2.048	2.454	0.2118
1.972	-0.3122	0.1547
1.46	-0.298	0.03354
1.903	-0.7829	0.1193
1.971	2.457	0.1068
1.529	0.5971	-0.1064
2.223	1.254	0.2027
2.222	-2.767	0.1835
2.076	3.159	0.239
2.137	3.328	0.2147
2.202	2.896	0.1992
2.309	1.359	0.1964
2.263	0.5733	0.1935
2.307	1.732	0.2058
2.341	-2.288	0.2081
2.18	1.057	0.2165
2.17	3.858	0.2112
2.198	0.8448	0.2035
2.313	2.462	0.2143
2.318	-1.015	0.2113
2.275	1.197	0.1764
2.174	-1.517	0.2052
2.155	1.865	0.2052
2.168	-0.9558	0.1941
2.223	-3.505	0.2184
2.204	-1.585	0.1756
2.305	0.2115	0.1765
2.278	1.593	0.1791
2.233	0.8516	0.2458
2.39	2.926	0.2328
2.45	0.8093	0.216
2.311	2.413	0.1643
2.241	-3.096	0.2394
2.412	0.2647	0.2249
2.346	3.472	0.2277
2.307	-3.933	0.2273
2.274	-2.199	0.2272
2.302	-1.743	0.1487
2.293	-2.793	0.1756
2.21	2.386	0.2218
2.142	3.479	0.2041
2.22	5.02	0.1301
2.201	-3.51	0.1479
2.363	3.179	0.1494
2.316	-0.2519	0.2084
2.279	1.457	0.2046
2.319	2.856	0.2021
2.344	-3.159	0.1883
2.329	1.497	0.179
2.253	3.002	0.2024
2.264	1.476	0.185
2.278	-0.3943	0.1953
2.236	-0.3061	0.1997
1.957	-0.3524	0.1456
1.746	0.6702	0.1152
1.318	-0.4629	0.05177
2.164	-4.742	0.1838
2.018	-3.366	0.1825
1.807	-1.329	0.1295
1.969	-0.5536	0.181
1.666	0.8209	0.1045
2.135	1.641	0.2115
2.014	-4.744	0.2539
2.213	-2.248	0.2063
2.151	3.687	0.2138
2.149	1.952	0.2244
2.076	2.15	0.2719
2.147	-5.367	0.2892
2.296	-1.108	0.261
2.248	2.931	0.2761
2.366	1.717	0.244
2.28	2.937	0.2456
2.436	4.362	0.2272
2.176	-1.383	0.2617
2.278	2.685	0.2515
2.303	1.225	0.2615
2.261	1.444	0.2568
2.218	2.759	0.2392
2.378	1.606	0.2302
2.422	-1.27	0.2269
2.373	-2.002	0.2612
2.429	-2.092	0.2381
2.3	2.625	0.2347
2.347	1.266	0.2501
1.891	0.5709	0.06174
2.256	1.983	0.2014
2.511	2.12	0.2492
2.346	1.216	0.2703
1.538	1.22	-0.08104
2.347	-1.24	0.14
2.036	-1.917	0.1531
2.212	3.931	0.2075
2.377	1.948	0.225
1.292	0.2523	-0.1352
1.204	-0.3872	-0.06921
1.305	-0.1107	0.0009546
2.34	-4.611	0.1673
2.353	-3.857	0.156
2.341	-3.686	0.1713
2.254	-1.899	0.1593
2.196	-2.593	0.1906
2.269	-3.047	0.1628
2.28	-3.489	0.169
2.208	-1.499	0.2131
2.283	-5.504	0.1875
2.171	1.919	0.201
2.176	4.053	0.2018
2.173	1.724	0.2038
2.21	0.9715	0.2186
2.212	1.935	0.2216
2.183	-0.7029	0.2104
2.148	-0.9885	0.2022
2.149	-4.362	0.2117
2.121	0.543	0.1972
2.172	-1.882	0.2204
2.168	-2.174	0.23
2.175	0.7618	0.2103
2.137	3.259	0.2063
2.104	2.049	0.1987
2.155	2.513	0.2267
2.194	-2.006	0.2453
2.108	-2.563	0.2134
2.105	2.398	0.2058
2.148	2.966	0.2155
2.167	0.4237	0.2218
2.225	3.005	0.2243
2.308	-2.089	0.1866
2.307	-3.623	0.1714
2.207	-3.867	0.2103
2.185	-4.419	0.2
2.253	-3.011	0.184
2.279	0.01271	0.1601
2.203	-2.619	0.1579
2.148	3.7	0.216
2.171	2.701	0.2128
2.163	-0.6027	0.2067
2.148	-1.154	0.2414
2.184	-3.147	0.2369
2.199	-0.09375	0.2262
2.165	0.8253	0.1983
2.079	-2.894	0.1489
2.094	-1.81	0.1505
2.155	-0.8604	0.1594
2.155	-3.813	0.1789
2.17	-0.9684	0.1822
2.125	-0.1941	0.1578
2.1	-2.117	0.1681
2.169	2.886	0.2017
2.141	3.533	0.2049
2.156	3.228	0.2045
2.214	2.805	0.2112
2.219	0.7465	0.2297
2.216	0.5934	0.2424
2.225	2.157	0.2354
2.125	3.587	0.1824
2.2	3.169	0.2189
2.209	0.1886	0.2421
2.201	-0.4089	0.2134
2.211	0.7766	0.2603
2.081	-2.512	0.1499
2.084	-0.9677	0.1199
2.118	-0.4929	0.2492
2.204	-2.422	0.2179
2.151	1.049	0.1703
2.135	0.56	0.1926
2.08	-2.138	0.1132
2.147	5.397	0.116
2.158	4.076	0.09763
2.132	4.327	0.1259
2.084	0.1721	0.06468
2.069	-2.511	0.06489
2.152	4.337	-0.02354
2.182	1.774	0.09917
2.039	0.9809	0.07875
2.074	0.1861	-0.002769
1.883	0.5983	-0.06926
1.653	-1.772	-0.1031
1.691	-2.204	-0.09695
2.069	1	0.2582
2.032	1.621	0.2549
2.089	3.05	0.226
2.108	0.7824	0.2126
2.039	4.223	0.2377
2.02	3.404	0.2381
2.011	2.333	0.1961
2.083	-1.011	0.1842
1.956	-0.7029	0.1349
2.075	-0.2731	0.1772
1.967	0.2458	0.1356
1.683	0.083	0.08853
1.864	-0.03757	0.1047
1.795	0.1351	0.06965
1.368	-0.3035	-0.02213
1.762	0.8016	0.04661
2.011	2.584	0.1674
2.001	2.105	0.1427
2.049	-1.635	0.1725
1.916	-0.2208	0.1103
1.782	-0.966	0.03321
1.968	2.109	0.07132
1.521	0.7182	-0.0884
1.78	0.09515	0.01468
1.731	0.9327	-0.04554
1.504	2.109	-0.1433
2.135	-0.7942	0.1702
2.027	-0.5906	0.1558
2.198	1.539	0.2037
2.207	0.3094	0.1927
2.252	0.001381	0.195
2.251	1.289	0.1978
2.271	0.7498	0.1935
2.091	3.424	0.2275
2.149	2.154	0.2129
2.083	2.047	0.2491
2.053	3.058	0.2492
2.106	-1.069	0.2284
2.135	0.4724	0.2259
2.15	2.168	0.2154
2.208	2.922	0.2015
2.245	2.439	0.1943
2.182	2.856	0.2066
2.166	3.145	0.2063
2.193	2.361	0.2051
2.243	3.09	0.1927
2.264	2.641	0.1925
2.254	-0.9414	0.2024
2.235	1.233	0.197
2.256	2.138	0.1926
2.285	-0.6945	0.1932
2.28	-2.011	0.1952
2.315	1.556	0.1976
2.3	-1.079	0.199
2.274	-0.681	0.2081
2.345	1.858	0.2014
2.351	-2.264	0.2048
2.289	-0.588	0.2102
2.33	1.951	0.2132
2.112	3.022	0.226
2.199	2.596	0.2171
2.105	1.839	0.2359
2.136	3.078	0.2228
2.149	3.042	0.2153
2.217	-2.489	0.2104
2.217	3.384	0.2129
2.231	1.755	0.2102
2.177	-0.2317	0.2124
2.166	2.206	0.2135
2.186	0.8616	0.2097
2.187	4.844	0.2154
2.198	-3.275	0.2097
2.22	0.68	0.2005
2.278	0.2183	0.1894
2.306	-1.139	0.2082
2.303	-1.776	0.2032
2.246	2.572	0.2213
2.354	-2.957	0.2165
2.312	1.775	0.2132
2.238	-2.223	0.2057
2.303	2.75	0.2133
2.197	0.2854	0.2045
2.191	3.506	0.2205
2.31	-1.859	0.1787
2.236	2.55	0.1887
2.18	3.147	0.1917
2.202	1.423	0.1732
2.151	1.749	0.1956
2.197	-1.005	0.2012
2.215	3.766	0.1969
2.19	-3.599	0.2146
2.167	2.579	0.2033
2.133	0.2021	0.2028
2.162	-0.3011	0.2132
2.225	1.736	0.2039
2.137	-0.08628	0.1844
2.143	-4.035	0.2086
2.193	-4.642	0.2121
2.209	0.3177	0.1877
2.229	-0.7857	0.1984
2.223	3.629	0.1766
2.256	4.235	0.1702
2.146	4.979	0.1697
2.166	3.791	0.1739
2.243	1.745	0.1799
2.239	3.029	0.2085
2.339	1.211	0.2058
2.296	0.7657	0.1683
2.204	3.44	0.1669
2.335	-1.247	0.171
2.345	-3.068	0.1774
2.264	-0.8994	0.209
2.228	2.145	0.2168
2.273	2.119	0.2335
2.205	2.066	0.1723
2.231	0.5557	0.2188
2.211	-2.904	0.2445
2.291	-3.544	0.248
2.427	-1.111	0.2339
2.231	-3.664	0.2518
2.313	1.884	0.2377
2.273	2.977	0.2261
2.309	-3.444	0.1707
2.269	4.053	0.1647
2.414	3.14	0.2156
2.373	3.177	0.2027
2.371	3.268	0.1886
2.374	-4.815	0.2127
2.369	3.859	0.1924
2.45	1.044	0.2256
2.509	2.203	0.2232
2.213	0.06618	0.2322
2.371	2.814	0.2286
2.339	0.4168	0.2321
2.316	-2.877	0.2388
2.375	1.469	0.2308
2.411	0.3781	0.2275
2.326	-1.465	0.2284
2.459	2.825	0.2236
2.398	0.5968	0.2273
2.332	3.179	0.2259
2.313	-0.2663	0.2255
2.24	-1.61	0.2286
2.324	0.7355	0.2292
2.317	-0.7734	0.2239
2.296	-3.969	0.2209
2.283	-1.504	0.2181
2.264	0.003844	0.2158
2.303	3.95	0.1589
2.243	1.835	0.1764
2.23	2.15	0.1926
2.337	-2.434	0.1576
2.317	3.411	0.1572
2.301	2.24	0.153
2.339	-3.531	0.1744
2.189	-4.853	0.227
2.177	0.2312	0.2127
2.246	2.395	0.2131
2.228	1.16	0.2263
2.181	-1.726	0.2224
2.163	3.323	0.2175
2.127	3.297	0.1986
2.239	0.5455	0.1393
2.3	1.379	0.1426
2.215	1.759	0.1808
2.198	1.172	0.1641
2.167	3.275	0.1558
2.308	1.196	0.1341
2.362	1.681	0.1585
2.195	2.268	0.1721
2.224	0.2751	0.1295
2.307	2.12	0.1332
2.268	1.751	0.1493
2.32	-0.5209	0.1496
2.297	-3.117	0.2058
2.284	-1.008	0.2005
2.367	-0.5088	0.2097
2.311	-2.698	0.2121
2.294	0.9637	0.2066
2.287	2.436	0.2043
2.27	2.49	0.2038
2.269	-0.7288	0.2097
2.316	0.8303	0.2009
2.283	-3.821	0.2032
2.305	0.5256	0.2029
2.325	2.283	0.1973
2.347	1.007	0.2015
2.306	1.324	0.1974
2.376	-4.583	0.2035
2.342	-1.174	0.1968
2.351	1.801	0.1819
2.327	2.571	0.1827
2.29	3.032	0.191
2.35	2.347	0.1712
2.34	2.335	0.1649
2.307	-0.6513	0.1664
2.266	1.822	0.1991
2.229	3.266	0.202
2.25	3.033	0.204
2.235	3.372	0.1974
2.269	1.721	0.1971
2.319	0.4423	0.1893
2.243	3.145	0.1958
2.289	0.5386	0.1721
2.314	0.9409	0.1803
2.308	0.5943	0.1869
2.175	-1.073	0.1867
2.162	-0.6858	0.1915
2.262	1.487	0.2024
2.273	1.073	0.1968
2.244	2.573	0.2021
2.268	-0.8736	0.1997
2.132	-0.3325	0.1879
2.242	-0.9047	0.1918
1.945	-1.549	0.1599
2.14	-1.611	0.1779
2.121	-0.522	0.1673
1.977	0.09262	0.1316
1.752	0.3235	0.09809
1.682	0.1007	0.08603
1.925	-1.856	0.1534
1.78	0.02257	0.1228
1.521	0.1665	0.0786
1.425	-0.006477	0.06955
1.214	-0.5095	0.03694
2.131	-3.481	0.1844
2.009	-3.043	0.1765
2.236	1.778	0.1684
2.182	-1.532	0.1813
2.118	-4.931	0.1915
2.137	-0.8561	0.194
2.041	0.1342	0.1835
1.727	0.4806	0.1171
1.515	0.03155	0.0837
1.883	-0.000396	0.1558
1.94	0.5288	0.1608
1.972	0.3376	0.1636
1.679	0.3116	0.1136
1.403	-0.1754	0.06388
2.084	-3.181	0.1882
1.899	0.1822	0.1556
1.822	-0.4573	0.1449
1.982	2.234	0.1815
1.921	1.857	0.1517
2.02	1.238	0.2093
2.04	-3.248	0.2316
2.173	-1.284	0.2088
2.086	-0.2192	0.203
2.037	0.183	0.2218
2.053	-0.8523	0.2248
1.998	-4.145	0.257
2.179	1.722	0.1963
2.186	-0.5371	0.2019
2.182	-4.201	0.1671
2.195	2.254	0.1885
2.216	-0.3221	0.2047
2.15	3.289	0.2141
2.071	-3.157	0.2198
2.204	0.27	0.2154
2.213	0.7733	0.2169
2.21	1.881	0.2168
2.119	-2.042	0.2153
2.114	0.375	0.2413
2.159	3.347	0.2154
2.186	2.546	0.2114
2.225	2.703	0.2122
2.043	2.005	0.2783
2.084	-2.234	0.2462
2.041	2.756	0.2717
1.979	3.33	0.2759
2.075	-0.347	0.283
2.177	-4.195	0.2654
2.169	-4.173	0.2757
2.211	3.146	0.2525
2.143	2.749	0.2673
2.282	-0.6719	0.2265
2.252	0.5543	0.2386
2.298	2.508	0.2721
2.314	2.583	0.2754
2.339	1.703	0.2748
2.245	0.324	0.2559
2.244	-3.294	0.2391
2.24	0.04924	0.2737
2.36	1.731	0.2664
2.394	2.867	0.2564
2.432	2.603	0.2262
2.368	0.8682	0.2233
2.264	3.278	0.2509
2.448	-1.543	0.2398
2.447	2.581	0.236
2.34	0.6274	0.2482
2.385	3.02	0.2481
2.241	1.796	0.2514
2.302	3.403	0.2572
2.269	0.3569	0.2591
2.193	4.233	0.2534
2.232	1.565	0.2565
2.229	-1.351	0.2642
2.307	1.421	0.2515
2.321	2.205	0.2656
2.307	1.626	0.2706
2.305	-3.484	0.2382
2.332	-2.632	0.2457
2.322	2.026	0.2432
2.2	-2.926	0.2652
2.29	2.086	0.257
2.214	-0.7248	0.2664
2.251	1.799	0.2585
2.308	1.417	0.2453
2.281	0.3635	0.2483
2.31	-1.038	0.2452
2.282	-0.9419	0.2471
2.209	-2.583	0.2429
2.166	-4.55	0.2337
2.271	2.118	0.2297
2.262	2.232	0.2227
2.504	1.005	0.23
2.521	2.543	0.2304
2.419	0.3027	0.226
2.281	1.196	0.2197
2.274	1.278	0.2216
2.445	1.845	0.2422
2.347	2.223	0.2449
2.46	-1.246	0.2348
2.31	2.601	0.2693
2.352	3.395	0.2562
2.368	1.842	0.2453
2.363	2.298	0.2414
2.374	1.132	0.2302
2.196	3.137	0.2278
2.461	0.6704	0.2343
2.411	-0.1409	0.2365
2.35	-1.614	0.2402
2.166	0.2108	0.2331
2.243	3.312	0.2378
2.151	-3.925	0.2341
2.276	1.249	0.2417
2.214	1.559	0.2585
2.246	-0.4456	0.262
2.336	0.9179	0.2407
2.53	2.553	0.233
2.252	2.332	0.1005
2.212	1.694	0.2095
1.516	-1.115	-0.07556
1.984	2.065	0.007341
2.103	0.6817	0.1289
2.468	-0.7005	0.1793
2.482	1.582	0.2161
2.521	2.303	0.2399
2.518	2.022	0.2373
2.309	2.303	0.2463
2.527	1.415	0.2396
2.479	-0.2699	0.2475
2.466	1.804	0.2582
2.427	-2.913	0.2503
2.425	-1.264	0.2618
2.36	-2.499	0.2752
2.325	1.715	0.2696
1.468	-1.259	-0.1225
1.717	0.3718	0.006406
1.662	1.487	-0.04699
2.046	-1.536	0.07504
1.985	0.1071	0.03895
2.247	-2.767	0.1281
2.435	-0.7707	0.1901
1.884	-1.089	0.08589
2.166	-1.641	0.1934
2.093	-0.2908	0.132
2.026	-0.9645	0.1876
2.162	-5.496	0.2433
2.191	-2.588	0.2592
2.215	2.342	0.2443
2.377	-0.615	0.1926
2.421	2.194	0.2275
2.274	1.864	0.1623
2.277	2.13	0.2059
2.276	2.688	0.2266
2.375	0.9172	0.2521
2.372	0.5496	0.2284
2.374	3.273	0.251
1.405	0.5646	-0.1659
1.359	0.3677	-0.1356
1.364	1.141	-0.1572
1.414	1.848	-0.1304
1.439	0.9943	-0.07631
1.244	-0.4531	-0.05013
1.273	-0.2461	-0.1046
1.307	-0.4914	0.03634
1.18	-0.5295	-0.02204
1.203	-0.4689	-0.01543
1.286	0.01567	-0.0752
1.522	0.9959	-0.01679
1.242	-0.1858	-0.1029
1.232	-0.2984	-0.04063
1.258	-0.346	0.01146
1.667	1.267	0.05835
1.474	0.5409	0.05653
1.801	-0.2321	0.1118
1.743	1.582	0.09076
2.024	-0.5028	0.1665
2.11	-1.471	0.1596
1.963	-0.8209	0.2093
2.343	2.685	0.1931
2.038	1.082	0.2498
2.154	0.7004	0.2172
2.536	2.595	0.2545
2.194	0.9732	0.1606
2.13	2.192	0.1807
1.276	-1.838	-0.1066
2.279	0.7301	0.188
2.099	-3.222	0.1577
1.892	-3.856	0.1963
2.075	-4.993	0.1838
2.159	1.935	0.2203
1.943	-1.758	0.1191
2.034	0.5119	0.1466
2.141	1.856	0.1615
2.226	-0.1421	0.2155
1.348	0.1431	-0.05473
2.108	0.6088	0.2168
2.266	-0.3897	0.2094
2.192	1.115	0.1906
2.071	0.2076	0.1716
2.198	1.766	0.2105
2.24	2.083	0.1769
2.264	2.578	0.2214
2.087	2.145	0.2107
2.21	0.3007	0.198
2.038	-3.3	0.1566
2.272	3.285	0.2058
2.202	-3.271	0.2064
2.209	-1.831	0.1928
1.115	0.2051	0.03935
2.109	-2.715	0.2137
2.465	1.738	0.2423
2.205	-1.613	0.2172
2.555	1.407	0.2581
2.869	2.766	0.2307
2.324	-3.683	0.2252
1.763	-1.438	-0.01426
2.133	-0.2983	0.1381
2.105	-2.242	0.1654
2.134	-4.39	0.1509
2.137	2.265	0.1744
2.115	1.405	0.1865
2.037	3.579	0.172
2.003	3.813	0.1894
1.881	-3.251	0.2036
2.04	2.08	0.2046
2.156	-5.307	0.1797
2.125	0.4004	0.1605
2.115	0.0446	0.2552
2.118	1.31	0.2354
2.109	-4.283	0.2071
2.056	-3.185	0.1559
2.121	2.206	0.1792
1.952	4.518	0.1395
2.31	2.058	0.2075
2.043	-0.585	0.2274
1.922	-1.968	0.09058
1.745	-1.687	-0.01669
1.764	-0.2293	0.02547
1.49	0.7609	-0.05583
2.039	3.187	0.2472
2.138	3.109	0.2124
2.044	-0.04913	0.1475
1.327	-0.1822	-0.03081
2.053	0.515	0.1187
2.01	1.406	0.1193
1.266	0.1809	-0.06943
2.23	0.6178	0.2116
2.108	-3.533	0.1796
2.037	2.778	0.2369
2.108	2.827	0.2323
2.197	3.111	0.2135
2.275	-1.556	0.1989
2.305	2.552	0.2046
2.224	2.514	0.1985
2.337	1.318	0.1872
2.168	2.7	0.2159
2.175	3.346	0.1991
2.09	-1.467	0.174
2.079	-3.588	0.2224
2.29	1.321	0.1967
2.063	2.405	0.1607
2.029	-2.44	0.1919
2.074	1.885	0.2143
2.111	-1.161	0.1998
2.143	-3.73	0.2207
2.161	0.0739	0.154
2.229	-1.583	0.1527
2.106	-1.026	0.1597
2.086	-2.201	0.1983
2.063	0.6455	0.2011
2.12	-2.255	0.1933
2.055	2.315	0.1506
2.184	0.4774	0.226
2.281	2.377	0.2099
2.214	2.434	0.2235
2.198	-3.241	0.2227
2.165	-2.073	0.2321
1.986	-3.817	0.1281
2.101	-2.544	0.1767
2.119	1.637	0.2251
2.124	3.669	0.2029
1.985	4.547	0.1037
2.091	-2.647	0.1385
2.143	3.365	0.142
2.244	-2.908	0.1993
2.332	0.2367	0.2032
2.228	1.28	0.1846
2.231	-2.923	0.1788
2.312	2.63	0.1867
2.296	1.477	0.2173
2.254	-2.81	0.1908
2.314	1.127	0.22
2.214	0.3711	0.2187
1.745	-0.6672	0.1566
1.702	-0.1844	0.1405
1.292	0.4755	0.04154
2.123	-4.417	0.1786
2.068	1.244	0.185
1.838	-1.258	0.1369
2.047	-0.4135	0.1654
1.622	2.074	0.09629
2.18	3.08	0.1908
2.068	-4.462	0.1943
2.252	0.7915	0.2034
2.177	3.946	0.2053
2.186	3.482	0.2165
2.157	2.736	0.1936
2.127	-6.039	0.182
2.312	-2.183	0.2323
2.38	2.914	0.2363
2.388	1.095	0.2307
2.579	0.7046	0.2565
2.557	3.974	0.2301
2.425	-1.864	0.2612
2.526	3.216	0.2737
2.36	-0.4328	0.2362
2.391	-1.725	0.2402
2.272	3.403	0.232
2.519	-0.1999	0.1978
2.5	-0.4849	0.2118
2.47	1.748	0.2636
2.79	-1.034	0.2528
2.175	2.137	0.2275
2.812	1.835	0.2136
1.639	-0.1831	0.008662
2.182	-0.442	0.1679
2.494	-0.6443	0.2402
2.399	3.529	0.2395
1.395	1.238	-0.1238
2.239	-0.9463	0.1521
1.99	-2.543	0.1472
2.194	4.261	0.1888
2.458	0.7373	0.2193
0.9317	0.09723	-0.1386
0.8651	-0.3422	-0.07566
1.108	0.3053	-0.00557
2.13	-4.448	0.1492
2.139	-3.015	0.1393
2.114	-2.921	0.1548
2.106	-2.37	0.1386
2.105	-2.692	0.1601
2.116	-2.976	0.1393
2.122	-3.017	0.1444
2.089	-2.515	0.1753
2.115	-5.719	0.1573
2.098	3.027	0.1714
2.09	3.103	0.1726
2.087	1.815	0.1725
2.2	-0.09639	0.1862
2.235	1.998	0.1871
2.129	-1.33	0.1818
2.024	-1.668	0.1787
1.978	-0.5045	0.1897
1.961	-0.8603	0.1777
2.071	0.001229	0.1859
2.057	-0.4846	0.1965
2.079	0.2578	0.1758
2.008	3.198	0.1787
1.925	-0.4422	0.1813
2.007	3.711	0.1972
2.04	-1.76	0.2053
1.861	-5.09	0.2006
1.926	1.998	0.188
1.957	2.606	0.1963
1.933	-1.537	0.2073
1.98	2.951	0.202
2.123	-2.434	0.1658
2.14	-3.625	0.1538
2.161	-4.03	0.2005
2.145	-4.316	0.1963
2.15	-2.929	0.1708
2.125	-0.08308	0.1445
2.095	-2.458	0.1421
2.171	3.91	0.2379
2.142	3.035	0.2424
2.147	0.9173	0.2231
2.062	0.5374	0.2574
2.087	-2.175	0.2578
2.12	-0.75	0.2587
2.11	1.821	0.2236
2.021	-2.046	0.1444
2.022	-0.2858	0.1491
2.08	-2.186	0.1509
2.085	-3.701	0.1566
2.116	-0.5502	0.182
2.057	-0.8031	0.1576
2.003	-2.397	0.1428
2.091	3.267	0.1729
1.999	3.72	0.1613
2.053	2.863	0.1693
2.144	2.952	0.1795
2.223	-0.2101	0.1913
2.197	1.111	0.1929
2.309	1.692	0.1897
1.926	3.221	0.1293
2.054	2.623	0.1711
2.148	1.567	0.1875
1.99	2.615	0.1505
2.263	1.727	0.2028
2.083	1.533	0.1543
1.908	-2.85	0.1019
2.038	0.2922	0.2444
2.092	-3.404	0.2373
2.099	-1.814	0.1861
2.061	-0.1275	0.1957
1.971	-0.2814	0.1068
1.851	1.955	0.06891
1.916	5.235	0.05566
1.849	-0.05149	0.083
1.805	-2.964	0.04211
1.856	-0.4236	0.0434
1.652	0.5751	-0.0497
1.981	3.981	0.055
1.982	-1.95	0.09832
1.669	-3.317	-0.02484
1.49	-3.263	-0.08841
1.469	-1.194	-0.08357
1.324	-3.727	-0.1169
2.014	2.274	0.2471
2.012	2.743	0.2406
2.148	3.471	0.237
2.194	0.6888	0.2189
2.099	4.038	0.2364
2.053	3.563	0.2268
2.075	2.891	0.1916
2.22	-2.064	0.1869
2.051	-1.458	0.1305
2.208	-0.2217	0.1809
1.928	0.1574	0.1075
1.766	1.345	0.03693
1.842	0.2246	0.07273
1.816	-0.6471	0.04548
1.194	-0.3667	-0.06062
1.753	-1.269	0.04064
2.114	2.487	0.1725
2.051	2.254	0.1523
2.16	-0.1162	0.1765
2.038	-0.7102	0.1159
1.696	-1.463	0.03516
1.944	3.343	0.09351
1.357	0.9059	-0.0617
1.71	0.2372	0.03784
1.664	1.323	-0.01244
1.264	-0.665	-0.1132
2.081	-2.022	0.1628
1.865	0.2141	0.1347
2.22	1.18	0.216
2.229	-3.156	0.1948
2.214	0.7071	0.1973
2.243	0.8171	0.2092
2.228	-1.427	0.2028
2.083	2.964	0.2402
2.18	2.703	0.2294
2.029	2.628	0.2442
2.024	2.015	0.2463
2.049	-0.4801	0.2376
2.073	-1.572	0.2269
2.093	2.085	0.2282
2.208	2.789	0.2147
2.248	2.841	0.2099
2.182	2.448	0.222
2.144	3.479	0.2222
2.135	1.709	0.2169
2.272	2.546	0.2073
2.285	3.287	0.21
2.161	0.9653	0.2076
2.198	1.18	0.2083
2.321	1.159	0.203
2.338	-2.342	0.1953
2.337	1.207	0.1994
2.336	0.3653	0.1914
2.345	-1.85	0.1882
2.152	-1.398	0.2068
2.238	-0.3537	0.1976
2.287	2.563	0.1909
2.229	0.67	0.1935
2.257	2.703	0.19
2.099	2.389	0.2243
2.126	0.7989	0.2157
2.066	2.513	0.2399
2.152	2.684	0.2346
2.178	3.407	0.2243
2.215	0.9878	0.2005
2.185	2.554	0.1918
2.184	1.549	0.2063
2.195	1.056	0.2097
2.162	1.008	0.2105
2.148	3.336	0.1864
2.125	3.338	0.1829
2.161	-0.954	0.1948
2.14	-0.1818	0.1766
2.095	1.252	0.1659
2.299	0.8697	0.1903
2.327	-1.894	0.1904
2.131	-0.6325	0.2025
2.213	1.442	0.1971
2.202	1.454	0.2124
2.131	-0.7145	0.2239
2.246	2.512	0.2081
2.045	3.131	0.1759
2.072	3.408	0.1907
2.091	-0.7233	0.1607
2.047	4.118	0.1649
2.028	4.579	0.1728
2.057	0.4018	0.1644
2.049	2.286	0.1886
2.063	-2.651	0.2209
2.111	3.176	0.2141
2.05	-4.257	0.2116
2.054	2.695	0.2071
2.06	1.836	0.2034
2.101	1.012	0.2213
2.172	3.055	0.2082
2.079	-2.392	0.1841
2.074	-3.349	0.217
2.108	-4.504	0.2207
2.129	1.109	0.1933
2.128	-0.962	0.2076
2.17	3.939	0.1697
2.155	4.264	0.1619
2.113	3.786	0.1611
2.144	3.128	0.1706
2.234	1.072	0.1547
2.202	2.363	0.1653
2.241	-0.1309	0.1644
2.094	1.015	0.1578
2.097	3.802	0.1544
2.106	-0.4221	0.1577
2.124	-1.79	0.159
2.1	-2.119	0.1745
2.139	1.653	0.1702
2.14	-1.432	0.1864
2.128	2.532	0.1527
2.1	0.2267	0.178
2.066	-5.02	0.1976
2.103	-0.2265	0.2064
2.206	2.403	0.1972
2.055	-1.931	0.2099
2.078	2.858	0.2054
2	1.928	0.2051
2.159	0.6553	0.1504
2.122	4.148	0.1599
2.215	3.073	0.1806
2.176	3.34	0.165
2.072	-1.931	0.1677
2.068	2.799	0.2017
2.02	-3.649	0.1739
2.208	1.384	0.2018
2.282	-2.058	0.1942
2.05	-4.784	0.2173
2.078	-0.5918	0.2102
2.203	-2.013	0.2177
2.243	2.621	0.2257
2.273	-0.8197	0.2207
2.176	2.031	0.2149
2.168	-0.6078	0.2188
2.216	-0.3038	0.2044
2.265	3.032	0.2182
2.266	2.349	0.2221
2.194	-2.44	0.2287
2.15	0.4226	0.2241
2.231	2.781	0.2219
2.21	0.9032	0.2235
2.178	-5.148	0.2267
2.172	-0.9268	0.218
2.154	-1.422	0.2246
2.049	4.467	0.1562
2.115	0.128	0.1828
2.033	2.253	0.1709
1.993	-5.038	0.1418
1.989	3.758	0.1472
1.949	3.34	0.138
2.083	-3.014	0.1648
2.147	2.581	0.2274
2.109	2.973	0.2082
2.134	2.046	0.2218
2.138	-1.922	0.231
2.14	2.658	0.2257
2.156	3.152	0.22
2.149	2.404	0.1987
1.975	-0.1851	0.114
1.979	2.445	0.1214
2.045	2.871	0.1611
2.067	0.9108	0.1462
2.131	0.5158	0.1416
2.062	3.736	0.1157
2.098	2.364	0.1461
2.151	3.153	0.1622
2.065	-0.3097	0.1115
2.118	2.937	0.1225
2.122	1.389	0.1449
2.192	0.3961	0.1496
2.326	-1.552	0.1949
2.34	2.182	0.1964
2.235	-0.1888	0.2051
2.289	-1.019	0.1988
2.305	1.07	0.2016
2.258	1.278	0.2014
2.302	2.631	0.2086
2.202	0.9574	0.1999
2.236	-1.627	0.1953
2.159	-3.654	0.2043
2.161	0.6828	0.1899
2.166	1.737	0.1795
2.232	2.176	0.1936
2.245	3.317	0.194
2.246	-0.7726	0.1924
2.225	2.035	0.1794
2.154	2.693	0.1691
2.262	1.365	0.1808
2.283	2.492	0.1989
2.198	3.048	0.1658
2.242	2.823	0.1665
2.267	0.8971	0.1714
2.325	2.237	0.2028
2.296	2.973	0.2171
2.312	3.198	0.2108
2.302	2.971	0.2088
2.282	0.3747	0.2115
2.321	-0.6535	0.2062
2.298	2.411	0.2123
2.187	1.339	0.177
2.315	-0.8792	0.1896
2.321	1.085	0.2089
2.256	0.04491	0.2052
2.281	-1.867	0.2259
2.283	-0.466	0.2193
2.257	0.631	0.2101
2.298	1.063	0.224
2.281	-0.7944	0.229
2.245	-2.724	0.2234
2.153	-0.9958	0.1995
2.046	0.6874	0.1947
2.078	-2.884	0.1983
1.992	-1.551	0.1642
1.792	1.892	0.1153
1.595	1.103	0.1054
1.621	1.507	0.05679
2.039	-0.8394	0.1797
1.811	-0.3639	0.1489
1.589	1.254	0.09632
1.446	1.384	0.08275
1.113	0.01876	0.03841
2.208	-3.399	0.1865
2.131	-1.459	0.1918
2.131	1.082	0.166
2.154	0.7778	0.1783
2.133	-4.022	0.1869
2.165	1.837	0.1923
2.098	-3.19	0.1847
1.731	0.006198	0.1315
1.523	1.603	0.08852
1.914	-1.198	0.1672
1.944	-1.233	0.1613
2.099	-0.03907	0.1717
1.702	1.639	0.1146
1.308	0.6871	0.05915
2.193	-2.033	0.188
2.014	0.01202	0.1608
1.894	-0.1087	0.1413
2.002	2.556	0.16
1.906	1.165	0.1331
2.062	0.1053	0.1795
2.06	-2.261	0.1808
2.244	-2.678	0.1963
2.151	2.828	0.1809
2.079	-1.176	0.1928
2.098	-1.764	0.2013
2.073	-4.513	0.2024
2.172	2.268	0.1921
2.241	-1.726	0.202
2.113	-3.768	0.1619
2.172	2.564	0.1823
2.245	1.863	0.2015
2.175	3.811	0.1981
2.112	-3.158	0.2056
2.255	-0.7138	0.2022
2.252	2.249	0.2068
2.221	2.924	0.211
2.138	-0.1605	0.209
2.166	-1.861	0.2217
2.149	0.917	0.2148
2.111	0.5769	0.215
2.136	2.424	0.2135
2.105	-0.1215	0.1826
2.091	-1.751	0.1749
2.135	1.738	0.2054
2.09	2.716	0.189
2.127	0.3526	0.1853
2.156	-4.202	0.2033
2.134	-5.014	0.1988
2.301	1.524	0.2293
2.228	2.771	0.2278
2.178	2.817	0.2164
2.278	2.447	0.2214
2.418	1.096	0.2377
2.405	1.595	0.2398
2.453	1.386	0.2401
2.277	2.419	0.216
2.247	-2.301	0.2233
2.279	-0.08439	0.2195
2.376	1.757	0.2319
2.477	4.267	0.2407
2.469	0.2663	0.2391
2.408	-0.5589	0.2253
2.552	3.66	0.2454
2.528	2.233	0.2482
2.581	1.935	0.2511
2.589	3.775	0.2598
2.57	0.8261	0.2399
2.571	3.452	0.2679
2.54	3.689	0.2703
2.458	3.05	0.2492
2.502	4.392	0.256
2.497	-1.395	0.272
2.444	2.038	0.2658
2.505	2.695	0.2723
2.345	0.5582	0.2354
2.42	2.135	0.2434
2.247	-0.4148	0.2224
2.278	0.5456	0.2272
2.293	2.224	0.2265
2.393	-3.801	0.2548
2.454	0.01074	0.2515
2.392	-0.9266	0.2482
2.355	2.175	0.2378
2.32	2.177	0.2285
2.398	-1.758	0.2373
2.472	1.859	0.2418
2.241	4.097	0.2322
2.271	0.5184	0.2303
1.999	-4.994	0.2212
2.35	0.7494	0.1894
2.282	1.554	0.1913
2.872	1.559	0.2143
2.834	2.601	0.2242
2.632	-0.6617	0.2041
2.118	2.182	0.1963
2.023	3.458	0.2026
2.629	2.24	0.2466
2.632	0.7489	0.2605
2.854	1.114	0.2435
2.468	1.714	0.2657
2.506	3.249	0.2715
2.568	2.356	0.2696
2.677	-0.1908	0.2573
2.361	1.803	0.216
1.94	2.014	0.2117
2.733	0.4989	0.2327
2.609	-1.485	0.2409
2.55	0.9183	0.2425
1.905	-0.3496	0.22
2.202	2.952	0.2302
1.935	-2.97	0.2226
2.422	-1.596	0.1996
2.412	1.15	0.2091
2.468	0.3043	0.2154
2.681	1.541	0.2057
2.899	0.6515	0.2206
1.836	1.044	0.05144
2.28	3.416	0.1652
1.317	-2.013	-0.1014
1.482	2.175	-0.04907
1.835	0.3532	0.07737
2.094	-1.07	0.1595
2.274	1.622	0.1993
2.757	2.065	0.223
2.746	2.293	0.2339
2.511	1.638	0.2104
2.49	1.053	0.222
2.371	-1.523	0.2406
2.481	2.712	0.2538
2.349	-2.667	0.2442
2.38	0.3823	0.2527
2.395	-0.2491	0.2572
2.471	2.234	0.2439
1.243	-1.803	-0.1365
1.597	-0.3982	-0.0484
1.585	1.763	-0.0786
2.009	-0.09176	0.07074
1.826	-1.09	0.01837
2.012	-2.129	0.1185
2.287	-2.985	0.2001
1.925	-1.551	0.09552
2.12	-2.4	0.1699
2.128	2.139	0.1399
2.013	-1.027	0.1561
2.104	-5.275	0.1753
2.134	-3.152	0.1914
2.197	2.464	0.2031
2.387	2.309	0.2124
2.362	-0.9234	0.2295
2.295	0.229	0.18
2.318	1.137	0.2088
2.346	4.687	0.213
2.433	4.087	0.2254
2.512	3.239	0.2126
2.49	1.681	0.2229
1.138	0.6886	-0.1577
0.9838	-0.1033	-0.1275
1.059	0.7801	-0.1369
1.19	1.728	-0.1404
1.162	0.9053	-0.1059
0.9004	-0.4737	-0.07775
0.9256	-0.3336	-0.1187
1.241	0.05649	-0.01441
0.8962	-0.411	-0.02672
0.8824	-0.2149	-0.0098
0.92	0.02862	-0.0772
1.425	0.4478	-0.02322
0.8438	-0.2069	-0.1149
0.8317	-0.2173	-0.04238
0.9939	0.03181	0.009821
1.576	0.4344	0.06507
1.307	0.8016	0.04998
1.789	0.655	0.1063
