1.741	0.8218	0.1516
2.29	-1.388	0.2747
2.214	-2.131	0.2489
2.677	1.611	0.3298
2.13	-2.957	0.2819
2.075	0.2407	0.2974
2.215	-0.348	0.3108
2.542	2.777	0.3238
2.344	-0.6947	0.2658
2.652	-4.882	0.2449
1.611	0.4798	-0.08818
2.363	2.092	0.2802
2.388	-2.434	0.2315
2.816	-3.926	0.2987
2.702	-4.057	0.2968
2.279	-0.3156	0.2751
2.082	-1.13	0.1371
2.011	0.6241	0.2124
2.288	0.9084	0.1881
1.913	0.7429	0.2503
1.485	0.377	-0.002581
2.155	-0.7978	0.2798
2.021	1.666	0.283
2.235	-1.243	0.2777
2.573	3.016	0.2594
2.375	-1.256	0.267
2.221	-0.2972	0.312
2.265	2.819	0.3291
2.415	-1.133	0.3114
2.533	-0.05547	0.2783
2.38	-3.679	0.2187
2.062	2.784	0.2943
2.117	-3.491	0.2535
2.26	-0.2877	0.2535
1.278	-0.3207	0.05106
2.264	-3.695	0.2973
2.177	0.9903	0.3028
2.226	-2.799	0.2653
2.403	0.9985	0.3293
2.695	-0.8469	0.3196
2.53	-3.286	0.2568
1.571	-1	0.00263
2.258	-1.223	0.1959
2.509	-1.991	0.2644
2.224	-5.029	0.2541
2.317	3.511	0.2546
2.537	0.5568	0.2887
2.541	4.419	0.2689
2.974	3.707	0.2854
2.901	-0.1076	0.3447
2.703	-1.629	0.3117
2.227	-3.038	0.2503
2.232	1.3	0.2105
2.095	-0.9832	0.2979
2.118	1.813	0.269
2.191	-3.712	0.2426
2.21	-3.634	0.196
2.24	2.841	0.2273
2.197	2.643	0.1087
2.38	0.6066	0.2491
2.087	0.3975	0.2755
2.035	-1.362	0.1669
2.101	3.348	0.01437
1.776	-0.1543	0.08756
2.028	3.094	-0.05285
1.944	2.434	0.2814
1.845	2.384	0.2525
1.782	0.5789	0.1959
1.416	-0.05557	0.06942
1.76	-0.3001	0.168
1.776	1.695	0.1505
1.569	0.4821	-0.06035
1.972	-1.007	0.2582
1.96	-0.1557	0.2254
2.011	2.797	0.292
2.016	2.613	0.2766
2.072	3.105	0.2759
2.25	-0.6731	0.2767
2.011	2.559	0.2853
2.219	2.025	0.2753
2.254	2.221	0.2898
2.055	1.689	0.2937
2.285	3.806	0.2711
2.181	1.464	0.2637
2.199	2.177	0.2889
2.149	0.7518	0.2988
2.231	2.068	0.2626
2.221	-2.357	0.2579
2.459	3.255	0.2733
2.628	-0.1182	0.2459
2.896	-5.539	0.2538
2.409	2.083	0.3176
2.416	2.331	0.3067
2.297	1.905	0.3066
2.345	2.791	0.3183
2.322	2.994	0.3126
2.321	0.6575	0.3075
2.793	2.722	0.3007
2.399	0.2106	0.3259
2.294	2.725	0.3255
2.327	-0.8809	0.3214
2.224	-4.131	0.324
2.41	-3.636	0.3169
2.569	-4.187	0.2701
2.866	2.564	0.2107
2.461	0.5642	0.308
2.557	1.556	0.308
2.306	4.476	0.2142
2.443	-3.087	0.2403
2.301	3.534	0.2383
2.152	-1.767	0.2751
2.068	0.1599	0.2935
2.232	2.647	0.2631
2.249	-1.411	0.2681
2.309	1.184	0.2915
2.027	3.229	0.2958
2.318	2.372	0.2843
2.203	-0.6323	0.3062
2.081	2.178	0.2684
1.789	0.6689	0.1836
1.85	2.088	0.1785
1.239	-0.3174	0.07368
2.38	-5.149	0.2698
2.156	-3.163	0.2624
1.934	-1.258	0.1893
2.094	0.5565	0.2457
1.709	0.678	0.1285
2.265	1.611	0.2902
2.351	-5.691	0.3196
2.415	1.636	0.2852
2.349	3.814	0.307
2.22	1.754	0.3013
2.236	0.631	0.2486
2.424	-4.254	0.3354
2.125	-0.6916	0.3013
2.204	2.555	0.291
2.182	1.309	0.2857
2.293	2.266	0.3099
2.519	2.776	0.2668
2.393	-0.2898	0.3314
2.432	2.149	0.3384
2.232	2.246	0.3197
2.457	0.6542	0.3357
2.538	2.233	0.3328
2.525	-1.626	0.3261
2.687	2.113	0.3348
2.737	-2.164	0.3171
2.64	-2.928	0.3147
2.569	1.582	0.3317
2.501	3.603	0.3227
1.985	1.204	0.1049
2.463	1.94	0.2132
2.809	0.7113	0.2884
2.724	-0.1247	0.3137
1.593	1.618	-0.07703
2.338	-1.701	0.2088
2.185	-1.851	0.2399
2.352	3.212	0.281
2.591	-0.707	0.2743
1.32	0.6077	-0.1008
1.182	-0.2912	-0.04776
1.271	0.05296	-0.001351
2.22	-4.498	0.2297
2.229	-2.264	0.2117
2.22	-2.289	0.2484
2.343	-1.464	0.1998
2.467	-2.598	0.246
2.347	-2.24	0.2165
2.363	-4.017	0.2349
2.599	-1.306	0.2737
2.377	-6.395	0.2713
2.336	2.512	0.2555
2.425	4.4	0.2613
2.477	1.538	0.2615
2.351	-0.4162	0.2774
2.399	2.516	0.2881
2.451	-0.3994	0.278
2.627	0.6044	0.285
2.711	-3.365	0.2899
2.773	1.206	0.276
2.793	1.2	0.2809
2.968	-0.9729	0.2952
2.632	1.159	0.2677
2.809	3.554	0.2791
2.91	-0.2361	0.2764
2.86	0.02721	0.2899
2.827	1.8	0.3101
2.833	0.5981	0.3246
2.85	-6.093	0.2991
2.943	3.191	0.3358
2.784	-0.4915	0.3412
2.714	2.923	0.3313
2.215	-1.363	0.2475
2.234	-3.728	0.214
2.295	-2.181	0.2636
2.277	-3.807	0.2501
2.256	-2.201	0.223
2.245	-0.1206	0.1953
2.284	-1.057	0.1895
2.159	3.627	0.2901
2.141	2.568	0.2838
2.243	-0.1972	0.2715
2.112	-0.005934	0.3005
2.144	-3.786	0.298
2.122	0.1657	0.2933
2.127	0.9688	0.2618
2.053	-2.673	0.1874
2.068	-1.732	0.1889
2.197	-0.6392	0.1935
2.303	-3.547	0.2167
2.221	-0.974	0.2256
2.139	-0.06597	0.1947
2.132	-1.663	0.1667
2.252	3.541	0.2418
2.171	3.453	0.2016
2.201	3.29	0.2283
2.265	3.481	0.2438
2.308	-0.3104	0.2645
2.297	-0.9912	0.2152
2.384	1.555	0.2813
2.141	3.456	0.1269
2.23	1.935	0.1927
2.286	-0.05804	0.1906
2.255	0.004696	0.1521
2.336	1.418	0.2191
2.044	-1.886	0.2053
2.064	-0.5892	0.1023
2.071	-1.742	0.2881
2.143	-1.743	0.2745
2.106	0.8383	0.2507
2.023	-0.288	0.2481
2.04	-1.299	0.2192
2.162	4.151	0.01357
2.168	3.769	0.01318
2.139	4.081	0.05996
2.047	-0.06439	0.1219
2.028	-2.218	0.162
2.111	4.228	-0.05715
2.144	4.215	0.03673
1.857	2.176	0.1545
1.978	-1.072	0.06429
1.779	0.5245	-0.04171
1.66	-1.637	-0.0617
1.685	-3.003	-0.08743
2.027	0.06088	0.2894
1.966	2.256	0.282
1.938	3.404	0.274
1.883	0.3807	0.2546
1.903	4.074	0.2709
1.883	3.113	0.2691
1.817	0.0877	0.239
1.829	-2.824	0.2258
1.772	1.013	0.1776
1.824	-1.59	0.2295
1.784	1.561	0.159
1.603	-0.09468	0.1228
1.745	1.357	0.1506
1.692	0.4841	0.1283
1.313	-0.2224	0.02556
1.653	0.6657	0.1044
1.802	2.562	0.2109
1.804	-0.3405	0.1871
1.822	1.218	0.2162
1.741	-1.487	0.1529
1.651	-1.397	0.1021
1.784	1.913	0.1265
1.501	0.5813	-0.0286
1.664	0.3183	0.07361
1.699	1.492	0.02188
1.583	0.6119	-0.1019
1.868	-0.0494	0.2098
1.8	0.5511	0.1858
1.934	1.192	0.2618
1.87	-1.077	0.2327
1.979	-0.8785	0.2489
2.017	2.02	0.2707
2.034	-1.508	0.2549
1.986	3.692	0.2769
1.965	2.136	0.2759
2.039	1.491	0.293
1.999	2.821	0.2889
2.038	1.356	0.2837
2.069	-0.9677	0.2887
2.077	0.8574	0.2833
2.021	2.285	0.2751
2.024	3.241	0.2781
1.994	2.588	0.2747
2.044	3.996	0.2762
2.125	1.811	0.2809
2.025	1.961	0.2812
1.991	3.259	0.2831
2.192	0.4714	0.2779
2.161	0.5076	0.2801
2.117	1.808	0.2813
2.137	-0.7437	0.2776
2.104	-0.1021	0.2825
2.239	2.894	0.2789
2.149	-2.82	0.281
2.21	1.555	0.2769
2.284	-1.34	0.2753
2.267	2.165	0.2858
2.248	-2.366	0.2819
2.246	-0.8865	0.2936
2.019	1.347	0.2895
2.083	2.554	0.2859
2.035	1.604	0.2959
2.04	2.711	0.295
2.173	2.649	0.2873
2.165	-1.149	0.2791
2.274	2.168	0.2756
2.11	-0.03261	0.2768
2.167	0.5544	0.2806
2.297	0.8089	0.2711
2.214	0.653	0.2669
2.188	3.798	0.2694
2.238	-1.092	0.262
2.191	0.2315	0.2547
2.202	1.601	0.2566
2.149	-1.171	0.3023
2.143	-2.425	0.2929
2.191	-2.787	0.2844
2.262	2.299	0.3048
2.172	1.985	0.3044
2.152	-0.1164	0.2801
2.192	2.794	0.2901
2.176	3.041	0.2671
2.172	3.517	0.2697
2.215	-1.204	0.2558
2.187	4.217	0.2611
2.213	1.32	0.2641
2.311	3.467	0.2636
2.351	3.282	0.2549
2.285	-1.147	0.2658
2.356	3.112	0.2785
2.21	-2.554	0.2677
2.327	3.672	0.2643
2.596	0.1775	0.2564
2.692	0.3193	0.2708
2.414	1.85	0.2743
2.713	1.541	0.2485
2.866	-3.553	0.2554
3.114	-3.837	0.244
2.635	-1.58	0.2627
2.933	3.011	0.2295
2.52	1.371	0.3022
2.647	2.334	0.2845
2.44	3.472	0.3051
2.466	3.227	0.3064
2.341	0.5159	0.3109
2.309	2.265	0.3165
2.251	2.946	0.3107
2.276	-0.5116	0.2866
2.337	2.378	0.2999
2.231	-1.064	0.2669
2.257	-2.734	0.2922
2.407	-2.385	0.2998
2.431	2.328	0.319
2.214	2.08	0.3175
2.37	2.611	0.3216
2.464	-1.219	0.3212
2.688	-2.208	0.3059
2.268	-4.943	0.3116
2.242	-3.628	0.3118
2.44	-1.75	0.3076
2.48	-0.2051	0.3155
2.507	4.126	0.3243
2.504	-2.086	0.2971
2.758	2.202	0.2845
2.246	3.561	0.3091
2.324	-0.5981	0.3059
2.445	-3.902	0.3049
2.33	-4.71	0.3088
2.592	1.461	0.3088
2.289	3.117	0.3255
2.365	3.431	0.315
2.558	2.667	0.3292
2.298	-3.394	0.3213
2.284	-2.395	0.3267
2.343	1.406	0.3273
2.271	0.6075	0.3281
2.398	2.747	0.3098
2.391	0.6018	0.3106
2.386	2.744	0.3135
2.33	1.284	0.322
2.249	3.004	0.3278
2.371	-0.02578	0.3176
2.468	3.266	0.3135
2.228	0.7906	0.3282
2.281	-2.527	0.327
2.296	-4.572	0.3221
2.199	-1.562	0.312
2.305	-1.361	0.3141
2.723	-0.9895	0.2835
2.65	-3.36	0.2183
2.707	1.173	0.303
2.758	2.307	0.3012
2.54	-1.426	0.2189
2.37	3.378	0.2117
2.664	-3.807	0.2124
2.511	3.042	0.312
2.494	1.586	0.3077
2.324	0.4113	0.3111
2.448	-2.38	0.317
2.505	-0.42	0.3078
2.507	-0.2446	0.3045
2.541	0.04117	0.2952
2.387	-0.1132	0.2196
2.257	1.027	0.2182
2.681	0.5418	0.2976
2.523	-0.4852	0.2871
2.616	3.55	0.2471
2.24	3.713	0.2241
2.262	3.099	0.2314
2.605	1.971	0.2576
2.402	0.2798	0.224
2.323	0.587	0.2314
2.341	1.152	0.2535
2.351	0.9035	0.2622
2.132	-4.39	0.2912
2.098	-2.987	0.2917
2.415	1.072	0.2615
2.133	-3.457	0.2863
2.09	-0.5989	0.2881
2.091	1.31	0.2866
2.037	2.5	0.2947
2.45	1.385	0.2652
2.279	0.9389	0.2567
2.892	-4.795	0.2293
2.556	-1.073	0.2455
2.319	2.83	0.2493
2.267	-0.5896	0.2658
2.127	2.196	0.2853
2.347	-4.331	0.2535
2.272	0.9055	0.2543
2.284	-1.14	0.2372
2.203	3.172	0.2802
2.141	3.614	0.2918
2.282	1.73	0.2478
2.306	1.811	0.2676
2.348	0.5079	0.2821
2.02	0.985	0.2945
2.06	3.493	0.2979
2.003	2.561	0.2975
1.99	2.887	0.2905
2.011	2.768	0.2878
2.23	1.972	0.3029
2.121	2.894	0.3021
2.34	-0.4148	0.2805
2.343	-0.4914	0.2921
2.282	-0.3721	0.2976
2.217	-2.594	0.2827
2.19	0.3372	0.2851
2.04	1.026	0.2966
2.032	-0.602	0.2726
2.092	3.068	0.3034
2.192	-2.014	0.2898
2.047	-1.755	0.2549
2.013	0.8532	0.2408
1.908	-1.462	0.2206
1.949	-2.483	0.2214
1.894	-0.6318	0.2042
1.787	0.8446	0.1647
1.645	0.6582	0.1318
1.528	0.3529	0.111
2.014	-1.624	0.2306
1.813	0.7352	0.1764
1.56	0.61	0.1081
1.464	0.1173	0.1026
1.184	-0.4451	0.04048
2.209	-2.637	0.273
2.1	-2.773	0.2574
2.329	1.472	0.2672
2.282	-1.044	0.2766
2.28	-5.549	0.2706
2.382	-0.9765	0.2646
2.231	0.9561	0.2553
1.865	1.589	0.1725
1.569	0.1001	0.1247
2.007	-0.7772	0.2334
2.108	-0.02115	0.2292
2.092	-1.034	0.2269
1.738	0.6931	0.1557
1.406	-0.1346	0.07833
2.19	-4.211	0.2572
2	-0.5493	0.2197
1.918	0.4249	0.1985
2.202	1.717	0.2423
2.122	2.276	0.2173
2.282	-0.3435	0.2728
2.363	-2.174	0.3001
2.28	-0.1186	0.2873
2.232	0.3131	0.2755
2.266	0.117	0.296
2.241	-1.952	0.3014
2.307	-5.288	0.3006
2.473	1.2	0.275
2.35	0.7639	0.2806
2.43	-3.924	0.2607
2.534	1.652	0.2613
2.501	0.4772	0.2806
2.275	3.108	0.3008
2.246	-3.457	0.3056
2.343	1.691	0.2992
2.396	-0.7799	0.3065
2.468	2.319	0.3017
2.314	-1.602	0.3089
2.242	-1.725	0.2991
2.453	3.645	0.3072
2.32	1.692	0.3094
2.202	3.663	0.3056
2.381	0.1686	0.3098
2.431	-5.068	0.3425
2.24	1.829	0.2759
2.311	3.673	0.2682
2.298	-0.6619	0.2725
2.186	-2.488	0.2647
2.302	-1.91	0.3026
2.163	3.691	0.2864
2.21	3.938	0.2826
2.161	0.8219	0.3042
2.131	2.766	0.2924
2.127	-0.9421	0.2947
2.14	3.208	0.3014
2.186	3.461	0.2885
2.202	-1.648	0.2591
2.184	-0.6927	0.2706
2.235	2.542	0.2645
2.184	2.371	0.2739
2.131	2.975	0.2832
2.336	-1.911	0.285
2.363	1.18	0.2638
2.217	1.007	0.3035
2.257	4.126	0.2975
2.398	4.514	0.2927
2.41	3.658	0.319
2.509	-0.4852	0.2985
2.382	2.333	0.3293
2.416	2.709	0.333
2.203	1.904	0.3109
2.298	2.213	0.3224
2.39	2.359	0.339
2.452	-1.413	0.3415
2.425	2.385	0.3335
2.151	-0.8333	0.3102
2.161	2.772	0.3052
2.154	-0.8469	0.3118
2.181	-1.825	0.3234
2.264	2.598	0.3283
2.467	1.533	0.3417
2.395	2.095	0.3384
2.264	-2.354	0.3205
2.371	-2.197	0.3336
2.385	-0.7892	0.3307
2.417	-3.388	0.3341
2.482	-4.06	0.3291
2.406	1.837	0.3298
2.43	-4.401	0.3309
2.596	2.617	0.3327
2.448	-0.341	0.304
2.5	1.84	0.3106
2.704	2.12	0.3329
2.669	2.264	0.3311
2.617	-2.067	0.3288
2.703	2.478	0.3063
2.697	2.354	0.3211
2.878	1.228	0.3047
2.66	-0.4342	0.3125
2.765	0.84	0.3192
2.568	3.149	0.3249
2.617	2.359	0.3314
2.56	2.731	0.3238
2.506	0.4661	0.3208
2.624	-2.414	0.3417
2.726	1.97	0.3396
2.601	0.209	0.33
2.631	-0.9762	0.3235
2.582	-3.18	0.3247
2.711	-3.189	0.3435
2.561	2.187	0.3311
2.662	-3.866	0.3359
2.427	0.301	0.3018
2.308	1.231	0.2816
2.374	-0.7176	0.296
2.459	-0.8156	0.3281
2.695	1.93	0.3231
2.155	2.853	0.102
2.286	2.295	0.1861
1.611	-0.987	-0.03171
1.887	0.9175	0.03627
2.135	-0.691	0.179
2.451	-2.329	0.2122
2.456	1.48	0.2381
2.638	-2.248	0.2997
2.729	-1.475	0.3055
2.552	2.534	0.2895
2.741	-1.054	0.2628
2.852	0.4499	0.2916
2.893	0.7846	0.3049
2.748	0.09272	0.2989
2.878	1.85	0.3111
2.771	-2.627	0.3286
2.664	2.119	0.3157
1.585	0.04473	-0.08224
1.748	0.1759	0.03558
1.584	1.054	-0.05365
2.013	-0.1501	0.09506
2	-0.4936	0.05664
2.193	-4.16	0.1684
2.439	-2.479	0.2421
1.841	-1.088	0.1618
2.354	-1.142	0.2851
2.118	0.06975	0.2103
2.294	-0.1049	0.277
2.444	-5.795	0.3509
2.411	-3.04	0.3394
2.29	3.218	0.2741
2.424	2.065	0.2565
2.565	-1.788	0.2618
2.338	-0.3772	0.2462
2.409	0.8408	0.2584
2.391	1.142	0.2552
2.68	0.8488	0.2926
2.594	2.825	0.269
2.646	2.055	0.2989
1.515	1.264	-0.1117
1.363	0.4941	-0.0738
1.43	1.684	-0.1064
1.447	1.781	-0.1027
1.378	0.8663	-0.08251
1.202	-0.3836	-0.005151
1.249	-0.1825	-0.04145
1.23	-0.3797	0.05229
1.145	-0.4548	-0.001972
1.174	-0.3827	-0.01037
1.263	0.1054	-0.06825
1.417	0.8941	0.002491
1.239	0.0653	-0.07617
1.206	-0.1885	-0.04341
1.22	-0.266	0.01049
1.548	0.8022	0.08308
1.376	0.3366	0.05787
1.782	-0.6193	0.1673
1.86	0.3746	0.1048
2.26	-2.386	0.3025
2.122	-1.826	0.2368
2.127	0.4577	0.2717
2.107	-0.2042	0.2483
2.089	0.4629	0.3106
2.113	0.7494	0.2763
2.58	0.1817	0.3087
2.303	1.636	0.2596
2.066	1.441	0.2281
1.332	-2.321	-0.0865
2.07	1.959	0.2651
2.324	-2.822	0.2123
1.979	-4.155	0.2559
2.215	-4.141	0.2438
2.305	0.03529	0.2727
2.045	-1.622	0.1563
2.169	0.6266	0.1689
2.14	2.971	0.1857
2.223	-0.1229	0.269
1.076	0.46	0.008095
2.152	-1.88	0.2761
2.163	1.255	0.2509
2.185	-1.413	0.2647
2.035	1.063	0.2574
2.256	1.011	0.2672
2.209	3.826	0.2679
2.566	-0.2099	0.302
2.572	3.248	0.2949
2.431	-0.3826	0.302
2.099	-3.477	0.2275
2.192	1.888	0.2718
2.182	-4.001	0.2276
2.327	-2.583	0.2406
0.9963	-0.03747	0.04131
2.242	-0.5676	0.2893
2.601	1.388	0.3153
2.234	-2.56	0.2806
2.363	0.04181	0.352
2.47	2.631	0.2856
2.532	-1.794	0.2925
1.411	-2.263	-0.0216
2.208	-2.019	0.1776
2.315	-3.733	0.2223
2.057	-4.963	0.2215
2.016	2.792	0.2458
2.034	1.371	0.2615
2.144	3.554	0.2444
2.359	4.784	0.2449
2.019	-2.831	0.2543
2.459	3.383	0.2656
2.24	-5.218	0.2398
2.256	0.296	0.2025
2.14	0.1908	0.3016
2.268	1.664	0.2485
2.371	-1.435	0.2395
2.215	-3.225	0.1925
2.007	1.763	0.2321
2.048	3.672	0.1902
2.166	0.1391	0.2637
2.089	-0.4967	0.2748
1.983	-2.215	0.06439
1.796	-0.1302	0.02942
1.78	0.1845	0.04213
1.73	0.8923	0.009902
2.023	1.948	0.3028
2.075	2.408	0.2617
2.354	0.7462	0.1883
1.106	0.07331	0.01385
2.075	-0.9269	0.1249
2.006	1.953	0.1542
1.161	0.9753	-0.04617
2.204	2.078	0.2566
2.246	-3.78	0.2166
2.067	1.7	0.3067
2.117	3.407	0.2844
2.087	2.768	0.259
2.071	1.061	0.2541
2.052	1.323	0.2493
2.07	3.044	0.2517
2.13	1.595	0.2454
2.069	2.113	0.2889
2.174	2.884	0.2665
2.123	1.394	0.2563
2.182	-5.023	0.2621
2.16	2.44	0.2501
2.026	2.742	0.2533
1.998	-2.809	0.2585
2.125	3.67	0.2679
2.022	-1.667	0.2497
2.134	-3.884	0.2731
2.033	0.9743	0.2292
2.157	-2.973	0.2237
1.97	1.183	0.2402
2.157	-0.4758	0.28
2.364	2.017	0.2665
2.498	-1.063	0.2771
2.169	0.3277	0.2098
2.525	3.658	0.2896
2.449	2.088	0.2704
2.476	1.523	0.2858
2.262	-2.067	0.2949
2.366	0.1192	0.2873
2.388	-4.301	0.1991
2.071	-1.186	0.2296
2.39	2.689	0.2921
2.413	3.072	0.3147
2.216	4.018	0.1997
2.392	-1.451	0.2319
2.196	3.455	0.2273
2.272	1.92	0.2712
2.019	0.9317	0.2545
2.183	1.332	0.2529
2.277	0.1176	0.273
2.361	2.372	0.2861
2.057	2.395	0.2596
2.343	-0.8484	0.2716
2.226	0.963	0.2743
2.122	0.7882	0.2474
1.913	-1.187	0.155
1.826	-0.01988	0.1585
1.155	0.1987	0.04942
2.426	-4.392	0.246
2.246	-3.395	0.22
1.91	-0.7308	0.1613
2.249	-2.054	0.2402
1.468	2.133	0.09756
2.449	2.772	0.2987
2.34	-4.701	0.3384
2.436	-2.521	0.2886
2.349	2.797	0.2985
2.11	1.735	0.2748
2.348	4.197	0.2376
2.409	-4.027	0.335
2.378	0.1323	0.2966
2.558	0.142	0.2793
2.503	0.3731	0.2736
2.762	4.117	0.278
2.68	1.803	0.277
2.506	-1.527	0.3429
2.378	2.15	0.3517
2.502	-2.702	0.3363
2.339	0.1972	0.338
2.386	2.146	0.3126
2.371	1.022	0.2645
2.383	-0.9317	0.2688
2.287	0.07871	0.338
2.348	-1.143	0.3211
2.238	2.194	0.2839
2.466	2.608	0.2643
1.929	-1.876	0.1063
2.415	-1.971	0.2079
2.458	-1.901	0.2872
2.548	2.816	0.3125
1.31	0.466	-0.05027
2.379	-3.218	0.2123
2.028	-2.012	0.2351
2.21	3.159	0.2595
2.535	2.501	0.2717
0.7639	0.3148	-0.1104
0.6335	-0.3737	-0.05763
0.973	0.5123	-0.02139
2.154	-4.549	0.2004
2.115	-4.037	0.1869
2.088	-2.747	0.2276
2.326	-2.24	0.184
2.334	-2.423	0.2183
2.263	-2.06	0.1911
2.177	-2.935	0.2013
2.281	-3.031	0.2344
2.101	-5.836	0.2232
2.155	4.349	0.2432
2.067	3.057	0.2482
2.224	3.311	0.2433
1.995	-1.895	0.2579
2.055	2.469	0.2655
1.99	-2.296	0.2558
1.993	-2.74	0.2535
2.003	-0.9702	0.2576
2.028	-1.075	0.2499
2.364	0.2752	0.2357
2.409	0.603	0.2437
2.296	1.613	0.2405
2.205	3.191	0.2435
2.1	-0.0746	0.2448
2.393	3.129	0.2499
2.409	-2.178	0.2558
1.985	-4.629	0.2542
2.173	1.143	0.2467
2.262	3.908	0.2544
2.082	-2.338	0.2601
2.286	2.659	0.2597
2.172	-2.71	0.2366
2.205	-3.316	0.1949
2.294	-3.933	0.2574
2.317	-1.911	0.2309
2.248	-1.27	0.2181
2.257	-1.322	0.1767
2.322	-0.9918	0.1757
2.205	3.735	0.2865
2.293	2.719	0.2785
2.36	2.119	0.2687
2.133	-0.5776	0.3121
2.186	-3.064	0.2972
2.21	-1.345	0.2817
2.348	0.8058	0.2559
2.265	-1.764	0.164
2.242	-0.3295	0.1722
2.277	-1.325	0.1771
2.287	-3.499	0.1988
2.317	1.607	0.2131
2.265	-0.4598	0.1876
2.108	-1.084	0.1708
2.106	3.957	0.2372
2.012	3.572	0.2108
2.05	3.477	0.2268
2.005	3.15	0.2384
2.008	0.06973	0.2595
2.057	2.649	0.253
2.12	-0.1569	0.2608
1.991	2.258	0.1926
2.034	3.991	0.2182
2.116	1.35	0.2326
2.106	2.852	0.1967
2.209	2.665	0.2372
2.23	0.6592	0.1687
2.002	-2.218	0.1156
2.088	-0.3877	0.2985
2.196	-3.689	0.2656
2.19	-0.2198	0.2036
2.122	1.475	0.2267
2.089	-0.2533	0.1185
1.98	0.7224	0.1577
2.069	3.42	0.1649
1.951	-0.2142	0.136
1.854	-1.831	0.02944
1.909	-0.8381	0.03868
1.761	0.4546	0.01983
2.022	2.369	0.1387
2.066	-2.491	0.1012
1.706	-2.839	-0.01817
1.572	-3.255	-0.04824
1.455	-1.558	-0.04425
1.449	-2.62	-0.06992
2.02	1.467	0.3092
2.011	2.473	0.2965
2.099	2.944	0.2944
2.182	0.6981	0.2818
2.031	3.783	0.2911
2.028	3.583	0.2744
2.085	1.45	0.2304
2.365	-2.804	0.2382
2.303	-1.233	0.1527
2.295	-0.1681	0.2231
2.005	-0.5358	0.1314
1.762	1.395	0.05644
2.073	-0.542	0.1021
1.864	0.4825	0.0923
0.9333	-0.04333	-0.0109
1.655	-0.8941	0.07814
2.074	2.631	0.2115
2.099	1.433	0.1754
2.174	-0.1082	0.2265
2.023	-1.295	0.1505
1.605	-1.55	0.07101
1.978	1.855	0.1174
1.262	0.7735	0.01064
1.659	-0.831	0.06277
1.557	-0.4742	0.01487
1.173	0.4256	-0.09339
2.311	-0.6062	0.2012
2.117	0.02012	0.1635
2.229	1.739	0.2631
2.306	-1.944	0.247
2.262	-1.481	0.2452
2.184	-0.1954	0.2523
2.216	1.036	0.2469
2.082	2.577	0.2972
2.148	2.657	0.286
2.036	2.407	0.3113
2.047	1.614	0.3082
2.103	1.209	0.2936
2.12	-1.55	0.2898
2.13	0.3483	0.2844
2.139	2.347	0.2605
2.133	2.345	0.2545
2.154	2.485	0.2685
2.104	3.39	0.2674
2.106	2.618	0.2677
2.09	3.008	0.252
2.111	2.831	0.2528
2.105	-0.2581	0.2621
2.068	2.339	0.2559
2.074	1.907	0.2509
2.097	-0.4124	0.2511
2.071	1.645	0.2486
2.082	-2.269	0.2429
2.123	-1.38	0.2488
2.117	1.818	0.2541
2.066	-1.579	0.2471
2.09	0.4425	0.2462
2.176	-3.427	0.2583
2.191	2.444	0.2519
2.059	2.728	0.2965
2.093	-0.8566	0.2795
2.057	2.675	0.309
2.067	2.772	0.3006
2.146	3.935	0.284
2.176	1.459	0.2669
2.171	2.257	0.2656
2.081	0.8438	0.2668
2.156	-1.264	0.2769
2.246	1.953	0.2715
2.158	3.069	0.2606
2.095	3.301	0.261
2.236	0.2961	0.2624
2.205	-2.637	0.2497
2.139	0.9707	0.251
2.164	2.509	0.2457
2.126	-0.1287	0.2452
2.223	1.28	0.2557
2.226	-0.6654	0.2499
2.25	0.5562	0.2559
2.214	1.406	0.2701
2.274	2.892	0.2682
2.023	1.961	0.2553
2.043	3.083	0.2595
2.089	-0.3083	0.2467
2.072	3.961	0.2524
2.015	2.105	0.2538
2.015	3.448	0.2514
2.041	3.016	0.2556
2.193	-3.756	0.2652
2.193	1.933	0.2641
2.087	-3.921	0.2604
2.119	2.531	0.2643
2.077	1.701	0.2691
2.105	1.494	0.2767
2.15	3.546	0.2653
2.023	-2.138	0.2547
2.045	-3.241	0.2759
2.064	-5.272	0.2638
2.061	1.682	0.234
2.094	-1.689	0.244
2.051	3.771	0.2302
2.083	3.671	0.2164
2.009	3.647	0.243
2.015	3.017	0.2419
2.093	1.91	0.2279
2.098	4.326	0.2647
2.195	2.686	0.2696
1.987	1.816	0.2429
1.997	4.671	0.2441
2.023	-1.044	0.2368
1.988	-3.022	0.2368
2.04	-1.25	0.2503
2.043	-2.072	0.2646
2.144	3.273	0.275
1.998	3.503	0.2357
2.022	-2.618	0.2458
2.181	-5.211	0.2609
2.312	-1.547	0.2733
2.305	3.393	0.2687
2.352	-2.23	0.2649
2.422	1.391	0.2664
2.252	2.896	0.2695
2.159	0.7919	0.2152
2.078	4.006	0.216
2.279	3.817	0.2711
2.252	-1.822	0.2618
2.381	-3.518	0.2345
2.689	-1.848	0.2808
2.6	2.485	0.2516
2.325	-0.1676	0.2654
2.315	-1.793	0.272
2.206	-5.036	0.2705
2.259	-3.132	0.269
2.605	-2.242	0.2776
2.52	-3.949	0.2939
2.626	-1.297	0.282
2.531	1.57	0.2866
2.501	0.001904	0.2971
2.463	1.136	0.2785
2.557	0.5286	0.2833
2.483	2.516	0.2893
2.38	1.903	0.2855
2.475	-2.233	0.3014
2.534	1.604	0.2991
2.316	0.2891	0.2875
2.211	-4.21	0.2842
2.152	-1.024	0.2819
2.176	-1.888	0.28
2.06	3.954	0.2209
2.071	0.7742	0.2273
2.479	2.119	0.2688
2.423	-3.666	0.2051
2.045	4	0.2179
2.087	2.906	0.2082
2.082	-3.287	0.2324
2.423	-1.955	0.2971
2.452	2.154	0.3122
2.165	0.9584	0.278
2.365	1.353	0.2899
2.442	-1.581	0.3158
2.469	2.166	0.3167
2.403	3.287	0.2943
2.229	0.5275	0.1958
2.117	2.396	0.2015
2.409	-0.06952	0.2733
2.349	1.096	0.2547
2.398	3.146	0.2447
2.192	4.212	0.2066
2.143	1.484	0.2339
2.439	2.545	0.25
2.313	1.567	0.2213
2.261	2.205	0.2246
2.332	-1.074	0.2395
2.273	-0.15	0.2479
2.101	-2.732	0.2508
2.065	-1.359	0.2509
2.306	-2.434	0.2681
2.211	-1.294	0.2618
2.114	0.5966	0.2656
2.237	-1.37	0.2728
2.079	3.082	0.2624
2.138	2.533	0.2651
2.213	0.1779	0.2585
2.12	-5.012	0.253
2.142	-0.7802	0.2627
2.179	1.998	0.2507
2.266	0.5321	0.2739
2.291	2.145	0.2761
2.243	-4.254	0.2657
2.245	-1.374	0.2542
2.188	1.749	0.2355
2.317	0.1845	0.2698
2.302	3.056	0.2821
2.206	3.512	0.2414
2.275	3.518	0.2611
2.334	-0.2628	0.2705
2.008	2.957	0.2515
2.104	2.562	0.2653
2.013	3.568	0.2555
2.026	3.129	0.252
2.074	0.7192	0.2548
2.299	1.298	0.2837
2.173	2.794	0.2723
2.345	1.279	0.26
2.349	0.9146	0.2864
2.301	1.11	0.2746
2.274	-3.354	0.2628
2.204	0.367	0.2598
2.083	1.203	0.2592
2.135	-0.09162	0.2517
2.109	1.308	0.2672
2.143	-1.137	0.262
2.134	-3.598	0.2369
2.187	-2.296	0.2329
2.071	-1.056	0.1953
2.146	-1.945	0.2089
2.189	-0.2309	0.1897
1.851	-0.9646	0.1305
1.581	1.332	0.1057
1.625	1.343	0.07066
2.082	0.8871	0.1978
1.835	-0.3202	0.1491
1.378	1.169	0.08784
1.435	0.9201	0.09143
0.9963	-0.0557	0.03701
2.318	-0.1544	0.24
2.223	-3.099	0.2272
2.361	-1.141	0.2501
2.375	-1.221	0.2495
2.398	0.2145	0.2304
2.431	1.289	0.2471
2.31	1.13	0.2111
1.748	-1.085	0.1518
1.489	1.326	0.09262
2.113	-1.518	0.2023
2.104	-0.3797	0.1962
2.174	-2.899	0.1964
1.683	2.805	0.1269
1.201	0.5999	0.06247
2.385	-0.9023	0.2538
2.016	0.4577	0.1877
1.887	0.2406	0.1785
2.135	1.77	0.2459
1.831	0.549	0.1893
2.302	-1.958	0.2894
2.344	-3.94	0.3435
2.501	-3.484	0.2909
2.413	1.961	0.2816
2.296	0.0004622	0.3045
2.245	-2.114	0.3058
2.274	-4.246	0.3072
2.457	1.4	0.2574
2.4	0.7567	0.2745
2.422	-2.871	0.2403
2.451	1.129	0.2511
2.442	-3.011	0.3008
2.382	3.078	0.3019
2.208	-2.505	0.2935
2.528	-1.359	0.3044
2.496	1.076	0.3119
2.472	2.688	0.3146
2.171	-0.8235	0.2797
2.164	-0.1725	0.2808
2.334	2.914	0.2965
2.156	2.814	0.2762
2.082	3.432	0.2707
2.384	-2.711	0.3175
2.396	-5.864	0.3733
2.318	1.353	0.2474
2.314	1.96	0.2596
2.323	0.6229	0.2563
2.305	-1.954	0.2739
2.28	-1.834	0.2977
2.291	4.264	0.2843
2.372	2.157	0.2803
2.149	1.944	0.2759
2.221	2.278	0.2773
2.444	3.248	0.2889
2.553	1.255	0.3044
2.635	1.41	0.2964
2.486	1.18	0.251
2.317	-3.659	0.279
2.521	0.5768	0.2575
2.642	2.097	0.2684
2.648	3.527	0.2806
2.604	-0.7165	0.2651
2.429	5.104	0.2686
2.683	2.259	0.2932
2.716	4.259	0.274
2.757	4.146	0.2566
2.722	4.064	0.2796
2.651	1.228	0.2858
2.693	1.773	0.3148
2.523	2.946	0.3178
2.596	1.963	0.3301
2.677	-1.022	0.32
2.584	1.125	0.3467
2.371	2.053	0.3552
2.279	2.015	0.3543
2.522	1.767	0.3113
2.542	1.45	0.3191
2.277	-3.702	0.2949
2.528	2.449	0.3098
2.446	-0.6038	0.3199
2.364	-0.5219	0.3507
2.337	-1.628	0.3529
2.482	-2.097	0.3421
2.393	0.6614	0.3379
2.353	2.895	0.323
2.446	-2.627	0.3415
2.519	0.1747	0.3424
2.454	-3.103	0.3232
2.51	1.925	0.3169
2.107	-5.416	0.2822
2.146	0.6598	0.2634
2.2	2.4	0.262
2.553	-1.003	0.2643
2.427	-0.1886	0.2792
2.495	2.02	0.2638
2.144	3.243	0.2605
2.129	3.302	0.2628
2.354	2.811	0.3102
2.28	3.04	0.3368
2.333	3.195	0.299
2.421	0.7292	0.3251
2.26	2.985	0.3463
2.271	2.969	0.3474
2.376	-1.901	0.3384
2.319	1.397	0.2752
2.039	2.716	0.2654
2.339	1.36	0.293
2.339	1.312	0.299
2.397	-3.126	0.3183
2.012	-0.4666	0.277
2.253	1.487	0.3069
2.041	-2.874	0.2856
2.179	-1.059	0.2713
2.239	1.996	0.24
2.213	1.558	0.2682
2.429	2.242	0.268
2.575	1.162	0.2596
2.059	0.6793	0.1485
2.162	1.65	0.2039
1.54	1.454	-0.006855
1.738	1.331	0.03981
2.243	1.226	0.1486
2.309	0.3982	0.1941
2.482	0.1135	0.2273
2.587	1.61	0.2537
2.487	1.087	0.2861
2.437	0.3465	0.2457
2.619	-2.906	0.2427
2.379	-2.318	0.2937
2.323	1.019	0.3129
2.563	0.3261	0.3156
2.371	1.416	0.3254
2.407	-2.534	0.334
2.552	-0.0137	0.3096
1.252	0.4422	-0.08211
1.682	-0.4117	0.04808
1.27	1.565	-0.06433
1.871	-1.65	0.09565
1.891	-0.3037	0.08615
2.141	-2.823	0.1667
2.521	1.593	0.2635
1.721	-1.847	0.08824
2.261	-3.76	0.2469
2.012	-0.7999	0.1632
2.189	-2.636	0.2786
2.388	-5.609	0.3421
2.352	-2.702	0.2912
2.175	4.209	0.2712
2.56	1.551	0.275
2.641	-1.818	0.2859
2.325	1.594	0.2308
2.276	0.8672	0.2601
2.278	3.637	0.2648
2.626	-0.01242	0.2875
2.559	2.225	0.27
2.63	2.28	0.2958
1.046	1.519	-0.1202
0.7437	0.07355	-0.08861
0.9034	1.191	-0.1112
0.9954	2.341	-0.1046
0.9221	1.073	-0.09214
0.6618	-0.3823	-0.05297
0.6432	-0.289	-0.07888
0.9974	-0.08327	0.008793
0.7104	-0.36	-0.01944
0.7473	-0.3235	-0.01242
0.7737	0.1352	-0.07985
1.194	1.372	-0.04528
0.6674	-0.181	-0.08758
0.7147	-0.188	-0.04971
0.8743	0.008685	0.004854
1.345	1.234	0.05086
1.114	0.8392	0.0387
1.56	-0.2535	0.1152
