1.715	0.002673	0.06525
1.825	-1.61	0.2095
2.001	-3.122	0.2119
1.935	0.2883	0.2213
1.905	0.1264	0.2444
1.741	0.02662	0.2606
1.96	1.09	0.1926
2.075	0.4569	0.2197
2.023	0.5481	0.2038
1.813	3.201	0.1738
1.332	-2.236	-0.04622
1.975	-0.1439	0.2035
1.963	-3.466	0.1689
1.948	-0.1916	0.2079
1.952	-4.782	0.2182
1.916	-2.211	0.1857
1.924	-3.081	0.1481
1.634	1.731	0.163
2.025	2.597	0.2285
1.744	-0.3964	0.2589
1.292	-0.04328	0.02715
1.802	1.083	0.3308
1.914	2.261	0.27
1.83	-0.8553	0.2309
1.796	-0.4818	0.1944
1.906	0.1873	0.1989
1.922	1.425	0.2223
2.199	0.5027	0.2147
2.246	-2.894	0.2106
2.084	0.7678	0.2414
2.047	-3.582	0.2109
1.887	1.946	0.2109
1.907	-1.042	0.181
1.921	-1.911	0.1834
1.218	-0.4477	0.04256
1.926	-3.37	0.2792
1.972	1.53	0.3159
2.031	-2.153	0.2459
2.117	1.076	0.2818
2.149	1.004	0.2659
2.104	-3.365	0.2241
1.494	-0.8503	0.01126
2.042	-2.005	0.1716
1.97	-2.094	0.194
2.011	-5.17	0.1927
1.893	3.108	0.1721
1.974	0.01916	0.2052
1.901	2.545	0.1855
1.917	3.206	0.2211
1.941	-3.297	0.2116
1.898	-0.889	0.2341
1.999	-3.215	0.2108
2.04	-0.3612	0.1792
1.794	-0.1703	0.2111
1.793	2.427	0.1968
1.904	-3.304	0.1748
1.958	-3.567	0.164
1.904	2.861	0.1836
1.919	3.61	0.1917
2.066	1.04	0.2468
1.706	-0.03076	0.2437
1.895	-1.907	0.1422
1.924	3.132	0.03718
1.48	-0.8168	0.04613
1.93	2.46	0.009014
1.711	2.514	0.2991
1.603	2.045	0.2329
1.715	-0.06853	0.1617
1.332	-0.4234	-0.001721
1.582	0.1001	0.1464
1.503	1.7	0.1373
1.28	0.8079	-0.03214
1.889	1.647	0.2763
1.889	-2.306	0.1972
1.767	1.908	0.3101
1.812	2.668	0.3513
1.859	2.961	0.3422
1.865	0.3682	0.2943
1.841	1.709	0.2862
1.864	-0.4165	0.2541
1.883	1.779	0.2145
1.826	1.256	0.2615
1.862	3.031	0.219
1.881	1.922	0.2197
1.886	2.263	0.2254
1.957	0.6152	0.1915
1.926	1.131	0.2106
1.822	-0.4664	0.2366
1.78	0.1707	0.1869
1.788	-1.496	0.2026
1.807	-3.247	0.1977
1.815	2.146	0.1977
1.924	-0.4286	0.1801
1.875	0.5553	0.2044
1.858	-0.4342	0.238
1.898	2.592	0.2405
2.163	-0.01149	0.227
1.948	1.947	0.1632
2	-4.286	0.2328
2.111	1.378	0.228
2.194	0.7237	0.1822
2.042	-3.778	0.2194
2.05	-2.992	0.1748
2.033	-2.243	0.1627
1.889	-2.526	0.1839
2.006	-2.561	0.2057
2.181	1.322	0.2399
1.978	3.496	0.1749
1.926	-2.739	0.1796
2.042	2.948	0.2059
1.938	-0.5285	0.2095
1.894	-0.199	0.2263
1.945	2.952	0.231
1.972	0.779	0.2415
2.049	1.351	0.2436
1.898	2.641	0.2355
2.018	0.6561	0.212
1.973	1.248	0.2225
1.918	0.5681	0.2151
1.669	-0.5568	0.1137
1.681	0.6122	0.09001
1.227	-0.6137	-0.02409
1.901	-4.407	0.1821
1.788	-2.059	0.1636
1.653	0.1845	0.1216
1.835	0.2178	0.1987
1.577	1.134	0.08652
2.019	2.085	0.2739
1.894	-6.002	0.2631
2.026	0.6083	0.2331
2.026	2.836	0.2453
1.918	1.325	0.2675
1.93	2.764	0.2362
1.927	-5.229	0.2485
2.008	0.146	0.3357
2.033	1.837	0.3337
1.932	2.344	0.2773
1.945	1.86	0.2273
2.168	4.805	0.2125
1.965	-0.2254	0.2993
2.016	0.4068	0.2762
2.077	0.9155	0.3405
2.087	0.6782	0.3086
2.099	1.687	0.2318
2.11	-0.9094	0.2187
2.157	-0.3888	0.226
2.079	1.709	0.2999
2.124	-0.4603	0.2663
2.143	1.645	0.2303
2.18	1.359	0.2404
1.759	0.1502	0.07604
2.168	0.6564	0.1902
2.117	1.538	0.2907
2.13	2.645	0.2603
1.402	1.603	-0.05628
1.997	-1.3	0.1456
1.736	-2.171	0.1562
1.983	2.84	0.2118
2.089	1.444	0.2427
1.154	0.2818	-0.04908
1.076	-0.5226	-0.004251
1.238	0.08383	0.01413
2.028	-4.873	0.1953
2.03	-4.089	0.1748
2.004	-3.219	0.2064
2.009	-2.664	0.1621
1.967	-3.41	0.1791
2	-3.131	0.1675
1.995	-3.76	0.1767
1.969	-1.592	0.2085
1.982	-5.745	0.1956
1.913	2.116	0.1709
1.895	2.405	0.1762
1.927	1.588	0.18
1.919	0.0139	0.1885
1.972	-0.6121	0.2036
1.91	1.12	0.1889
1.905	1.974	0.1924
1.963	1.306	0.2067
1.904	2.353	0.1992
1.948	-0.5245	0.2162
1.939	-0.6731	0.2263
1.943	0.5518	0.1976
1.913	3.362	0.2073
1.907	3.901	0.2053
1.912	1.039	0.2279
1.911	-3.581	0.2376
1.938	-2.702	0.2091
1.914	1.802	0.2106
1.917	1.592	0.2161
1.94	-0.3531	0.2165
1.91	2.412	0.2227
2.005	-3.52	0.2137
2.042	-4.069	0.1939
1.981	-3.906	0.1995
1.976	-4.581	0.1868
2.039	-2.566	0.1956
2.054	-0.8017	0.1732
2.015	-2.322	0.1613
1.846	2.289	0.186
1.836	2.963	0.1864
1.912	-0.5592	0.1764
1.772	0.03878	0.2394
1.772	-1.327	0.2317
1.795	0.2289	0.2107
1.827	1.829	0.1821
1.886	-3.053	0.1552
1.889	-1.538	0.1495
2.009	-1.299	0.1609
1.963	-3.601	0.1656
1.973	-1.26	0.174
1.953	-0.6481	0.1549
1.937	-3.761	0.1596
1.903	2.737	0.1694
1.906	3.085	0.1789
1.903	3.506	0.1732
1.895	3.341	0.1743
1.924	-0.3447	0.1964
1.937	-0.6052	0.2154
2.017	0.2914	0.2116
1.912	3.522	0.1704
1.918	2.441	0.1928
1.957	-0.09112	0.2315
1.959	0.479	0.2281
2.08	1.187	0.2603
1.85	-2.202	0.1595
1.913	-2.004	0.1288
1.721	-0.3787	0.2576
1.765	0.1097	0.2193
1.778	2.827	0.1788
1.659	0.2724	0.2081
1.817	-2.078	0.1394
1.922	4.058	0.145
1.936	3.147	0.1291
1.923	3.421	0.1406
1.902	-0.3523	0.09633
1.828	-2.451	0.1004
1.945	3.623	0.007577
1.976	2.949	0.1129
1.545	-0.1278	0.1137
1.859	0.1888	0.03383
1.642	0.4463	-0.03446
1.386	-1.96	-0.05068
1.475	-2.877	-0.05036
1.726	0.5817	0.2867
1.682	0.876	0.2756
1.737	2.701	0.2941
1.689	0.8962	0.2492
1.67	3.554	0.2715
1.622	2.247	0.2536
1.555	-0.4641	0.214
1.722	-2.964	0.207
1.676	-0.2297	0.149
1.671	-0.5061	0.2
1.757	0.488	0.1081
1.548	0.09709	0.01004
1.664	0.6874	0.08626
1.577	0.2067	0.07827
1.209	-0.4903	0.01817
1.458	0.01102	0.08027
1.544	1.64	0.1893
1.534	-1.094	0.1654
1.595	-0.8329	0.1964
1.519	-1.132	0.1451
1.405	-0.2724	0.08587
1.5	2.042	0.1112
1.244	0.4519	0.001527
1.392	1.026	0.06329
1.404	1.131	0.01558
1.302	-0.6351	-0.05014
1.853	-0.5727	0.1749
1.782	-0.02368	0.1314
1.805	0.8836	0.2763
1.845	-2.676	0.2224
1.925	-0.8969	0.2335
1.919	2.382	0.2807
1.915	1.642	0.2406
1.769	2.832	0.3349
1.798	2.256	0.3137
1.747	0.6011	0.281
1.744	1.818	0.3229
1.777	1.739	0.3504
1.778	1.291	0.3232
1.8	1.809	0.361
1.879	2.953	0.3175
1.902	2.74	0.3017
1.851	2.31	0.321
1.834	2.963	0.3557
1.815	1.818	0.3585
1.855	2.346	0.316
1.882	3.037	0.2829
1.812	1.738	0.3237
1.826	1.969	0.3354
1.831	1.377	0.3041
1.867	0.7328	0.2693
1.863	0.9786	0.271
1.894	0.6049	0.2461
1.932	0.2259	0.225
1.819	1.272	0.29
1.855	0.7551	0.2735
1.872	-0.7559	0.2348
1.857	-3.035	0.2345
1.865	-3.268	0.2196
1.787	2.341	0.2832
1.804	0.5086	0.2925
1.777	0.932	0.2587
1.807	1.969	0.2297
1.847	2.129	0.2086
1.847	0.7076	0.2434
1.831	1.691	0.2289
1.836	1.057	0.2651
1.841	1.502	0.2346
1.891	1.271	0.2026
1.872	0.2964	0.2163
1.824	2.687	0.229
1.923	-0.8387	0.2082
1.926	0.4593	0.2143
1.969	-0.1117	0.2159
1.943	0.5593	0.2008
1.94	0.1425	0.2093
1.839	-1.892	0.231
1.877	1.436	0.2115
1.938	1.132	0.2038
1.908	0.7903	0.2082
1.959	2.824	0.2022
1.872	2.053	0.2295
1.812	3.143	0.2456
1.983	-2.026	0.2134
1.916	1.947	0.2159
1.837	1.872	0.2199
1.843	3.329	0.1979
1.796	2.78	0.2094
1.875	-2.067	0.2127
1.815	3.26	0.1855
1.853	-1.842	0.2475
1.804	3.486	0.2179
1.779	-0.55	0.1956
1.778	1.319	0.1864
1.83	0.4288	0.1954
1.784	-0.1551	0.1996
1.771	-4.301	0.1889
1.778	-4.484	0.1966
1.799	0.8503	0.1878
1.81	-0.7478	0.1903
1.807	3.214	0.188
1.822	3.908	0.1695
1.798	3.853	0.1941
1.796	2.132	0.2022
1.854	1.88	0.1944
1.863	1.684	0.2053
1.997	2.032	0.2089
1.899	0.9707	0.2022
1.832	3.022	0.1933
1.976	-1.984	0.2089
1.962	-1.571	0.2068
1.92	-0.5611	0.2174
1.848	2.073	0.2136
1.871	-2.344	0.2256
1.826	1.754	0.1952
1.844	1.978	0.222
1.893	-1.609	0.238
1.873	-2.945	0.2462
1.907	1.119	0.242
1.883	-3.746	0.2449
1.887	0.4017	0.2379
1.912	2.991	0.2265
1.978	-0.8464	0.1702
1.862	3.491	0.1621
2.028	2.375	0.2286
2.062	-0.7541	0.2109
2.065	-2.183	0.1871
2.224	-3.856	0.2073
2.128	0.7854	0.1844
2.039	-0.8748	0.239
2.022	1.362	0.244
1.944	-0.1959	0.2297
1.958	0.652	0.2328
2.044	-1.473	0.2279
2.105	-0.1873	0.2212
2.174	1.521	0.1974
2.218	0.1839	0.2176
2.246	-2.82	0.209
2.119	1.404	0.237
2.201	2.612	0.2043
2.164	1.233	0.1741
2.115	-0.9402	0.167
2.176	2.106	0.205
2.103	-0.3719	0.2192
2.092	-0.6344	0.1724
2.034	-3.641	0.168
1.983	-0.564	0.2082
1.979	-0.04357	0.168
1.906	3.262	0.1614
1.829	1.546	0.1745
2.138	1.972	0.1916
2.047	-0.2957	0.1608
1.967	2.724	0.1707
2.003	2.267	0.182
1.988	-3.683	0.1995
2.136	2.865	0.2124
2.214	-1.295	0.227
1.963	1.328	0.175
2.037	-2.595	0.1949
2.044	-1.65	0.2259
2.066	3.416	0.228
2.107	1.521	0.2454
2.013	0.5897	0.1721
2.023	0.04785	0.1847
2.09	0.8361	0.2029
2.055	1.369	0.2062
2.044	3.261	0.205
2.006	1.855	0.1823
2.05	1.649	0.2097
1.984	2.49	0.213
1.937	1.05	0.1728
1.992	1.82	0.1806
1.984	1.206	0.1846
2.043	0.1912	0.2063
1.931	-1.766	0.2058
1.894	0.226	0.2385
1.93	-0.5394	0.208
1.953	-3.334	0.1996
1.923	-0.7643	0.2082
1.91	1.738	0.2094
1.89	1.487	0.2172
1.887	-0.8107	0.2167
1.911	-0.1516	0.2092
1.86	-4.944	0.2027
1.94	-0.01145	0.2274
1.992	1.135	0.2408
1.933	2.075	0.2196
1.912	2.664	0.2204
1.94	-2.737	0.2183
1.968	1.902	0.2366
2.022	0.9682	0.2369
2.002	2.047	0.2425
1.954	3	0.2235
2.029	2.108	0.2353
2.046	2.182	0.2335
2.033	0.05397	0.2302
1.86	1.502	0.2572
1.9	2.582	0.2219
1.879	3.018	0.2375
1.875	3.255	0.2612
1.896	2.621	0.2541
2.016	1.528	0.2306
1.922	2.114	0.2175
2.019	0.6335	0.2106
2.049	0.8519	0.2353
2.024	1.33	0.2257
1.964	-0.6935	0.2019
1.951	-1.501	0.2173
1.909	1.754	0.2305
1.906	1.763	0.2354
1.923	1.852	0.223
1.966	1.283	0.2199
1.897	-3.35	0.2026
1.884	0.3033	0.2079
1.802	-1.429	0.1552
1.825	-1.352	0.176
1.786	-0.7635	0.1502
1.698	0.1314	0.07674
1.577	0.3104	0.02918
1.489	-0.03279	-0.01097
1.829	-0.6321	0.1419
1.684	0.7047	0.08724
1.47	-0.03812	0.0238
1.373	-0.01243	0.05041
1.145	-0.6288	0.03952
1.896	-2.554	0.1853
1.84	-2.214	0.1658
1.963	1.945	0.1913
1.925	0.9274	0.1914
1.866	-5.044	0.1761
1.907	-0.1988	0.1863
1.806	-1.158	0.1664
1.589	0.7436	0.1021
1.429	0.07455	0.07683
1.718	-0.5964	0.1399
1.735	0.2394	0.1432
1.82	0.1205	0.1539
1.565	0.3419	0.1043
1.327	-0.1873	0.05768
1.911	-1.762	0.1918
1.744	0.3943	0.1479
1.704	0.2461	0.1382
1.822	1.124	0.1966
1.768	1.256	0.1505
1.893	0.1234	0.2471
1.861	-3.53	0.244
2.002	-0.6876	0.2357
1.972	1.312	0.2493
1.936	0.5059	0.2774
1.952	-1.109	0.2828
1.908	-4.565	0.2695
1.959	2.84	0.2032
1.976	0.7003	0.211
1.923	-3.705	0.1838
1.974	2.378	0.2133
2.055	1.628	0.2439
2.027	2.608	0.2722
1.942	-3.736	0.2639
2.051	0.757	0.2584
2.075	1.584	0.2591
2.083	1.712	0.2477
1.94	-1.483	0.234
1.937	2.133	0.2889
2.014	2.788	0.2175
1.927	2.304	0.192
1.927	2.612	0.217
1.911	1.351	0.2398
1.876	-4.426	0.2362
1.935	2.635	0.2606
1.894	2.661	0.2388
1.938	-1.181	0.2293
1.964	-2.246	0.2443
1.989	-0.9923	0.2447
1.973	4.652	0.3245
1.986	2.05	0.3067
1.951	1.436	0.2652
1.962	2.218	0.3062
2.018	0.2655	0.3448
2.018	0.5686	0.3429
2.011	2.035	0.3341
1.945	1.88	0.2737
1.955	-3.702	0.2553
1.987	0.4207	0.2895
1.965	2.667	0.3155
1.932	2.841	0.3012
2	-1.279	0.2321
2.097	3.251	0.2362
1.918	1.806	0.2688
1.96	2.999	0.2474
2.051	3.063	0.2069
2.021	3.201	0.2042
2.121	2.627	0.2018
1.97	1.534	0.24
2.01	3.203	0.2432
1.952	0.8562	0.2976
1.931	1.476	0.2657
1.97	1.385	0.2743
2.028	0.5828	0.313
2.07	1.771	0.2929
2.038	-0.0613	0.3397
2.006	1.632	0.3361
2.009	-0.9887	0.2859
2.07	-1.223	0.2998
2.14	1.445	0.295
2.021	-0.4917	0.3309
2.1	1.55	0.2958
1.991	-0.4927	0.3361
2.087	0.6903	0.3431
2.184	0.2604	0.2764
2.142	-0.5893	0.2614
2.146	-1.973	0.256
2.138	0.9313	0.2486
2.031	-2.293	0.2368
1.985	-3.908	0.2261
2.066	0.8012	0.211
2.055	-0.2386	0.2095
2.183	1.104	0.2359
2.174	1.094	0.2459
2.135	-1.134	0.2204
2.07	0.9399	0.2117
2.066	0.8179	0.2141
2.094	2.399	0.2939
2.054	0.5686	0.2905
2.129	-2.131	0.268
2.05	0.4927	0.2661
2.061	1.925	0.2876
2.095	2.164	0.2911
2.127	-0.2775	0.2702
2.16	0.4229	0.2281
2.02	2.571	0.2191
2.175	1.871	0.2479
2.171	-0.8241	0.2448
2.162	-2.338	0.2464
2.013	0.1476	0.2231
2.125	1.738	0.2308
1.991	-2.789	0.2243
2.086	0.9865	0.2226
2.113	1.412	0.2532
2.128	1.263	0.2516
2.135	0.6752	0.2298
2.174	0.6117	0.2496
2.059	1.94	0.1147
2.095	1.945	0.1988
1.369	-1.42	-0.005114
1.739	1.737	0.04624
1.946	-0.845	0.1359
2.087	-2.73	0.1802
2.113	1.527	0.2175
2.155	-1.257	0.2553
2.129	0.9142	0.2831
2.195	1.055	0.2335
2.127	1.252	0.25
2.124	0.488	0.2619
2.104	1.842	0.3059
2.12	-3.221	0.2682
2.105	2.143	0.2926
2.093	1.307	0.2858
2.097	-0.4956	0.2375
1.322	-0.3382	-0.05409
1.588	0.4059	0.01908
1.464	1.789	-0.04462
1.801	0.4319	0.07952
1.79	-0.7833	0.04065
2.017	-4.685	0.1301
2.063	-2.35	0.1922
1.581	-2.141	0.08851
1.866	-0.8252	0.1972
1.798	0.08046	0.1413
1.802	-1.749	0.1881
1.879	-5.923	0.2325
1.95	-1.902	0.2411
2.033	2.461	0.2368
2.044	2.058	0.2092
2.078	0.8434	0.2426
1.975	-1.291	0.1766
2.058	2.114	0.2221
2.087	2.718	0.2415
2.118	1.304	0.2513
2.131	2.287	0.2284
2.162	6.429	0.223
1.248	0.2013	-0.07237
1.16	0.2649	-0.02753
1.193	1.212	-0.04107
1.279	2.734	-0.05826
1.269	0.9819	-0.05508
1.112	-0.6058	-0.0002645
1.111	-0.4067	-0.007608
1.188	-0.6598	-0.02046
1.072	-0.6704	0.02044
1.114	-0.5638	0.01443
1.166	-0.0526	-0.0382
1.355	0.2638	-0.01096
1.102	-0.2685	-0.03226
1.131	-0.3665	-0.004782
1.18	-0.3839	0.02301
1.432	1.331	0.05376
1.331	0.8421	0.04845
1.603	0.04706	0.1046
1.479	0.3358	0.05214
1.701	-1.49	0.2001
1.883	-2.719	0.2275
1.715	-1.655	0.2029
1.793	0.8692	0.2525
1.836	0.07452	0.1965
1.906	0.9711	0.1733
2.065	2.429	0.1855
2.104	1.078	0.2062
1.862	2.444	0.2539
1.184	-2.232	-0.05802
1.947	1.715	0.2505
1.891	-2.632	0.2619
1.82	-4.527	0.2265
1.845	-5.163	0.2398
1.914	1.375	0.1702
1.886	-2.167	0.1972
1.683	-0.07779	0.1586
1.984	1.755	0.1686
1.914	0.7365	0.2538
1.043	0.191	0.01375
1.816	1.11	0.2932
1.938	0.9835	0.2611
1.91	-0.09341	0.2335
1.876	0.2312	0.2511
1.884	1.861	0.2258
1.789	0.9075	0.2361
1.869	0.9808	0.3039
1.978	0.8699	0.2497
2.291	1.342	0.2153
1.999	-3.021	0.1813
1.847	2.907	0.2211
1.948	-1.448	0.1818
1.851	-0.8705	0.204
0.8547	-0.2039	0.08196
1.823	-3.166	0.1906
1.975	1.963	0.2695
1.832	-1.357	0.2303
2.133	0.1646	0.2844
2.031	2.107	0.2664
1.778	-0.485	0.1834
1.346	-2.3	-0.07605
1.892	-1.979	0.2135
1.872	-1.642	0.2584
1.897	-5.018	0.2199
1.856	2.938	0.2766
1.87	1.964	0.2466
1.765	3.649	0.2474
1.748	3.355	0.2318
1.764	-4.348	0.2082
1.719	2.161	0.2185
1.879	-5.014	0.2079
1.872	0.2629	0.1922
1.873	0.1109	0.1738
1.868	1.178	0.1718
1.871	-3.226	0.1587
1.903	-2.965	0.2541
1.946	1.743	0.2897
1.974	3.099	0.2099
2.003	0.6014	0.2338
1.812	-0.02565	0.1945
1.771	-1.34	0.1665
1.754	-0.1043	0.04223
1.483	-2.025	0.06882
1.482	1.26	0.01002
1.869	2.122	0.2472
1.803	3.002	0.2205
1.748	0.2548	0.167
1.075	-0.1731	0.01385
1.635	-1.133	0.152
1.593	1.429	0.1446
1.108	0.7773	-0.01767
1.947	2.042	0.2841
1.802	-3.264	0.1844
1.843	2.063	0.2313
1.893	2.127	0.3198
1.874	2.466	0.3403
1.789	0.8643	0.2919
1.838	1.925	0.2769
1.828	0.6236	0.2119
1.829	-2.371	0.2156
1.859	0.1519	0.1978
1.909	2.522	0.2122
1.904	2.878	0.2341
1.965	-2.131	0.2279
1.834	-0.1879	0.2172
1.887	1.987	0.2426
1.939	1.122	0.2617
1.884	1.906	0.2512
1.853	-0.724	0.2791
1.848	-3.07	0.2468
1.879	1.721	0.2509
1.87	1.646	0.2518
1.871	0.4639	0.2413
1.77	-1.402	0.238
1.693	2.956	0.1941
1.808	1.092	0.2498
1.902	0.7699	0.2053
1.764	-0.5861	0.2308
1.719	1.202	0.2014
1.799	3.161	0.2379
1.903	-1.839	0.2541
2.029	-0.2328	0.2198
2.044	-4.501	0.1482
1.882	-1.496	0.1971
2.258	0.3678	0.2178
2.293	1.088	0.2185
2.11	2.911	0.1402
2.031	-1.717	0.1658
2.167	3.143	0.1995
1.814	0.2576	0.2073
1.822	0.9241	0.2378
1.878	1.621	0.2238
1.965	0.9672	0.2332
2.151	1.174	0.253
1.939	1.223	0.2392
1.995	-0.8938	0.2208
2.027	0.06753	0.2267
1.896	0.2098	0.2007
1.417	-0.3797	0.08581
1.4	-0.3534	0.1182
0.9609	-0.1047	0.04654
1.94	-4.105	0.194
1.792	-1.748	0.1936
1.51	-0.2496	0.1608
1.755	0.5769	0.1907
1.42	1.355	0.1145
1.971	2.934	0.2272
1.755	-4.579	0.223
2.091	0.6331	0.221
2.066	3.078	0.2218
1.901	0.3611	0.1767
1.736	4.034	0.1867
1.789	-6.2	0.2485
1.881	-4.788	0.2753
1.866	1.605	0.2183
1.819	0.7469	0.1903
1.981	2.518	0.1956
2.086	4.552	0.1844
2.008	4.747	0.2782
2.038	2.215	0.2686
2.108	0.9738	0.3488
2.162	-0.01574	0.3299
1.942	1.77	0.2429
2.062	-1.602	0.2542
2.078	0.8196	0.2495
2.05	1.41	0.2763
2.047	-1.58	0.2677
2.033	1.77	0.2316
2.051	0.9378	0.2379
1.484	-0.8562	0.01727
1.754	-1.07	0.1585
1.911	0.7742	0.2683
2.029	1.425	0.1977
1.278	1.329	-0.09808
1.747	-2.295	0.08369
1.664	-2.379	0.1332
1.818	2.965	0.1712
1.94	1.435	0.1797
0.7986	0.197	-0.07123
0.5924	-0.4717	-0.0004046
0.9535	0.4155	0.01433
1.887	-5.453	0.2145
1.9	-3.992	0.2116
1.887	-4.361	0.2246
1.888	-2.578	0.2265
1.881	-2.167	0.2602
1.887	-2.262	0.2288
1.891	-2.659	0.2277
1.865	-2.874	0.2517
1.887	-5.66	0.2288
1.867	2.937	0.2836
1.799	2.78	0.2618
1.835	2.53	0.2723
1.879	-0.6664	0.2708
1.92	2.222	0.2501
1.826	-1.72	0.2588
1.787	-1.635	0.2451
1.833	-1.879	0.2375
1.76	-1.039	0.2286
1.824	-0.6539	0.2529
1.811	-0.5705	0.2429
1.826	1.273	0.2628
1.753	3.959	0.2344
1.745	0.5285	0.2178
1.74	2.697	0.2264
1.774	-1.642	0.2351
1.794	-5.494	0.2138
1.728	0.8781	0.2118
1.716	2.004	0.2083
1.733	-2.602	0.2062
1.698	2.53	0.2023
1.881	-3.455	0.2223
1.878	-3.46	0.207
1.896	-4.692	0.1847
1.887	-4.004	0.1718
1.874	-2.216	0.1941
1.882	-0.9345	0.2075
1.893	-2.611	0.2162
1.922	0.4635	0.1669
1.905	1.987	0.1623
1.897	-0.5747	0.1596
1.846	-0.2275	0.1821
1.849	-0.6568	0.1812
1.882	-0.4614	0.1739
1.866	1.957	0.162
1.833	-1.943	0.1805
1.861	-0.4678	0.1636
1.884	-1.679	0.1988
1.897	-3.808	0.2608
1.873	-0.8216	0.1687
1.875	-0.3635	0.1723
1.901	-2.52	0.2427
1.898	3.211	0.2963
1.938	3.022	0.2911
1.921	2.879	0.3
1.906	2.422	0.2896
1.922	1.252	0.2738
1.959	1.55	0.2543
1.984	-0.151	0.2451
1.94	2.65	0.233
1.972	2.421	0.2683
1.981	1.722	0.2282
1.981	2.64	0.185
2	2.476	0.2091
1.815	2.278	0.1729
1.833	-2.641	0.1605
1.828	-0.3891	0.2007
1.841	-0.8513	0.1823
1.817	-0.1414	0.1677
1.783	0.2219	0.1828
1.712	1.491	0.1449
1.899	2.058	0.1197
1.926	2.63	0.1074
1.88	0.8541	0.1323
1.769	-2.568	0.1109
1.656	0.3731	0.1035
1.648	0.4927	0.007443
1.896	2.623	0.09628
1.611	-1.39	0.1231
1.527	-1.905	0.04091
1.383	-3.097	-0.02313
1.284	-0.6673	-0.03521
1.265	-2.528	-0.05166
1.84	2.269	0.2231
1.83	2.399	0.2256
1.912	3.298	0.2626
1.864	1.125	0.2353
1.858	3.257	0.2377
1.804	3.081	0.2179
1.746	2.045	0.1954
1.845	-2.49	0.2195
1.709	-0.6626	0.1561
1.823	-0.7159	0.2087
1.57	-0.5573	0.09975
1.461	0.8391	0.02036
1.565	-0.2743	0.08757
1.491	0.1347	0.08231
0.9667	-0.2531	0.0182
1.368	-0.67	0.08251
1.717	2.394	0.1905
1.686	1.893	0.1671
1.765	1.153	0.2001
1.601	0.7383	0.1497
1.317	-0.7868	0.07683
1.571	2.836	0.1222
1.053	-0.7564	0.0003466
1.364	1.137	0.06781
1.383	2.091	0.04001
1.145	-0.3261	-0.06258
1.788	-0.6827	0.1744
1.605	-0.6634	0.1089
1.94	1.524	0.2798
1.875	-2.545	0.2364
1.89	-1.412	0.2389
1.942	1.705	0.2782
1.889	-0.2015	0.2373
1.899	2.241	0.2853
1.938	2.63	0.2914
1.847	2.174	0.2076
1.86	1.974	0.2528
1.856	1.526	0.2929
1.832	1.698	0.2561
1.843	1.334	0.3261
1.931	2.306	0.3162
1.918	2.658	0.2958
1.94	2.265	0.3153
1.888	2.146	0.3453
1.833	1.691	0.3477
1.853	2.14	0.3098
1.905	2.741	0.2724
1.8	1.059	0.3103
1.813	1.584	0.3338
1.801	1.482	0.3012
1.786	-0.897	0.2717
1.793	1.053	0.2692
1.801	0.2548	0.2428
1.797	-0.5032	0.233
1.814	0.8962	0.2419
1.798	0.7737	0.2473
1.832	1.661	0.216
1.865	-1.317	0.222
1.885	-1.328	0.2215
1.836	2.766	0.2004
1.825	-1.205	0.2216
1.85	1.975	0.1872
1.879	1.847	0.1869
1.919	1.926	0.1891
1.872	1.517	0.2181
1.902	2.081	0.2272
1.843	1.803	0.2052
1.892	1.032	0.2104
1.917	2.177	0.1925
1.907	1.296	0.22
1.921	3.29	0.2339
1.898	-0.8948	0.2053
1.888	-1.067	0.2223
1.885	0.02434	0.2335
1.835	0.7499	0.2176
1.805	0.4232	0.2296
1.948	-1.644	0.2358
1.919	-0.1952	0.2202
1.897	0.9139	0.2166
1.926	1.26	0.2261
1.853	1.144	0.2114
1.926	1.913	0.2492
1.947	2.092	0.2491
1.885	-1.604	0.2361
1.897	2.895	0.2436
1.905	1.282	0.2546
1.89	2.099	0.2459
1.9	3.506	0.2585
1.945	-0.7202	0.2441
1.903	1.786	0.24
1.963	-1.176	0.2539
1.923	1.799	0.2573
1.876	1.494	0.2593
1.854	0.8776	0.2531
1.862	2.323	0.242
1.863	-2.074	0.2676
1.856	-3.056	0.2626
1.844	-4.431	0.2605
1.853	-0.3567	0.2691
1.851	-2.067	0.2485
1.865	2.557	0.2728
1.868	3.975	0.2547
1.88	3.786	0.2524
1.874	3.189	0.2737
1.875	2.393	0.257
1.843	2.744	0.2412
1.861	2.462	0.2474
1.883	0.8565	0.2398
1.879	4.361	0.2402
1.889	-0.6412	0.232
1.891	-2.422	0.2318
1.864	-2.171	0.2431
1.824	2.343	0.2385
1.776	0.6738	0.234
1.872	2.211	0.2412
1.833	-0.2189	0.2457
1.817	-5.15	0.2403
1.726	-1.362	0.2225
1.713	1.223	0.2162
1.754	-2.318	0.2276
1.707	2.23	0.2073
1.696	0.476	0.1949
1.881	-0.01952	0.2325
1.878	4.451	0.2313
1.822	1.084	0.2512
1.863	0.7867	0.2444
1.875	-3.663	0.2273
1.853	1.821	0.2505
1.911	-3.106	0.2177
1.686	1.744	0.1853
1.713	-2.024	0.2231
1.73	-5.576	0.2086
1.699	-3.94	0.1918
1.716	-1.58	0.2029
1.851	0.9926	0.2763
1.808	0.9486	0.2413
1.754	1.728	0.2431
1.877	-0.2968	0.2487
1.696	-5.219	0.241
1.761	2.412	0.2254
1.813	2.764	0.2554
1.882	-6.387	0.2292
2.05	-2.777	0.2421
1.871	2.978	0.2871
1.846	0.5047	0.2426
1.919	-4.648	0.2115
1.886	0.1156	0.1966
1.972	-3.048	0.1844
1.905	2.432	0.1928
1.864	1.803	0.2295
2.013	1.344	0.2017
1.959	-4.849	0.1708
1.954	2.891	0.1613
2.005	2.745	0.1512
1.915	-2.223	0.1771
2.216	-0.7005	0.2344
2.151	0.8667	0.2332
2.036	-0.05047	0.1811
2.159	1.207	0.2212
2.336	0.4607	0.2304
2.322	2.462	0.2264
2.359	1.864	0.2114
2.076	-0.6608	0.1392
2.053	2.535	0.1504
2.117	1.488	0.1838
2.186	4.684	0.1686
2.233	2.747	0.1658
2.131	0.5171	0.1586
2.096	0.8245	0.1909
2.186	1.991	0.1825
2.099	0.898	0.1492
2.119	1.975	0.1703
2.026	1.095	0.181
2.137	0.04817	0.2096
1.806	-0.7259	0.2255
1.797	0.684	0.2473
1.858	-0.961	0.2105
1.827	-0.4302	0.2092
1.815	0.8257	0.2188
1.793	1.836	0.2139
1.832	2.712	0.2278
1.86	0.5144	0.2357
1.878	-2.343	0.2273
1.859	-4.414	0.2272
1.875	-0.3293	0.2176
1.903	1.765	0.213
1.857	1.67	0.2169
1.861	2.969	0.2221
1.878	-3.279	0.2148
1.922	0.3046	0.2205
2.004	2.67	0.2164
2.047	1.989	0.2428
1.984	2.844	0.2324
2.111	2.472	0.2291
2.174	2.883	0.238
2.156	0.8001	0.2365
1.831	1.072	0.2551
1.889	2.883	0.2309
1.875	2.777	0.243
1.897	2.898	0.2556
1.942	1.074	0.2491
2.045	1.874	0.242
1.942	2.527	0.2273
2.033	1.318	0.2165
2.143	0.3969	0.2458
2.066	-0.3702	0.2386
1.978	-3.912	0.2142
2.023	-3.236	0.2127
1.954	0.8102	0.231
1.924	1.105	0.231
1.968	1.963	0.2289
1.973	0.5069	0.214
1.944	-2.324	0.1789
1.821	-2.932	0.193
1.719	-0.0307	0.1348
1.729	-3.079	0.1452
1.685	-1.103	0.1209
1.449	-0.7123	0.05789
1.272	0.411	0.0355
1.326	0.6215	0.008491
1.735	0.2947	0.1501
1.443	-0.7408	0.09218
1.208	0.5458	0.07155
1.128	0.1791	0.1009
0.7544	-0.3768	0.08222
1.911	-4.227	0.2007
1.879	-4.771	0.1844
1.994	0.3541	0.1924
1.941	-1.885	0.1993
1.871	-3.488	0.2007
1.922	-0.3303	0.2051
1.788	1.142	0.2003
1.43	-0.268	0.1431
1.245	0.6528	0.121
1.692	0.06238	0.1623
1.656	0.5996	0.1751
1.703	-0.7881	0.188
1.439	0.7775	0.1441
1.116	0.2448	0.09591
1.881	-1.663	0.2037
1.68	0.09714	0.1792
1.614	0.404	0.1596
1.691	1.892	0.1875
1.6	1.433	0.1496
1.775	0.6771	0.2123
1.732	-3.482	0.2216
1.982	-2.122	0.2212
1.892	2.326	0.2143
1.823	-0.1147	0.2238
1.876	-1.94	0.2231
1.771	-4.62	0.2077
2.004	1.014	0.204
1.983	0.4614	0.2145
1.988	-3.793	0.1822
2.085	1.603	0.1974
2.194	1.925	0.2215
2.017	3.561	0.2287
1.909	-3.657	0.2081
2.055	0.8654	0.2334
2.138	1.925	0.2354
2.197	2.452	0.2314
1.937	-2.97	0.1926
1.893	0.3168	0.1844
2.141	3.435	0.2144
2.055	3.294	0.1812
1.862	0.9286	0.1701
1.734	-1.277	0.229
1.736	-3.258	0.2269
1.787	2.342	0.1802
1.72	2.222	0.2011
1.746	0.9149	0.2203
1.766	-3.851	0.2125
1.803	-5.799	0.2409
1.917	-0.3407	0.2033
1.854	2.568	0.181
1.761	3.93	0.2057
1.941	2.159	0.2127
1.956	2.443	0.2609
2.014	1.553	0.3002
1.906	2.736	0.2569
1.769	2.387	0.1942
1.807	-3.667	0.2061
1.798	1.817	0.1826
1.799	3.488	0.2051
1.883	3.215	0.219
1.95	0.6337	0.1909
1.946	0.8803	0.208
1.948	2.07	0.2257
1.946	2.623	0.1887
2.013	1.012	0.1742
2.015	2.727	0.177
2.082	3.268	0.169
1.992	2.164	0.2236
2.046	3.057	0.2228
1.993	0.6854	0.278
1.974	2.039	0.2431
1.995	2.304	0.2597
2.073	1.264	0.2903
2.067	0.7762	0.2902
2.05	1.026	0.3227
2.023	1.341	0.3276
1.838	-3.451	0.264
1.975	-0.8636	0.3209
2.068	0.6598	0.3447
2.105	-0.8043	0.3095
2.141	0.4758	0.297
2.031	-1.622	0.3274
2.145	0.9299	0.3596
2.081	0.4676	0.3489
2.137	-1.59	0.2906
2.153	-6.483	0.2718
1.943	0.5923	0.3044
1.93	1.134	0.2532
1.757	-4.899	0.2192
1.991	1.274	0.2476
1.973	1.801	0.2502
2.078	0.712	0.2612
2.071	1.325	0.2617
2.089	0.7805	0.2557
1.99	1.968	0.2447
1.967	1.445	0.2361
2.015	1.81	0.2748
2.04	1.726	0.2846
2.044	1.43	0.2626
2.065	-0.5067	0.2313
2.055	-0.2756	0.2758
2.06	1.948	0.2947
2.08	-0.7373	0.2764
2.065	-0.6844	0.2356
1.925	0.8906	0.2231
2.071	0.8117	0.2509
2.065	-0.22	0.2489
2.077	-3.454	0.2561
1.862	-1.739	0.2179
1.981	1.707	0.2334
1.8	-6.035	0.2187
2.047	-0.3578	0.2499
2.036	1.771	0.2058
2.071	-0.06388	0.2354
2.079	0.8449	0.2523
2.037	1.973	0.2613
1.689	1.477	0.1058
1.941	1.852	0.1589
1.258	-0.9949	-0.02986
1.43	1.746	0.03252
1.582	1.238	0.09676
1.665	-0.8886	0.1043
1.731	-0.7934	0.1615
1.986	0.3528	0.2514
1.996	-0.5256	0.2704
1.969	1.132	0.2049
1.865	1.278	0.2181
1.847	0.7802	0.2344
1.974	1.215	0.277
1.908	1.08	0.2091
1.951	-0.02543	0.2501
2.04	1.295	0.2349
2.081	5.005	0.1893
1.163	-0.8819	-0.0767
1.439	0.815	-0.04359
1.288	1.474	-0.09613
1.633	-2.224	0.005062
1.591	-1.261	-0.03502
1.662	-2.334	0.05596
1.766	-4.914	0.1364
1.545	-1.7	0.04391
1.767	-3.228	0.1575
1.664	-1.324	0.08695
1.693	-1.676	0.178
1.774	-6.758	0.2167
1.811	-4.033	0.2231
1.845	1.564	0.2171
1.818	0.6445	0.1414
1.855	0.6058	0.1715
1.768	-0.2771	0.118
1.867	2.281	0.17
1.909	3.336	0.2109
1.98	0.5157	0.1868
2.021	3.731	0.1906
2.096	4.904	0.1792
1.045	1.09	-0.09796
0.7863	0.159	-0.04538
0.9314	1.684	-0.06651
1.052	2.304	-0.08614
0.978	1.001	-0.0853
0.6657	-0.5489	0.01497
0.6394	-0.2868	-0.01845
0.9436	-0.2509	0.01934
0.6001	-0.6764	0.0492
0.662	-0.4153	0.03482
0.8101	0.08118	-0.04279
1.113	1.511	-0.0405
0.6737	-0.2481	-0.04196
0.707	-0.3018	-0.000489
0.8489	-0.1597	0.04209
1.281	1.163	0.03595
1.157	0.8512	0.06146
1.484	0.1484	0.09961
