1.997	2.101	0.1185
2.505	-1.452	0.1629
2.216	-1.791	0.1547
2.407	-1.551	0.1691
2.425	-4.058	0.1469
2.368	0.7604	0.1674
2.411	-1.246	0.1587
2.344	2.937	0.1425
2.594	1.041	0.1608
2.822	3.103	0.1649
1.679	-2.937	-0.02421
2.383	-0.4155	0.1746
2.266	-2.399	0.1424
2.347	-5.016	0.185
2.293	-4.934	0.1535
2.391	-1.863	0.1696
2.162	-1.274	0.07004
2.307	0.4522	0.1019
2.502	2.439	0.08958
2.237	-1.032	0.1429
1.72	0.125	0.05645
2.134	-2.112	0.1502
2.221	-0.7631	0.1347
2.308	1.489	0.1644
2.262	-0.7485	0.1667
2.474	0.1384	0.1803
2.46	3.309	0.1823
2.495	0.5511	0.1918
2.446	-4.042	0.1274
2.685	2.488	0.1665
2.317	-3.528	0.1517
2.492	3.081	0.1853
2.282	-3.603	0.1668
2.444	-0.2565	0.1447
1.437	-0.2232	0.06152
2.437	-2.202	0.1585
2.351	4.39	0.1464
2.634	-1.723	0.147
2.535	0.2953	0.2029
2.858	-0.3892	0.1837
2.371	-4.193	0.1219
2.232	-1.349	0.05606
2.253	-1.369	0.132
2.222	-0.9175	0.143
2.349	-4.951	0.1401
2.35	3.057	0.1644
2.304	0.6766	0.1865
2.368	4.697	0.1727
2.365	1.516	0.1722
2.317	-1.991	0.1707
2.403	2.22	0.1755
2.179	-3.94	0.1562
2.258	0.6014	0.1408
2.384	-1.152	0.1798
2.443	2.875	0.1702
2.31	-2.916	0.159
2.257	-3.534	0.1211
2.349	0.8743	0.1258
2.312	3.171	0.05734
2.519	3.251	0.139
2.442	-1.132	0.1436
2.076	-1.946	0.09
2.143	3.245	0.04521
1.994	-3.171	0.071
2.155	4.029	-0.01292
2.242	1.662	0.147
2.282	1.899	0.1357
2.244	0.3647	0.1332
1.585	0.1479	0.08493
2.212	-3.295	0.1238
2.156	2.101	0.1082
1.749	-0.6038	0.03134
2.229	-0.6098	0.1375
2.239	-3.492	0.1483
2.198	3.545	0.1625
2.04	3.577	0.1424
2.096	2.134	0.1266
2.392	0.8922	0.1433
2.226	3.172	0.1356
2.356	0.3297	0.1576
2.395	2.19	0.159
2.345	-1.147	0.1733
2.338	3.776	0.1629
2.152	2.532	0.1604
2.418	1.557	0.1698
2.44	0.7356	0.1639
2.237	1.255	0.1633
2.172	1.69	0.173
2.073	2.135	0.1703
2.459	-0.2673	0.1638
2.191	-5.093	0.1848
2.581	3.229	0.1691
2.604	2.157	0.1526
2.495	-1.485	0.164
2.308	-1.07	0.1774
2.605	3.232	0.1866
2.653	-0.5827	0.1735
2.592	-3.283	0.1369
2.3	-4.494	0.1852
2.577	3.982	0.1896
2.495	2.801	0.1871
2.444	-4.91	0.1813
2.467	-3.7	0.178
2.501	-3.861	0.1115
2.53	1.205	0.1577
2.397	2.423	0.162
2.464	-0.1252	0.1334
2.767	5.21	0.1103
2.693	-2.846	0.1232
2.501	3.485	0.1725
2.423	-0.7801	0.183
2.35	0.5638	0.1568
2.581	3.154	0.2119
2.478	-0.9825	0.2039
2.585	1.905	0.2052
2.265	2.241	0.162
2.554	-1.581	0.1858
2.531	-0.7314	0.1949
2.359	1.412	0.1692
1.976	0.5228	0.1346
2.021	2.137	0.101
1.335	-0.1858	0.08328
2.547	-4.313	0.1321
2.328	-2.641	0.1318
2.084	-1.451	0.11
2.441	0.823	0.1428
2.125	0.5827	0.1064
2.477	1.397	0.1539
2.473	-5.412	0.18
2.623	-2.073	0.1641
2.427	4.546	0.1532
2.365	0.9817	0.1487
2.779	1.488	0.1388
2.691	-4.74	0.1648
2.471	-2.554	0.1554
2.521	3.897	0.1394
2.612	3.205	0.1476
2.216	0.377	0.1522
2.271	3.438	0.1364
2.379	1.397	0.1742
2.615	0.8973	0.1967
2.531	1.334	0.174
2.561	-1.584	0.1869
2.642	1.735	0.1838
2.56	1.131	0.1947
2.691	-0.3796	0.1982
2.727	2.841	0.1733
2.878	2.466	0.1836
2.646	2.981	0.185
2.56	2.543	0.188
2.126	-0.2994	0.07619
2.55	2.264	0.1317
2.702	1.036	0.1554
2.327	-1.984	0.1234
1.907	1.082	-0.007586
2.316	-2.84	0.1096
2.472	-1.892	0.1524
2.769	3.314	0.1406
2.492	-0.212	0.1262
1.436	-0.1181	0.01032
1.298	-0.3372	0.03916
1.562	0.04391	0.05545
2.228	-4.552	0.1419
2.293	-4.58	0.1259
2.251	-3.25	0.1489
2.287	-0.8291	0.1289
2.233	-2.329	0.1443
2.273	-1.989	0.1314
2.274	-2.53	0.1327
2.244	-0.689	0.1474
2.356	-4.286	0.1391
2.292	1.992	0.1648
2.364	4.493	0.1742
2.271	2.262	0.1691
2.354	-1.666	0.1621
2.348	-0.9879	0.1814
2.338	-0.3285	0.1777
2.356	-1.248	0.1791
2.322	-2.611	0.1852
2.354	-0.3312	0.177
2.281	0.7124	0.1626
2.306	-2.199	0.1645
2.251	2.654	0.1623
2.368	2.364	0.1737
2.349	2.499	0.1703
2.36	2.764	0.1732
2.332	-1.641	0.1696
2.319	-3.089	0.1779
2.329	3.674	0.1662
2.355	3.304	0.171
2.379	-1.11	0.1698
2.441	4.047	0.1729
2.198	-2.984	0.1564
2.209	-4.073	0.146
2.234	-2.473	0.1593
2.257	-4.833	0.1586
2.223	-1.784	0.1517
2.243	-0.4299	0.1358
2.285	-1.326	0.132
2.502	3.964	0.1788
2.496	2.496	0.1767
2.37	-0.08153	0.1681
2.383	0.4243	0.1752
2.454	-1.301	0.1712
2.469	0.6692	0.1791
2.381	2.411	0.1671
2.142	-2.532	0.1304
2.185	-0.9297	0.1281
2.267	-1.265	0.129
2.284	-3.276	0.1374
2.258	-1.239	0.1494
2.242	-0.2431	0.1246
2.21	-2.481	0.09822
2.288	3.24	0.1559
2.253	3.977	0.1049
2.271	3.431	0.1321
2.346	2.608	0.1449
2.375	-1.861	0.1556
2.393	-2.559	0.1331
2.427	1.83	0.1622
2.221	3.457	0.06569
2.355	0.9641	0.1042
2.409	-2.828	0.1007
2.403	-0.3777	0.0691
2.604	3.059	0.1194
2.165	-2.019	0.1254
2.129	-0.8375	0.06152
2.404	-1.973	0.1589
2.496	-0.7879	0.159
2.364	3.595	0.1353
2.461	0.3898	0.126
2.194	-1.801	0.1159
2.248	4.17	-0.005945
2.263	3.665	0.003493
2.205	3.853	0.03132
2.071	-0.9398	0.079
2.138	-2.207	0.08756
2.188	3.451	-0.01697
2.295	1.823	0.03766
2.149	0.7931	0.08573
1.977	-0.6117	0.06797
1.769	-0.5777	0.001912
1.762	-2.038	0.005494
1.718	-4.111	-0.02698
2.334	1.035	0.1578
2.346	2.36	0.1458
2.169	3.096	0.1465
2.27	2.06	0.1395
2.289	3.609	0.1427
2.35	3.657	0.1366
2.214	0.9037	0.1211
2.286	-4.254	0.1433
2.247	-1.115	0.1303
2.274	-2.561	0.1394
2.122	0.8679	0.1283
1.811	0.4855	0.1064
2.158	1.995	0.1174
2.126	1.177	0.1062
1.426	-0.1922	0.06721
2.036	-0.4591	0.0979
2.23	2.475	0.1245
2.158	0.02462	0.1031
2.258	1.184	0.1317
2.175	-0.5152	0.1186
2.018	-1.317	0.09185
2.049	1.831	0.08665
1.722	0.09379	0.04659
1.977	1.027	0.09423
1.894	2.698	0.05865
1.68	-1.986	-0.01413
2.196	-2.66	0.1363
2.072	1.443	0.1398
2.244	0.8648	0.146
2.306	-0.1871	0.1374
2.301	0.6798	0.1377
2.201	1.469	0.1292
2.292	0.8403	0.1442
2.057	3.273	0.1462
2.146	2.096	0.1439
2.304	1.622	0.164
2.21	2.567	0.1538
2.059	0.6726	0.1475
2.12	0.6653	0.1496
2.039	-0.6461	0.1416
2.13	3.13	0.1268
2.166	2.088	0.1254
2.156	2.222	0.1362
2.062	2.334	0.1298
2.091	2.67	0.1319
2.155	3.103	0.1297
2.194	2.639	0.1318
2.192	1.046	0.1417
2.205	0.9902	0.1329
2.289	-2.642	0.1353
2.371	-2.519	0.1447
2.351	-2.658	0.1408
2.413	-1.132	0.1523
2.441	-4.157	0.1548
2.26	-0.7075	0.1582
2.361	2.487	0.1495
2.38	2.191	0.1564
2.363	-3.024	0.1605
2.382	0.6074	0.1609
2.222	3.906	0.1698
2.247	0.09289	0.1573
2.29	1.004	0.1707
2.366	3.056	0.177
2.438	2.314	0.1781
2.347	1.016	0.1681
2.285	-0.5107	0.1595
2.315	3.204	0.1663
2.368	3.758	0.1742
2.376	0.8701	0.1646
2.173	-0.5282	0.1581
2.211	3.46	0.1625
2.175	-1.645	0.1565
2.146	1.58	0.1604
2.19	0.3319	0.1623
2.441	-2.738	0.1614
2.442	-3.734	0.1553
2.325	2.696	0.1682
2.388	2.38	0.1659
2.431	1.651	0.1684
2.392	-1.756	0.1717
2.438	2.636	0.1674
2.153	2.41	0.1728
2.234	2.926	0.1746
2.215	-0.7613	0.1574
2.178	2.521	0.1659
2.154	1.9	0.1694
2.257	4.129	0.1677
2.102	3.594	0.1709
2.19	-4.346	0.1757
2.289	4.007	0.1759
2.236	-2.91	0.1751
2.088	3.008	0.1729
2.093	-0.4579	0.1729
2.13	0.1537	0.1762
2.405	3.011	0.1828
2.338	-1.045	0.1632
2.126	-4.282	0.1743
2.183	-4.737	0.1704
2.666	2.034	0.1649
2.503	-1.916	0.163
2.857	3.504	0.1731
2.958	2.472	0.1672
2.465	4.17	0.167
2.645	3.631	0.1708
2.621	2.48	0.1607
2.426	1.919	0.1583
2.563	-0.1946	0.1551
2.371	1.166	0.1607
2.451	2.307	0.1652
2.288	-2.463	0.1546
2.406	-1.409	0.1518
2.409	-1.734	0.1604
2.404	0.06547	0.1668
2.343	2.117	0.1798
2.575	0.9971	0.1764
2.418	-1.403	0.1625
2.311	-0.7353	0.1718
2.416	-3.537	0.1898
2.554	-0.7405	0.1904
2.345	-3.868	0.1823
2.499	-0.5176	0.1793
2.486	2.96	0.1745
2.439	2.934	0.141
2.87	1.146	0.1641
2.599	3.525	0.1843
2.547	-2.534	0.1474
2.395	0.2059	0.1306
2.494	-1.783	0.1444
2.369	3.02	0.1251
2.65	-0.02814	0.1898
2.786	1.382	0.1904
2.411	-0.4359	0.1755
2.449	1.93	0.1741
2.317	-1.348	0.1791
2.305	-2.91	0.1965
2.449	-1.767	0.1886
2.522	2.831	0.1946
2.418	0.8265	0.182
2.726	2.76	0.1942
2.528	0.5286	0.1894
2.469	2.89	0.1919
2.509	-2.307	0.1822
2.474	3.416	0.1767
2.439	-0.7559	0.1889
2.453	-0.7542	0.1881
2.419	-5.062	0.1809
2.447	-3.267	0.1651
2.405	-2.045	0.1649
2.638	2.952	0.153
2.715	3.057	0.1692
2.259	-1.59	0.1104
2.456	-2.22	0.1238
2.432	3.232	0.1253
2.37	1.938	0.1195
2.37	-4.664	0.1391
2.551	3.105	0.1773
2.448	-2.639	0.1328
2.378	-0.5497	0.1553
2.442	-0.6636	0.1774
2.468	-0.8064	0.1772
2.524	3.761	0.1758
2.655	2.431	0.159
2.545	-0.007506	0.1162
2.405	2.159	0.1205
2.28	3.3	0.1023
2.483	3.408	0.09606
2.6	0.1376	0.1014
2.522	1.73	0.1388
2.38	1.163	0.1786
2.718	1.076	0.13
2.769	1.675	0.1148
2.632	1.793	0.1401
2.632	0.6997	0.1398
2.575	0.1182	0.1697
2.435	-4.043	0.1591
2.373	-1.045	0.1504
2.485	-0.8225	0.1905
2.435	-2.979	0.1672
2.396	-2.047	0.1648
2.394	2.706	0.173
2.336	2.331	0.1689
2.475	-0.3785	0.2019
2.581	3.021	0.1921
2.465	1.69	0.1836
2.511	2.339	0.2031
2.438	1.876	0.1917
2.596	-0.9351	0.1934
2.571	1.626	0.1951
2.612	2.012	0.2013
2.505	-3.867	0.2073
2.394	0.6257	0.1848
2.548	-1.45	0.2062
2.589	2.773	0.2026
2.437	2.294	0.1949
2.566	3.023	0.1925
2.583	0.5256	0.1952
2.268	2.118	0.1461
2.321	4.01	0.1713
2.272	2.17	0.1557
2.255	3.553	0.1429
2.247	3.081	0.1464
2.579	1.511	0.2037
2.451	2.703	0.1863
2.595	1.262	0.167
2.573	-0.552	0.199
2.537	0.4569	0.1983
2.43	-1.342	0.1846
2.33	-0.7606	0.1907
2.278	-1.286	0.1664
2.275	1.551	0.1523
2.352	0.9949	0.1793
2.492	1.346	0.1834
2.259	-3.782	0.1699
2.274	-2.31	0.1592
2.1	-1.755	0.1516
2.174	-3.831	0.1596
2.108	-1.448	0.1467
1.983	1.756	0.1221
1.785	1.348	0.09876
1.686	0.7235	0.09874
2.161	-0.6236	0.1342
1.936	0.07369	0.1134
1.643	0.6049	0.07686
1.562	0.01999	0.07135
1.306	-0.3488	0.06623
2.469	-2.458	0.1525
2.347	-2.626	0.1489
2.617	1.614	0.1399
2.534	-1.153	0.1407
2.469	-4.298	0.1331
2.527	-0.05884	0.1481
2.385	-0.05289	0.1416
1.967	0.1384	0.09323
1.67	0.07015	0.07717
2.177	2.095	0.1233
2.278	-0.1976	0.1282
2.293	-0.2624	0.1343
1.96	0.4472	0.0973
1.596	-0.008538	0.07492
2.407	-1.884	0.1517
2.236	0.5812	0.1327
2.291	0.1016	0.1225
2.512	1.962	0.1468
2.452	2.371	0.1366
2.539	0.4766	0.1593
2.497	-3.568	0.1758
2.485	0.5705	0.1577
2.497	0.5672	0.1542
2.503	1.455	0.1651
2.455	-2.259	0.1662
2.464	-4.87	0.1601
2.619	1.327	0.1501
2.558	-1.317	0.1561
2.645	-3.05	0.1293
2.693	1.979	0.1492
2.656	1.763	0.1685
2.445	4.054	0.1508
2.431	-3.233	0.1577
2.484	1.435	0.1561
2.487	-0.8016	0.1618
2.522	1.675	0.1712
2.401	-2.45	0.1526
2.4	-1.287	0.1534
2.431	4.07	0.1547
2.363	2.01	0.1526
2.359	2.329	0.1498
2.618	2.153	0.1647
2.534	-2.503	0.1875
2.565	1.106	0.1406
2.571	1.989	0.1431
2.746	-0.6549	0.1385
2.686	-2.707	0.1493
2.75	-0.7306	0.1536
2.374	3.638	0.1402
2.482	-0.4933	0.1476
2.386	2.142	0.1409
2.39	2.852	0.1368
2.42	0.9745	0.1388
2.428	2.242	0.1544
2.426	2.379	0.1422
2.756	-0.2494	0.1565
2.629	-2.425	0.1498
2.726	2.177	0.1452
2.643	3.76	0.1446
2.442	1.241	0.1436
2.357	-1.19	0.1456
2.5	2.557	0.143
2.262	-0.2234	0.1584
2.335	4.108	0.1418
2.241	1.443	0.1392
2.27	4.407	0.1499
2.26	3.591	0.143
2.378	3.072	0.1649
2.36	3.108	0.1548
2.342	2.652	0.1613
2.281	3.144	0.1702
2.388	3.285	0.1895
2.552	2.639	0.1914
2.586	3.739	0.2041
2.502	2.162	0.162
2.43	4.254	0.155
2.497	-5.139	0.1703
2.479	-1.631	0.1794
2.499	4.692	0.1805
2.536	0.4889	0.1845
2.534	-1.424	0.1905
2.414	-1.434	0.1637
2.554	1.057	0.18
2.525	2.289	0.1867
2.501	-3.228	0.1923
2.568	-3.654	0.1913
2.358	3.408	0.1925
2.458	-3.636	0.1935
2.441	-3.37	0.1857
2.469	3.317	0.1799
2.415	2.811	0.1905
2.669	1.019	0.1989
2.78	3.432	0.1948
2.622	2.324	0.2001
2.507	1.698	0.1932
2.486	1.271	0.1887
2.669	1.396	0.1786
2.847	3.31	0.1884
2.895	-2.208	0.1874
2.528	-0.5891	0.1565
2.775	-1.696	0.194
2.757	2.17	0.197
2.641	-2.265	0.1919
2.653	-1.884	0.1881
2.392	2.423	0.1802
2.808	3.323	0.196
2.835	-1.567	0.1936
2.748	2.402	0.1891
2.385	0.8621	0.1804
2.655	2.965	0.1842
2.411	-1.259	0.1832
2.542	2.844	0.1786
2.697	2.162	0.1561
2.708	0.3498	0.1738
2.648	1.415	0.1932
2.731	1.843	0.1839
2.423	-0.08797	0.07839
2.632	2.479	0.126
1.715	-0.5496	0.01213
2.128	1.061	0.04327
2.182	-0.08575	0.1053
2.259	-2.561	0.1221
2.392	1.392	0.1434
2.797	-0.2907	0.1628
2.89	-0.8826	0.169
2.555	2.731	0.1704
2.576	0.349	0.1569
2.507	-3.898	0.1413
2.62	0.1852	0.1591
2.504	-1.975	0.1257
2.566	-3.799	0.1397
2.526	2.891	0.1502
2.362	2.225	0.1391
1.688	0.2091	-0.01739
2	0.232	0.04374
2.113	1.065	0.0119
2.318	0.5237	0.08835
2.169	-1.067	0.0606
2.109	-3.891	0.1077
2.312	1.176	0.1164
2.277	-1.726	0.108
2.633	-0.8843	0.1516
2.424	0.6655	0.1131
2.491	-1.769	0.1626
2.606	-5.561	0.1796
2.749	-2.802	0.1679
2.797	4.959	0.1442
2.49	1.965	0.1179
2.462	-1.437	0.1216
2.553	2.13	0.1202
2.704	3.461	0.1354
2.687	2.013	0.1379
2.408	2.7	0.1278
2.488	1.619	0.1314
2.355	4.099	0.1302
1.604	-0.198	-0.01908
1.491	-0.08658	0.02822
1.542	0.149	0.001814
1.683	1.18	-0.007252
1.686	0.6082	0.005865
1.28	-0.3756	0.06227
1.343	-0.2983	0.04205
1.317	-0.2902	0.08023
1.252	-0.4017	0.05814
1.348	-0.3018	0.04445
1.447	-0.07666	0.01834
1.94	0.2387	0.05431
1.353	-0.2533	0.02853
1.382	-0.217	0.03427
1.454	-0.1538	0.05267
2.087	-0.8212	0.0968
1.788	0.5235	0.07804
2.283	1.771	0.12
1.962	0.628	0.1579
2.299	-2.278	0.1795
2.21	-1.307	0.1403
2.218	-2.597	0.1859
2.223	-4.905	0.1467
2.223	-0.4172	0.1597
2.179	2.176	0.1561
2.333	1.398	0.159
2.42	-0.6626	0.1166
2.237	1.125	0.1543
1.486	-0.4233	-0.03437
2.484	2.602	0.2161
2.229	-2.533	0.1424
2.107	-4.563	0.1856
2.292	-5.513	0.1675
2.197	0.5691	0.1632
2.156	-2.956	0.125
2.042	1.47	0.06849
2.15	2.957	0.1411
2.327	2.59	0.1352
0.8384	0.3021	0.01801
2.177	1.056	0.1274
2.446	-0.8894	0.1509
2.501	2.523	0.1582
2.132	-1.236	0.1449
2.277	1.036	0.1801
2.532	1.27	0.2024
2.344	3.281	0.1969
2.42	2.866	0.149
2.341	2.741	0.1599
2.302	-3.428	0.1107
2.551	-0.1818	0.1876
2.539	-4.151	0.175
2.363	0.3848	0.1485
1.132	0.3214	0.09315
2.161	-1.767	0.162
2.254	-0.3029	0.1672
2.278	-2.796	0.1344
2.619	3.074	0.1916
2.432	3.079	0.2008
2.106	-2.738	0.1245
2.14	-0.9795	0.04615
2.197	-0.95	0.1214
2.264	-2.509	0.155
2.216	-4.441	0.1354
2.147	1.889	0.1671
2.216	2.373	0.2017
2.19	3.107	0.1729
2.394	4.042	0.1794
2.192	-2.668	0.1804
2.406	3.4	0.1885
2.133	-5.548	0.1425
2.199	1.135	0.1277
2.145	-0.8477	0.1855
2.26	2.196	0.151
2.207	-2.905	0.1529
2.234	-2.627	0.1324
2.308	1.984	0.1766
2.275	4.036	0.135
2.421	-0.1206	0.2032
2.292	-0.03318	0.1395
2.017	-2.1	0.04746
1.841	-0.6934	0.04079
1.804	-3.173	0.02269
1.638	1.614	0.005874
2.113	1.458	0.1385
2.312	2.219	0.1247
2.182	0.3782	0.1497
1.302	1.193	0.1011
2.087	-1.148	0.09316
2.043	1.854	0.06941
1.183	0.6575	-0.008548
2.373	0.2118	0.1386
2.279	-2.781	0.1513
2.144	1.613	0.1446
2.138	1.318	0.1259
2.293	3.151	0.1205
2.274	-0.6923	0.1318
2.219	2.574	0.1373
2.312	2.563	0.1535
2.208	1.009	0.1599
2.269	-1.705	0.1608
2.169	3.707	0.1508
2.095	1.755	0.1413
2.085	-2.626	0.1844
2.245	-1.855	0.1736
2.27	0.8078	0.1417
2.035	1.79	0.1508
2.063	-3.012	0.176
2.33	2.018	0.1558
2.497	1.827	0.1572
2.465	1.992	0.1595
2.323	-1.824	0.1577
2.254	-0.02177	0.1564
2.242	-3.009	0.1942
2.331	3.729	0.19
2.237	-3.576	0.1881
2.217	0.5263	0.1323
2.327	-4.234	0.1833
2.686	-0.7025	0.1765
2.563	2.908	0.1845
2.331	0.1701	0.1828
2.367	0.4136	0.1617
2.212	1.631	0.1184
2.268	0.02356	0.1364
2.241	3.928	0.1562
2.366	1.783	0.1505
2.418	0.00951	0.1009
2.73	2.351	0.1256
2.276	3.907	0.1093
2.452	1.374	0.1683
2.274	0.8437	0.1583
2.677	-1.277	0.1237
2.389	-2.099	0.1437
2.496	1.468	0.1481
2.347	1.613	0.1706
2.542	-1.18	0.1398
2.572	-1.502	0.1912
2.407	-0.9041	0.1642
2.149	-0.4589	0.169
2.032	-0.2773	0.1484
1.323	1.074	0.1514
2.659	-2.003	0.1227
2.599	2.328	0.1378
2.054	-1.457	0.129
2.37	1.756	0.1551
1.905	0.8321	0.1127
2.386	1.642	0.1647
2.179	-5.639	0.1711
2.532	-0.3128	0.1595
2.231	4.231	0.1599
2.125	1.739	0.1548
2.295	3.861	0.1291
2.287	-3.778	0.1602
2.138	-0.9701	0.1622
2.312	2.196	0.156
2.705	1.299	0.1468
2.621	3.055	0.1643
2.497	2.734	0.1233
2.424	2.909	0.1993
2.527	3.12	0.1974
2.282	2.529	0.1933
2.393	-3.424	0.1911
2.253	0.8487	0.1891
2.459	-1.853	0.2207
2.379	-0.02749	0.2077
2.455	-0.6103	0.1866
2.505	-2.008	0.1979
2.371	2.037	0.1882
2.363	2.9	0.1999
1.839	-2.162	0.07056
1.984	2.493	0.1233
2.225	-0.9363	0.1697
2.325	1.588	0.134
1.868	1.355	-0.00782
2.163	-1.537	0.1014
2.244	-2.088	0.1572
2.408	1.418	0.1365
2.536	0.2239	0.1098
1.068	0.2651	-0.005739
0.7664	-0.1805	0.04722
1.495	0.7495	0.05509
2.204	-3.896	0.1261
2.206	-3.963	0.1202
2.232	-3.593	0.1387
2.214	-3.217	0.127
2.233	-2.499	0.1493
2.213	-2.228	0.1283
2.245	-3.433	0.1335
2.303	-1.792	0.1617
2.271	-4.806	0.1432
2.199	2.91	0.1607
2.143	3.113	0.1714
2.254	2.902	0.1658
2.252	-2.64	0.1982
2.355	3.296	0.2142
2.142	-3.177	0.1914
2.067	-2.98	0.1802
2.096	-2.399	0.19
2.089	-0.6257	0.1736
2.389	0.9763	0.1731
2.395	-0.9728	0.1785
2.323	1.736	0.1682
2.304	4.528	0.1751
2.158	-1.133	0.1713
2.423	3.475	0.1815
2.363	-1.484	0.1816
2.151	-5.235	0.182
2.244	0.9084	0.1769
2.3	3.105	0.1841
2.207	-1.584	0.1848
2.269	1.669	0.1895
2.153	-2.099	0.1412
2.177	-3.31	0.1272
2.133	-1.166	0.1518
2.144	-4.686	0.1489
2.151	-2.187	0.1331
2.216	-0.6314	0.1223
2.261	-2.892	0.1232
2.202	3.911	0.1817
2.211	3.621	0.1803
2.201	1.369	0.1675
2.195	0.6226	0.1746
2.263	-1.331	0.1687
2.182	-0.8976	0.1801
2.233	1.778	0.1535
2.191	-1.256	0.0937
2.223	-2.635	0.1142
2.27	-2.662	0.1225
2.254	-3.77	0.1344
2.179	-1.966	0.1386
2.257	0.452	0.1242
2.195	0.1733	0.1247
2.178	3.62	0.1593
2.219	4.047	0.1587
2.187	3.237	0.1576
2.187	1.503	0.1682
2.345	1.352	0.2003
2.491	1.695	0.1911
2.532	2.428	0.2159
2.147	3.44	0.1537
2.391	2.493	0.1708
2.445	0.8967	0.1808
2.278	-0.1741	0.1567
2.294	-1.064	0.1863
2.215	-1.191	0.09149
2.109	-3.523	0.09852
2.263	-1.591	0.1491
2.35	-4.273	0.1482
2.259	0.2452	0.103
2.234	2.136	0.1105
2.016	1.371	0.04554
2.061	3.389	0.1168
2.073	3.843	0.1021
2.046	-0.8706	0.1167
1.889	-2.829	0.02978
1.859	-0.3078	0.003934
1.748	0.5723	0.02998
2.002	3.356	0.08895
1.905	-3.853	0.03877
1.695	-3.292	-0.02175
1.561	-4.768	-0.03744
1.444	-1.508	-0.03071
1.484	-1.787	-0.03893
2.137	1.927	0.1453
2.179	2.592	0.1375
2.223	4.233	0.1365
2.337	-0.3578	0.1365
2.224	1.404	0.1373
2.243	3.408	0.1295
2.242	0.5774	0.1058
2.293	-3.914	0.1352
2.156	-1.375	0.1286
2.308	1.173	0.1256
2.052	0.687	0.1337
1.874	0.2499	0.1432
2.03	1.121	0.1256
1.756	0.205	0.1086
0.8566	0.1519	0.04654
1.478	-0.1773	0.0779
2.252	2.367	0.0993
2.127	0.1729	0.07858
2.319	-1.325	0.116
2.017	0.6519	0.07738
1.355	-1.077	0.03672
1.912	-0.1638	0.04726
1.092	0.4906	0.003434
1.445	-0.4875	0.01409
1.543	-0.3288	0.002685
1.331	-2.009	-0.03638
2.219	-0.7291	0.1484
2.087	-0.3538	0.1596
2.333	-2.56	0.1379
2.317	-1.622	0.1386
2.35	-3.161	0.1431
2.439	1.866	0.1419
2.422	1.638	0.1625
2.109	4.462	0.1336
2.269	3.399	0.1341
2.127	2.58	0.1511
2.112	0.2231	0.1399
2.125	1.982	0.1322
2.175	-1.132	0.1349
2.119	1.41	0.1195
2.392	3.062	0.1331
2.371	0.9102	0.1328
2.319	0.2686	0.1328
2.192	3.521	0.1199
2.165	2.524	0.1177
2.24	3.797	0.1271
2.359	1.869	0.1433
2.246	1.835	0.13
2.234	-2.495	0.1197
2.212	2.169	0.1305
2.223	-4.271	0.1404
2.213	2.423	0.1356
2.251	-0.3516	0.144
2.215	1.258	0.1516
2.274	-3.346	0.1445
2.284	2.578	0.1413
2.264	2.156	0.151
2.355	-0.6764	0.1557
2.293	-3.618	0.1681
2.196	2.32	0.1472
2.233	1.541	0.1454
2.169	1.434	0.1641
2.199	3.169	0.1748
2.208	3.354	0.1739
2.268	-0.9233	0.1569
2.328	2.919	0.1508
2.281	3.092	0.1522
2.194	3.574	0.1613
2.178	3.358	0.1571
2.192	3.265	0.1444
2.368	2.886	0.1502
2.121	-0.9817	0.1465
2.112	-2.844	0.1432
2.153	0.8986	0.1415
2.19	2.224	0.1658
2.223	-1.881	0.1558
2.29	-0.07991	0.1708
2.197	-0.174	0.1764
2.131	2.927	0.1793
2.147	3.396	0.1859
2.205	2.136	0.1752
2.054	-1.868	0.138
2.298	3.193	0.1574
2.238	-1.081	0.1414
2.155	3.41	0.1391
2.057	3.269	0.1358
2.196	3.935	0.1392
1.972	2.912	0.1464
2.041	-3.186	0.1815
2.139	3.188	0.1896
2.093	-3.339	0.1685
2.011	1.462	0.1621
1.988	0.3714	0.1557
2.161	-0.1533	0.1874
2.232	3.47	0.1853
2.116	-1.634	0.1472
2.117	-4.784	0.1621
2.369	0.3184	0.157
2.287	-2.526	0.1668
2.313	-4.974	0.1621
2.371	3.674	0.1651
2.271	3.444	0.1524
2.486	-0.3554	0.1523
2.513	1.119	0.1607
2.506	-3.316	0.158
2.312	2.161	0.1878
2.408	3.37	0.1999
2.312	1.485	0.1443
2.41	2.52	0.1463
2.252	-1.848	0.1404
2.21	-3.302	0.1465
2.272	-3.299	0.1658
2.301	1.49	0.1778
2.307	-1.264	0.1932
2.358	3.077	0.1587
2.277	-1.456	0.1707
2.258	-5.056	0.181
2.424	1.852	0.1998
2.498	2.423	0.1969
2.337	-2.548	0.1912
2.373	3.241	0.1922
2.252	-0.6966	0.1867
2.216	-4.399	0.1356
2.225	1.102	0.1334
2.276	2.37	0.194
2.189	-0.3148	0.1939
2.19	-5.414	0.1658
2.314	-1.617	0.1786
2.208	0.07823	0.1454
2.377	-3.874	0.1814
2.343	-2.929	0.1888
2.277	-0.886	0.1861
2.343	-1.15	0.1826
2.295	-4.809	0.1778
2.301	1.387	0.1975
2.328	-2.531	0.1856
2.77	-2.258	0.1781
2.672	-3.56	0.1701
2.539	2.845	0.1815
2.657	0.5096	0.1785
2.413	2.915	0.1922
2.434	1.336	0.1811
2.495	-1.705	0.1586
2.429	3.598	0.1903
2.363	3.447	0.1885
2.297	-2.578	0.1763
2.224	-0.5305	0.1613
2.252	-0.2094	0.1642
2.223	3.651	0.1288
2.229	3.128	0.1488
2.218	1.472	0.1304
2.206	2.564	0.1256
2.22	2.077	0.1171
2.222	3.546	0.118
2.276	-0.3159	0.1192
2.394	-0.6978	0.1551
2.394	2.945	0.1493
2.233	-0.7287	0.1583
2.286	1.594	0.1571
2.311	2.421	0.1566
2.264	4.33	0.1575
2.349	4.129	0.1543
2.306	-2.048	0.1028
2.301	2.257	0.1086
2.263	4.38	0.1276
2.339	-0.6852	0.1284
2.489	2.139	0.1277
2.342	3.995	0.1018
2.263	3.044	0.1097
2.647	1.047	0.1475
2.59	2.827	0.1203
2.408	1.834	0.1056
2.48	0.4754	0.1091
2.372	0.2941	0.1136
2.273	0.7671	0.1542
2.222	1.354	0.1442
2.329	-3.336	0.1734
2.262	0.1852	0.1617
2.344	-0.5486	0.1606
2.54	2.601	0.1781
2.404	2.763	0.1661
2.627	0.8849	0.1538
2.394	2.185	0.1742
2.389	-5.591	0.1495
2.518	-2.09	0.1289
2.489	0.2174	0.1226
2.39	2.898	0.171
2.429	3.631	0.1666
2.572	-2.416	0.1679
2.468	2.171	0.1332
2.348	0.1699	0.1225
2.398	-0.9268	0.1469
2.516	1.25	0.1739
2.355	4.052	0.1235
2.413	2.483	0.1254
2.461	0.9393	0.1243
2.203	0.244	0.1442
2.435	2.804	0.1833
2.288	3.448	0.1638
2.266	3.646	0.1547
2.36	1.804	0.1606
2.567	-1.446	0.1612
2.502	2.794	0.1931
2.526	-1.36	0.1275
2.516	0.155	0.1348
2.535	1.018	0.1507
2.529	-1.671	0.1499
2.576	-2.858	0.177
2.379	1.791	0.1737
2.44	-0.3028	0.1657
2.413	-0.7403	0.1883
2.479	-1.654	0.1845
2.575	-0.4797	0.1795
2.373	-0.49	0.1554
2.526	0.5162	0.1677
2.395	0.3209	0.1744
2.202	-2.636	0.168
2.001	-0.05419	0.1629
1.783	0.5811	0.1698
1.769	0.9487	0.1573
2.439	-0.621	0.1576
2.134	-0.101	0.1642
1.745	2.604	0.1598
1.595	1.35	0.1247
1.114	0.4489	0.1198
2.562	-4.057	0.1392
2.526	-3.961	0.1524
2.52	1.385	0.115
2.598	-2.026	0.1235
2.615	-1.651	0.1233
2.614	0.5441	0.1446
2.509	-2.363	0.1379
1.992	-0.6947	0.1321
1.73	1.135	0.1056
2.424	2.047	0.1418
2.36	-0.6143	0.1371
2.198	-3.242	0.1451
1.95	-0.02696	0.1199
1.493	0.8752	0.08763
2.275	-3.028	0.161
2.125	-0.4564	0.1456
2.183	-0.4724	0.1365
2.4	2.736	0.1562
2.32	2.683	0.1411
2.381	1.928	0.1681
2.246	-3.893	0.1803
2.424	-0.8537	0.1667
2.458	1.6	0.165
2.284	-1.962	0.1701
2.244	0.6428	0.1716
2.146	-5.151	0.1571
2.788	-1.815	0.1565
2.518	2.165	0.1587
2.745	2.907	0.1284
2.741	-0.3985	0.1529
2.436	0.8236	0.1575
2.285	3.643	0.1624
2.237	-3.322	0.1673
2.405	0.7456	0.1645
2.344	-0.5244	0.1613
2.274	1.346	0.1583
2.236	-3.436	0.1606
2.122	-2.148	0.1584
2.222	3.643	0.1575
2.237	-1.586	0.1577
2.142	4.433	0.1509
2.172	1.9	0.1434
2.247	-5.247	0.1802
2.178	-1.755	0.1423
2.126	2.741	0.1372
2.202	1.697	0.1417
2.299	-1.307	0.1319
2.303	-3.594	0.1498
2.125	4.546	0.1538
2.183	2.339	0.1592
2.162	2.921	0.1513
2.116	2.861	0.1493
2.21	3.41	0.1545
2.159	3.499	0.1737
2.464	2.612	0.1606
2.459	2.702	0.1266
2.361	-2.694	0.1384
2.381	2.36	0.1392
2.546	2.313	0.148
2.886	5.1	0.1475
2.595	0.3343	0.1437
2.358	1.885	0.13
2.421	4.302	0.165
2.989	2.21	0.1465
2.747	7.301	0.135
2.487	3.664	0.1548
2.34	-0.3849	0.1426
2.351	1.063	0.1815
2.473	3.033	0.1841
2.243	3.458	0.1781
2.331	0.7186	0.1817
2.35	-0.948	0.2013
2.533	1.418	0.201
2.57	3.183	0.1992
2.172	3.517	0.1805
2.21	2.76	0.1792
2.236	-3.943	0.1703
2.387	-0.6362	0.1857
2.506	2.539	0.1963
2.448	-3.156	0.201
2.518	0.04498	0.1942
2.338	-3.327	0.1972
2.39	1.186	0.1997
2.384	2.361	0.1918
2.507	-3.523	0.1888
2.542	1.628	0.1888
2.346	2.279	0.1889
2.381	-2.028	0.1909
2.199	-3.387	0.1896
2.523	-0.3904	0.2186
2.421	1.425	0.2111
2.425	0.1379	0.2139
2.544	2.124	0.2131
2.495	2.608	0.2162
2.236	5.092	0.2005
2.173	2.34	0.1905
2.472	1.408	0.1908
2.423	3.275	0.1961
2.581	3.431	0.2037
2.502	3.546	0.1781
2.451	-1.815	0.1906
2.494	-2.795	0.1885
2.56	-0.5617	0.1825
2.354	-2.523	0.1934
2.163	1.618	0.1874
2.592	1.127	0.2073
2.605	2.841	0.2002
2.652	2.628	0.1899
2.194	-0.4654	0.1865
2.274	3.627	0.1881
2.175	-3.042	0.1893
2.453	2.24	0.2194
2.217	2.713	0.184
2.387	1.029	0.2097
2.399	0.9359	0.2162
2.353	1.172	0.1917
1.856	0.5808	0.06856
1.959	0.3632	0.1286
1.62	1.769	0.01584
1.662	2.24	0.02106
1.908	-2.551	0.093
2.008	-4.176	0.1052
2.003	0.2594	0.1231
2.295	0.06953	0.1707
2.319	-2.631	0.182
2.27	-2.062	0.1663
2.126	-0.2486	0.1465
2.107	1.362	0.1411
2.414	-2.144	0.1776
2.282	1.862	0.1308
2.369	0.714	0.158
2.405	-1.269	0.1618
2.288	2.855	0.1433
1.642	-0.07534	-0.0177
1.78	-0.1545	0.03964
2.073	2.726	-0.004602
2.108	-0.4776	0.08454
1.953	-0.415	0.05719
1.996	-2.66	0.09036
2.136	-4.687	0.1077
2.192	-1.655	0.1113
2.279	-5.183	0.144
2.241	-1.783	0.1149
2.274	-0.8266	0.1727
2.267	-5.414	0.1723
2.344	-3.908	0.1607
2.449	2.663	0.1386
2.303	-0.2975	0.1087
2.402	-1.611	0.114
2.345	2.261	0.1141
2.566	2.444	0.1269
2.421	2.889	0.1224
2.523	-2.191	0.1242
2.448	2.421	0.1204
2.424	1.408	0.1367
1.517	1.354	-0.0382
0.8545	0.08446	0.002727
1.138	0.6037	-0.01875
1.6	1.475	-0.02036
1.588	1.337	-0.006729
0.6943	-0.146	0.05899
0.7359	-0.1592	0.02534
1.167	0.6772	0.1198
0.7623	-0.1002	0.08202
0.8552	-0.07534	0.07024
1.184	0.2324	0.0184
2.016	-1.873	0.03673
0.8746	-0.03994	0.02268
1.019	0.087	0.04544
1.166	0.2223	0.07114
2.102	-0.7663	0.1008
1.684	1.018	0.08371
2.199	0.9456	0.1306
